0
1
2
3
4
5
6
7
8
9
10
11
12
13
14
15
16
17
18
19
20
21
22
23
24
25
26
27
28
29
30
31
32
33
34
35
36
37
38
39
40
41
42
43
44
45
46
47
48
49
50
51
52
53
54
55
56
57
58
59
60
61
62
63
64
65
66
67
68
69
70
71
72
73
74
75
76
77
78
79
80
81
82
83
84
85
86
87
88
89
90
91
92
93
94
95
96
97
98
99
100
101
102
103
104
105
106
107
108
109
110
111
112
113
114
115
116
117
118
119
120
121
122
123
124
125
126
127
128
129
130
131
132
133
134
135
136
137
138
139
140
141
142
143
144
145
146
147
148
149
150
151
152
153
154
155
156
157
158
159
160
161
162
163
164
165
166
167
168
169
170
171
172
173
174
175
176
177
178
179
180
181
182
183
184
185
186
187
188
189
190
191
192
193
194
195
196
197
198
199
200
201
202
203
204
205
206
207
208
209
210
211
212
213
214
215
216
217
218
219
220
221
222
223
224
225
226
227
228
229
230
231
232
233
234
235
236
237
238
239
240
241
242
243
244
245
246
247
248
249
250
251
252
253
254
255
256
257
258
259
260
261
262
263
264
265
266
267
268
269
270
271
272
273
274
275
276
277
278
279
280
281
282
283
284
285
286
287
288
289
290
291
292
293
294
295
296
297
298
299
300
301
302
303
304
305
306
307
308
309
310
311
312
313
314
315
316
317
318
319
320
321
322
323
324
325
326
327
328
329
330
331
332
333
334
335
336
337
338
339
340
341
342
343
344
345
346
347
348
349
350
351
352
353
354
355
356
357
358
359
360
361
362
363
364
365
366
367
368
369
370
371
372
373
374
375
376
377
378
379
380
381
382
383
384
385
386
387
388
389
390
391
392
393
394
395
396
397
398
399
400
401
402
403
404
405
406
407
408
409
410
411
412
413
414
415
416
417
418
419
420
421
422
423
424
425
426
427
428
429
430
431
432
433
434
435
436
437
438
439
440
441
442
443
444
445
446
447
448
449
450
451
452
453
454
455
456
457
458
459
460
461
462
463
464
465
466
467
468
469
470
471
472
473
474
475
476
477
478
479
480
481
482
483
484
485
486
487
488
489
490
491
492
493
494
495
496
497
498
499
500
501
502
503
504
505
506
507
508
509
510
511
512
513
514
515
516
517
518
519
520
521
522
523
524
525
526
527
528
529
530
531
532
533
534
535
536
537
538
539
540
541
542
543
544
545
546
547
548
549
550
551
552
553
554
555
556
557
558
559
560
561
562
563
564
565
566
567
568
569
570
571
572
573
574
575
576
577
578
579
580
581
582
583
584
585
586
587
588
589
590
591
592
593
594
595
596
597
598
599
600
601
602
603
604
605
606
607
608
609
610
611
612
613
614
615
616
617
618
619
620
621
622
623
624
625
626
627
628
629
630
631
632
633
634
635
636
637
638
639
640
641
642
643
644
645
646
647
648
649
650
651
652
653
654
655
656
657
658
659
660
661
662
663
664
665
666
667
668
669
670
671
672
673
674
675
676
677
678
679
680
681
682
683
684
685
686
687
688
689
690
691
692
693
694
695
696
697
698
699
700
701
702
703
704
705
706
707
708
709
710
711
712
713
714
715
716
717
718
719
720
721
722
723
724
725
726
727
728
729
730
3 2406.16748046875 267.33056640625 2558.39306640625 387.62957763671875 
731
732
733
734
735
736
737
738
739
740
741
3 2481.432861328125 142.0048370361328 2559.125732421875 272.2430114746094 
742
3 2459.44873046875 135.61325073242188 2551.87646484375 265.05816650390625 
743
3 2436.80419921875 129.92071533203125 2524.928466796875 256.5916442871094 
744
3 2415.163330078125 120.34820556640625 2500.596435546875 250.91363525390625 
745
3 2393.04150390625 119.00961303710938 2477.540283203125 236.75772094726562 
746
3 2372.016845703125 109.29179382324219 2452.8173828125 227.6717529296875 
747
3 2352.203369140625 103.32742309570312 2427.1142578125 218.4044189453125 
748
3 2329.957275390625 95.89653015136719 2401.6279296875 212.01678466796875 
749
3 2307.47412109375 92.46627807617188 2377.1923828125 207.09786987304688 
750
3 2284.74853515625 83.41187286376953 2352.212890625 200.55014038085938 
751
3 2261.680908203125 80.62109375 2329.575439453125 197.51466369628906 
752
3 2234.83056640625 76.24618530273438 2302.56494140625 193.35064697265625 
753
3 2213.350830078125 70.69832611083984 2277.332763671875 186.5741424560547 
754
755
3 2159.996337890625 55.762977600097656 2232.82080078125 173.77938842773438 
756
3 2134.626708984375 50.265777587890625 2203.2919921875 166.2738494873047 
757
3 2108.741455078125 48.036407470703125 2175.738037109375 160.99778747558594 
758
3 2084.224853515625 42.49560546875 2151.4443359375 156.28775024414062 
759
3 2058.490966796875 34.782440185546875 2125.6142578125 153.07296752929688 
760
3 2033.58740234375 33.940826416015625 2099.75830078125 140.10169982910156 
761
3 2009.8927001953125 28.67597198486328 2073.2685546875 138.01797485351562 
762
3 1986.427490234375 22.267425537109375 2046.60693359375 135.949951171875 
763
3 1961.8511962890625 20.909202575683594 2020.9898681640625 133.6817626953125 
764
3 1937.72998046875 12.774734497070312 1997.427001953125 125.0723876953125 
765
3 1913.21240234375 12.634475708007812 1970.3074951171875 122.05520629882812 
766
3 1890.5255126953125 9.725975036621094 1947.6995849609375 119.26812744140625 
767
3 1866.7318115234375 3.4075927734375 1925.218994140625 115.71656799316406 
768
3 1846.1907958984375 3.259307861328125 1900.02685546875 111.80746459960938 
769
3 1822.43017578125 0.7737388610839844 1876.2802734375 110.01715087890625 
770
3 1798.111328125 0.8822479248046875 1851.2281494140625 106.24171447753906 
771
3 1772.447509765625 0.0 1825.6292724609375 101.15011596679688 
772
3 1743.3470458984375 0.907440185546875 1805.306396484375 99.29135131835938 
773
3 1712.95361328125 1.2223320007324219 1780.869140625 98.09098815917969 
774
3 1688.7520751953125 1.0897979736328125 1762.2344970703125 94.78213500976562 
775
3 1662.8807373046875 1.0901412963867188 1736.5860595703125 93.65924072265625 
776
3 1639.941650390625 1.010498046875 1711.1231689453125 91.25018310546875 
777
3 1614.7421875 1.5734977722167969 1683.3148193359375 86.08333587646484 
778
3 1591.746826171875 0.0 1680.6153564453125 87.94835662841797 
3 1591.7647705078125 0.797149658203125 1654.3316650390625 87.11663055419922 
779
3 1568.1680908203125 0.0 1623.8431396484375 81.79312896728516 
780
3 1541.42724609375 0.0 1595.8465576171875 78.46244812011719 
781
3 1514.353759765625 0.0 1567.808349609375 75.29874420166016 
3 1513.38525390625 0.7914581298828125 1598.9913330078125 75.73179626464844 
782
783
3 1427.0797119140625 0.12591552734375 1508.76904296875 69.86083221435547 
784
3 1394.36376953125 0.0664215087890625 1508.7103271484375 69.08433532714844 
785
3 1367.99609375 0.0 1476.360595703125 66.64151000976562 
786
3 1336.918701171875 0.0 1452.6927490234375 64.859375 
787
3 1306.9600830078125 0.0 1420.8394775390625 64.52180480957031 
788
3 1285.114501953125 0.2837257385253906 1373.7381591796875 62.93633270263672 
789
3 1250.293701171875 0.0 1350.7880859375 63.294349670410156 
790
791
792
793
794
3 1079.4345703125 0.0 1127.984375 66.12129211425781 
795
796
797
3 968.1762084960938 0.0 1018.6929931640625 70.75568389892578 
798
3 929.5371704101562 0.0 979.1265258789062 71.56512451171875 
799
3 890.683837890625 0.0 941.461669921875 74.53309631347656 
800
3 851.7689819335938 0.0 904.770751953125 79.06385803222656 
801
3 811.9781494140625 0.0 865.2163696289062 83.1798324584961 
802
3 771.8228149414062 0.0 828.3130493164062 87.53722381591797 
803
3 733.2540893554688 0.35536956787109375 784.711181640625 91.38655853271484 
804
3 694.5973510742188 0.0 753.9177856445312 95.81044006347656 
805
3 655.2763061523438 0.9788436889648438 709.8004760742188 99.53317260742188 
806
3 615.5989379882812 1.9640693664550781 680.5147705078125 104.43069458007812 
807
808
3 537.2492065429688 12.550270080566406 580.2061157226562 115.79638671875 
809
3 487.6990661621094 17.03186798095703 568.07958984375 122.1964111328125 
810
3 454.2132568359375 28.315460205078125 503.0475158691406 131.04022216796875 
811
3 411.4873962402344 35.02228546142578 461.4560241699219 138.3962860107422 
812
3 370.5411376953125 44.704132080078125 424.51971435546875 147.727783203125 
813
3 331.66058349609375 53.44157409667969 383.3887939453125 156.3677978515625 
814
3 292.9592590332031 57.88739776611328 348.6725158691406 167.521484375 
815
3 252.6455078125 69.00028991699219 312.6868896484375 176.51698303222656 
816
3 216.5658721923828 82.22523498535156 274.5479736328125 186.11441040039062 
817
3 174.67477416992188 86.17408752441406 240.94906616210938 196.2401123046875 
818
3 139.5843505859375 94.31314086914062 207.44967651367188 204.216552734375 
819
3 104.9090576171875 114.68304443359375 173.4516143798828 215.0689697265625 
820
3 71.16845703125 116.40199279785156 143.21929931640625 226.46923828125 
821
3 37.22914123535156 130.9108428955078 110.61239624023438 235.469482421875 
822
3 8.350582122802734 143.50552368164062 77.8473129272461 246.35882568359375 
823
3 0.019117355346679688 159.1313018798828 48.57660675048828 255.19366455078125 
824
825
826
827
828
829
830
831
832
833
834
835
836
837
838
839
