0
1
2
3
4
5
6
7
8
9
10
11
12
13
14
15
16
17
18
19
20
21
22
23
24
25
26
27
28
29
30
31
32
33
34
35
36
37
38
39
40
41
42
43
44
45
46
47
48
49
50
51
52
53
54
55
56
57
58
59
60
61
62
63
64
65
66
67
68
69
70
71
72
73
74
75
76
77
78
79
80
81
82
83
84
85
86
87
88
89
90
91
92
93
94
95
96
97
98
99
100
101
102
103
104
105
106
107
108
109
110
111
112
113
114
115
116
117
118
119
120
121
122
123
124
125
126
127
128
129
130
131
132
133
134
135
136
137
3 0.23276519775390625 632.8092041015625 134.93626403808594 911.3278198242188 
138
139
140
3 0.19098663330078125 620.1160888671875 146.07293701171875 896.509765625 
141
3 0.17279052734375 618.61083984375 152.08602905273438 895.8881225585938 
142
3 0.146728515625 610.1043701171875 153.93072509765625 899.35693359375 
143
144
3 0.1986083984375 609.489013671875 157.505615234375 776.5003662109375 
145
3 0.22914886474609375 602.859130859375 161.14910888671875 882.901123046875 
146
3 0.2949676513671875 603.5908813476562 165.3271484375 880.8408203125 
3 0.0 604.8848266601562 160.74441528320312 767.2890014648438 
147
3 0.23218154907226562 603.0794067382812 170.07943725585938 873.0326538085938 
148
3 0.2206573486328125 604.5831298828125 170.695068359375 876.5108642578125 
149
3 0.3206329345703125 604.37548828125 169.87974548339844 874.0567626953125 
150
3 0.2721405029296875 602.881103515625 167.55958557128906 875.3494873046875 
151
152
153
154
3 0.20862960815429688 603.205322265625 164.75723266601562 876.0691528320312 
155
3 0.015045166015625 604.7051391601562 158.23887634277344 780.340087890625 
156
3 0.0 604.50048828125 155.4324493408203 782.363037109375 
157
158
3 0.322540283203125 605.6912231445312 156.91867065429688 782.2478637695312 
159
3 0.6263427734375 605.9818115234375 155.8652801513672 778.7569580078125 
160
3 0.1348724365234375 606.654052734375 158.08502197265625 879.1583862304688 
161
3 0.3284187316894531 605.2503662109375 157.34518432617188 783.346435546875 
3 0.6037368774414062 605.5980224609375 155.74900817871094 783.5664672851562 
162
3 0.24998092651367188 604.96630859375 158.41644287109375 783.710205078125 
163
3 0.640289306640625 604.3427734375 153.76031494140625 779.5069580078125 
164
3 0.1422119140625 603.5538330078125 157.3096466064453 783.9571533203125 
165
3 0.0556488037109375 603.8464965820312 162.11489868164062 879.60791015625 
166
3 0.23283767700195312 598.61962890625 161.89903259277344 885.4354248046875 
167
168
3 0.4542999267578125 598.20849609375 169.92959594726562 881.5821533203125 
169
3 0.427276611328125 593.5362548828125 174.1787109375 877.4464721679688 
170
3 0.28409576416015625 591.8921508789062 179.08929443359375 874.8453369140625 
171
3 0.4532470703125 590.7540283203125 177.07118225097656 867.255615234375 
172
173
3 0.324371337890625 587.1121215820312 185.8809814453125 866.3658447265625 
174
3 0.3464508056640625 581.6679077148438 190.7873992919922 861.8505249023438 
175
3 0.508209228515625 581.7586059570312 187.94577026367188 862.7463989257812 
176
3 0.5164947509765625 578.3165283203125 188.46188354492188 859.8507080078125 
177
3 0.2735443115234375 579.5372314453125 195.28787231445312 859.5642700195312 
178
3 0.46869659423828125 576.604248046875 195.27354431152344 863.1676025390625 
179
3 0.32285308837890625 575.5478515625 204.80593872070312 856.4256591796875 
180
3 0.36498260498046875 571.643798828125 206.07164001464844 842.8148803710938 
181
3 0.2708740234375 570.1736450195312 209.45004272460938 845.267822265625 
182
183
3 0.40668487548828125 567.22705078125 216.90347290039062 843.8197021484375 
184
3 0.4605560302734375 562.2398681640625 214.4428253173828 833.630615234375 
185
3 0.34214019775390625 559.7090454101562 219.42840576171875 835.1336669921875 
186
3 0.39007568359375 553.828125 223.05674743652344 830.6572265625 
187
3 0.3897552490234375 553.680908203125 225.35922241210938 828.5818481445312 
188
189
3 0.34096527099609375 550.3057250976562 232.72012329101562 823.8640747070312 
190
3 0.51904296875 547.972412109375 239.17520141601562 818.5571899414062 
191
192
3 0.5668487548828125 545.632568359375 241.0834503173828 818.3392333984375 
193
3 0.3581695556640625 544.3657836914062 241.07374572753906 721.3713989257812 
3 0.7876815795898438 544.4673461914062 255.70938110351562 828.0490112304688 
194
3 0.38619232177734375 543.8108520507812 243.04345703125 719.17578125 
195
3 0.4709625244140625 541.8576049804688 243.30682373046875 715.3444213867188 
3 0.6940536499023438 541.51513671875 246.9981231689453 825.1487426757812 
196
197
3 0.9755401611328125 539.549560546875 246.78750610351562 723.3399047851562 
3 0.6389389038085938 539.58447265625 249.23016357421875 822.0059204101562 
198
3 0.226318359375 539.4357299804688 251.75042724609375 714.2791137695312 
199
200
3 50.08257293701172 543.5595092773438 257.8778076171875 835.154052734375 
3 1119.528076171875 0.0 1212.577392578125 37.594688415527344 
201
3 0.977630615234375 537.248046875 258.34259033203125 702.7731323242188 
202
203
3 53.34211730957031 536.8526000976562 262.3902893066406 818.8468017578125 
204
3 56.09297180175781 533.45849609375 264.3916931152344 817.1962890625 
205
3 59.91314697265625 532.96142578125 263.85491943359375 814.7472534179688 
3 82.02400970458984 532.2149658203125 262.63909912109375 699.013671875 
206
3 61.52314758300781 534.5113525390625 266.1156921386719 817.4537353515625 
3 85.40592956542969 532.8599243164062 264.4869384765625 700.3712768554688 
207
3 64.5748291015625 535.34912109375 266.65496826171875 818.2831420898438 
208
3 63.964324951171875 539.2976684570312 267.6678161621094 813.8611450195312 
209
3 60.541168212890625 539.0543212890625 268.417724609375 819.3548583984375 
210
3 65.1505126953125 535.4365234375 268.0268859863281 823.214599609375 
211
3 61.51606750488281 535.607421875 269.2629089355469 818.6824340820312 
212
3 55.19282531738281 534.3389892578125 269.8326721191406 818.3486328125 
213
3 11.58648681640625 535.5584716796875 267.9660339355469 809.680419921875 
214
3 9.958099365234375 534.2076416015625 268.0097961425781 813.9287719726562 
215
3 13.38189697265625 534.0015869140625 267.0056457519531 808.0117797851562 
216
3 57.436500549316406 534.08935546875 266.24945068359375 810.5599365234375 
217
3 56.40650939941406 537.9867553710938 268.99993896484375 817.7163696289062 
218
3 56.743438720703125 537.880615234375 269.04241943359375 810.6288452148438 
219
3 56.21900939941406 554.0498046875 266.4966735839844 805.100341796875 
220
3 57.091041564941406 558.0595703125 267.2137451171875 805.035888671875 
221
3 53.50749206542969 556.6270751953125 265.678955078125 806.5657348632812 
222
3 64.12242126464844 558.6712036132812 265.9228515625 814.4907836914062 
223
3 54.36211395263672 556.67529296875 267.13348388671875 815.8607177734375 
224
3 55.286415100097656 544.8896484375 262.883056640625 815.3184814453125 
225
3 50.13970184326172 544.728515625 266.0963134765625 813.5523071289062 
226
3 51.64796447753906 542.8088989257812 263.6093444824219 814.1358032226562 
227
3 62.96614074707031 555.6276245117188 262.1142883300781 809.33984375 
228
229
3 66.80790710449219 533.5154418945312 272.5728454589844 806.7350463867188 
3 2335.606689453125 0.0 2374.59423828125 34.536109924316406 
3 10.650245666503906 532.7281494140625 273.2816162109375 805.9939575195312 
230
3 13.041717529296875 532.3189697265625 276.50103759765625 806.9471435546875 
231
3 75.20492553710938 538.321044921875 275.5609130859375 801.466796875 
232
3 21.66839599609375 532.3134155273438 277.3619079589844 801.20947265625 
233
3 67.27898406982422 530.5653076171875 279.36041259765625 799.4181518554688 
3 2346.163330078125 0.0 2391.253173828125 37.745201110839844 
234
3 35.678016662597656 528.651611328125 278.847900390625 803.774658203125 
3 2349.047119140625 0.0 2395.061767578125 37.384803771972656 
235
3 21.484176635742188 527.5156860351562 279.609130859375 796.243896484375 
236
237
3 77.90803527832031 523.2130126953125 285.8665771484375 813.7723388671875 
3 29.150680541992188 523.1309814453125 285.47369384765625 814.1151123046875 
238
3 30.68243408203125 521.660400390625 288.7306213378906 797.48388671875 
239
3 31.720901489257812 521.5866088867188 289.34710693359375 798.7962646484375 
240
3 31.159210205078125 520.1665649414062 289.1611328125 814.9573364257812 
241
3 31.393585205078125 521.0742797851562 289.68353271484375 796.5433349609375 
3 2369.95166015625 0.0 2419.303466796875 42.74481964111328 
242
3 32.369895935058594 521.35107421875 289.614013671875 796.9006958007812 
3 2369.835205078125 0.0 2420.15283203125 42.62669372558594 
243
3 31.33233642578125 520.1424560546875 288.3594970703125 798.0423583984375 
3 1160.9422607421875 0.0 1258.2305908203125 37.459190368652344 
244
3 82.07054138183594 520.9904174804688 288.6163330078125 799.2740478515625 
3 31.17962646484375 520.0117797851562 287.35467529296875 798.4104614257812 
245
3 29.841384887695312 518.855224609375 288.7705078125 802.461181640625 
3 1162.51904296875 0.0 1259.000244140625 38.21885681152344 
246
3 31.687728881835938 519.5300903320312 288.49169921875 799.7053833007812 
247
248
249
250
3 88.11276245117188 513.3343505859375 289.79876708984375 710.7036743164062 
3 97.2229232788086 512.693359375 288.28948974609375 696.7695922851562 
251
3 95.7801284790039 511.9342041015625 292.1255187988281 688.9090576171875 
252
3 43.99432373046875 511.4888916015625 298.0464172363281 674.6332397460938 
253
3 44.56004333496094 511.09051513671875 300.96124267578125 675.7482299804688 
3 44.496551513671875 510.94451904296875 301.568359375 677.032958984375 
254
3 46.386810302734375 509.61456298828125 302.5075378417969 671.7869873046875 
255
3 49.40715026855469 507.19757080078125 304.2293701171875 695.3336791992188 
256
3 52.69044494628906 507.87408447265625 305.85479736328125 668.7695922851562 
257
3 57.445343017578125 505.00048828125 309.26702880859375 666.6805419921875 
258
3 2414.142822265625 0.091339111328125 2464.1142578125 57.19874572753906 
3 2322.804931640625 0.0 2359.047607421875 28.862586975097656 
3 60.422607421875 499.80963134765625 313.15576171875 662.7127685546875 
3 59.79681396484375 499.463623046875 315.7591247558594 770.3860473632812 
259
3 67.14151000976562 498.66351318359375 320.4749755859375 659.4564208984375 
260
3 2430.82763671875 0.03542327880859375 2479.480224609375 61.191139221191406 
3 2339.56787109375 0.0 2377.775390625 33.500404357910156 
3 72.75775146484375 495.8017578125 320.23455810546875 658.1530151367188 
3 2270.568359375 16.906524658203125 2301.338134765625 60.40484619140625 
261
3 76.601806640625 494.3682861328125 331.6328125 657.6255493164062 
3 2348.763427734375 0.0 2390.6640625 32.96147155761719 
3 121.40231323242188 494.88458251953125 330.7420654296875 776.8431396484375 
262
3 2352.881103515625 0.0 2400.86083984375 33.615814208984375 
3 83.92843627929688 493.5736083984375 334.03387451171875 655.7813720703125 
3 89.09207153320312 492.8870849609375 336.4886474609375 768.2041625976562 
263
3 130.83432006835938 490.8526611328125 337.6256408691406 763.8604125976562 
3 2447.847412109375 0.19031524658203125 2496.124755859375 63.668312072753906 
3 2359.671875 0.0 2404.72216796875 37.39936065673828 
264
3 2366.311767578125 0.0 2410.041259765625 42.61681365966797 
3 134.0941162109375 488.36346435546875 340.469482421875 759.056396484375 
3 2451.594482421875 0.3508186340332031 2510.510986328125 69.16452026367188 
265
3 139.68067932128906 489.23321533203125 341.57220458984375 759.0877685546875 
3 2456.666259765625 0.44901275634765625 2508.43408203125 72.25005340576172 
3 2375.0244140625 0.0 2416.587158203125 43.760475158691406 
266
3 2385.256103515625 0.0 2427.525634765625 45.70970153808594 
3 2464.431884765625 0.1124420166015625 2516.836669921875 71.89079284667969 
3 98.30807495117188 483.5751953125 341.75732421875 649.5185546875 
3 97.82968139648438 482.87353515625 345.6559753417969 753.4566650390625 
267
3 2395.25048828125 0.0 2436.789306640625 46.23878479003906 
3 2468.70849609375 0.21934890747070312 2526.48193359375 75.24945831298828 
3 103.12913513183594 479.88763427734375 350.97479248046875 641.8349609375 
268
3 2403.530029296875 0.0 2447.46875 50.171058654785156 
2 109.38847351074219 474.6044616699219 361.84088134765625 750.5568237304688 
3 2482.969970703125 0.7744979858398438 2538.971923828125 76.00520324707031 
2 110.34378051757812 474.87603759765625 359.14068603515625 638.006103515625 
269
3 2417.64111328125 0.0 2457.713623046875 53.4779052734375 
2 118.32815551757812 474.64581298828125 369.9006042480469 748.702392578125 
3 2494.005126953125 1.2372207641601562 2545.9541015625 76.4146957397461 
270
3 2426.01123046875 0.0 2469.095703125 55.20353698730469 
2 149.86944580078125 471.1730041503906 370.5636901855469 739.234130859375 
271
3 2438.540283203125 0.0 2481.00244140625 60.104156494140625 
272
2 173.85948181152344 465.7021484375 389.4217224121094 731.4884643554688 
3 2448.353759765625 0.34220123291015625 2490.5224609375 61.65374755859375 
273
3 2459.036376953125 0.25145721435546875 2502.614013671875 66.4642562866211 
3 2530.4013671875 7.504062652587891 2559.058837890625 92.50032043457031 
2 147.16946411132812 459.2959899902344 393.4685974121094 727.5109252929688 
274
3 2469.8681640625 1.2101364135742188 2513.2431640625 70.84613800048828 
2 184.98641967773438 467.9053039550781 399.9864807128906 728.9546508789062 
3 2539.787353515625 42.730804443359375 2558.864501953125 94.81777954101562 
3 2539.627685546875 11.369251251220703 2558.911865234375 94.47760009765625 
275
3 2478.870849609375 1.2223968505859375 2524.251953125 71.68579864501953 
2 158.21408081054688 454.7693176269531 401.4818115234375 718.8548583984375 
2 158.34947204589844 454.4334716796875 398.06890869140625 619.8797607421875 
276
3 2488.4287109375 0.5520401000976562 2535.461181640625 76.08460235595703 
2 165.65065002441406 450.97589111328125 406.62738037109375 613.3386840820312 
3 2462.184326171875 0.0 2509.056640625 47.93042755126953 
2 164.3900604248047 451.5857238769531 411.57672119140625 715.7039794921875 
277
2 183.35806274414062 445.7080993652344 417.4333190917969 711.1575927734375 
3 2501.406982421875 2.210235595703125 2543.786376953125 79.37339782714844 
278
1 180.48025512695312 442.36944580078125 423.38055419921875 604.9072265625 
3 2511.744140625 2.6969146728515625 2558.747314453125 86.07677459716797 
279
1 188.90167236328125 440.5662841796875 429.2834777832031 599.765380859375 
3 2523.20751953125 24.710723876953125 2558.84619140625 90.63143920898438 
2 188.814697265625 440.8835754394531 430.8630676269531 703.087158203125 
280
1 197.956298828125 438.4036865234375 439.31219482421875 598.6663818359375 
281
1 206.48150634765625 434.054931640625 448.60882568359375 607.4423828125 
282
1 219.22637939453125 427.2463684082031 457.4602966308594 592.412841796875 
3 2527.025146484375 5.924720764160156 2559.09375 74.81159210205078 
283
1 229.27752685546875 423.52935791015625 466.35504150390625 583.8433227539062 
284
1 238.58306884765625 419.8417663574219 475.2684326171875 585.35791015625 
285
1 250.37132263183594 414.84161376953125 491.2515563964844 583.843017578125 
286
1 263.37884521484375 411.79937744140625 493.62933349609375 571.0004272460938 
287
1 274.5434875488281 408.0162353515625 506.589111328125 570.3870239257812 
288
1 284.1756896972656 402.77947998046875 515.6353149414062 567.7960815429688 
289
1 289.6639099121094 399.31597900390625 521.217529296875 569.5127563476562 
290
1 301.950439453125 392.8433837890625 538.55029296875 567.5781860351562 
291
1 315.4874267578125 389.5851135253906 547.089111328125 555.2387084960938 
292
1 326.2342224121094 386.853271484375 554.483154296875 553.55078125 
293
1 341.3338623046875 381.31329345703125 567.1820068359375 557.3038330078125 
294
1 354.1279296875 382.01275634765625 577.4288330078125 550.4053344726562 
295
1 361.647705078125 378.824951171875 583.8306884765625 541.9253540039062 
296
1 370.7918701171875 375.5539855957031 592.8431396484375 537.5987548828125 
297
1 379.583740234375 370.7316589355469 600.5535278320312 534.0919189453125 
298
1 390.1116943359375 366.76617431640625 612.4157104492188 530.783203125 
299
1 400.19976806640625 362.8631896972656 620.4656372070312 529.1549072265625 
300
1 413.379150390625 359.7264709472656 632.7608642578125 526.314208984375 
301
1 426.6078796386719 355.3512878417969 643.9998779296875 518.7220458984375 
302
1 438.7164611816406 350.02099609375 654.6835327148438 516.700439453125 
303
1 450.92138671875 344.97174072265625 665.614013671875 517.5523071289062 
304
1 462.1268615722656 339.46466064453125 675.5180053710938 516.3866577148438 
305
1 472.173828125 334.8016357421875 687.1463012695312 512.5529174804688 
306
1 482.29107666015625 327.9235534667969 695.4655151367188 501.04931640625 
307
1 489.080810546875 324.7555847167969 704.2713623046875 501.66632080078125 
308
1 495.744384765625 321.1817321777344 709.5146484375 498.005859375 
309
2 500.8916015625 317.9098205566406 716.388671875 493.3712158203125 
310
2 506.748291015625 312.24554443359375 723.1839599609375 493.354736328125 
311
2 513.6695556640625 310.20703125 727.5635986328125 489.14959716796875 
312
2 521.4771728515625 307.0130615234375 737.6475830078125 488.863525390625 
313
2 529.4135131835938 302.01458740234375 747.1258544921875 490.521728515625 
314
2 539.5746459960938 296.1125793457031 755.55224609375 488.772705078125 
315
2 552.0643310546875 291.3356018066406 762.08056640625 491.79595947265625 
316
2 563.9581298828125 287.10357666015625 772.9783935546875 485.602294921875 
317
2 574.8900146484375 283.7249450683594 780.3775024414062 486.05926513671875 
318
2 583.6973876953125 279.7565612792969 780.060546875 478.39605712890625 
319
2 592.0125732421875 276.71392822265625 782.1609497070312 480.9862060546875 
320
2 603.5546875 273.9498291015625 784.3404541015625 482.4119873046875 
321
2 613.1163940429688 271.62738037109375 787.43994140625 484.62225341796875 
322
2 619.55078125 267.9151916503906 795.95458984375 482.15740966796875 
323
2 628.723388671875 265.8363037109375 804.42822265625 480.12042236328125 
324
2 636.5601806640625 263.3287658691406 809.035888671875 481.8802490234375 
325
2 643.1309204101562 261.6499938964844 814.761474609375 479.71295166015625 
326
2 650.515625 260.6736145019531 820.8135986328125 482.02392578125 
327
2 659.9888916015625 258.612548828125 829.8593139648438 485.53411865234375 
328
2 671.7847900390625 258.37109375 836.3426513671875 487.20733642578125 
329
2 678.8378295898438 257.5195617675781 843.1864624023438 490.30548095703125 
330
2 688.953125 256.2221984863281 855.0609130859375 491.951171875 
331
2 696.1905517578125 253.84405517578125 863.305419921875 491.80450439453125 
332
2 695.6171264648438 257.2183837890625 870.4535522460938 489.34051513671875 
333
2 699.5499267578125 257.9842834472656 877.907958984375 488.7012939453125 
334
2 707.0441284179688 261.91375732421875 881.4955444335938 491.71881103515625 
335
2 704.771728515625 260.6170654296875 888.4187622070312 488.8446044921875 
336
2 710.75390625 259.48394775390625 894.6339111328125 494.23846435546875 
337
2 719.9627685546875 260.52825927734375 904.2221069335938 489.90869140625 
338
2 728.4395751953125 261.02398681640625 901.6121215820312 488.6666259765625 
339
2 736.3732299804688 261.2954406738281 913.3800048828125 489.43231201171875 
340
2 744.622802734375 260.7747802734375 917.4447631835938 485.27581787109375 
2 745.8267211914062 260.9461669921875 917.107666015625 485.48809814453125 
341
2 753.8280639648438 260.7799072265625 923.2311401367188 486.5791015625 
342
2 760.9959106445312 260.9783935546875 926.7672119140625 487.81597900390625 
343
2 767.417724609375 259.2801818847656 925.8165893554688 481.17071533203125 
344
2 772.4931640625 260.015625 933.7771606445312 480.8756103515625 
345
2 775.5032348632812 259.97308349609375 936.600830078125 485.63751220703125 
346
2 778.38623046875 260.7445373535156 938.217529296875 483.2322998046875 
347
2 779.0414428710938 260.3189697265625 939.3939208984375 486.84912109375 
348
2 779.315673828125 259.8683166503906 939.53759765625 482.09210205078125 
349
2 779.1265869140625 259.9735107421875 945.5774536132812 482.4527587890625 
350
2 778.9850463867188 260.5476379394531 939.71875 481.737548828125 
351
2 780.808349609375 260.0025329589844 950.050537109375 488.1551513671875 
352
2 781.1471557617188 259.5574951171875 942.4215698242188 484.51861572265625 
353
2 782.60888671875 260.01806640625 944.767822265625 485.17987060546875 
354
2 780.928955078125 259.95501708984375 944.1800537109375 487.18316650390625 
355
2 780.869140625 260.7653503417969 942.2647705078125 487.85064697265625 
356
2 778.9633178710938 260.784423828125 948.4133911132812 489.53466796875 
357
2 777.6495361328125 260.47882080078125 939.5279541015625 486.98797607421875 
358
2 776.6278076171875 260.8690185546875 939.3536376953125 494.7664794921875 
359
1 775.2383422851562 260.63751220703125 942.0422973632812 495.39862060546875 
360
2 771.8316650390625 263.6258544921875 935.3834228515625 491.9439697265625 
361
1 766.5958251953125 266.3065185546875 951.1358642578125 517.4918212890625 
362
2 763.4427490234375 267.7157897949219 926.8384399414062 491.666015625 
363
1 761.4788818359375 267.50933837890625 925.0194702148438 496.2567138671875 
364
2 759.5352172851562 268.880126953125 926.883056640625 493.4739990234375 
365
1 758.037109375 270.48431396484375 924.1792602539062 497.67816162109375 
366
2 758.51904296875 271.09747314453125 925.5081787109375 493.59747314453125 
367
2 757.849609375 271.8224182128906 923.29736328125 490.3485107421875 
368
2 757.6627807617188 272.4239807128906 919.5184936523438 493.0709228515625 
369
2 758.0939331054688 271.0496826171875 920.82373046875 488.9522705078125 
2 758.550537109375 271.7412109375 922.0282592773438 488.8955078125 
370
2 758.4451904296875 270.0518798828125 920.2005615234375 483.58203125 
371
2 759.7130126953125 270.94012451171875 919.3433837890625 485.13848876953125 
372
2 760.0711059570312 271.1601257324219 921.4408569335938 486.55914306640625 
373
2 760.8084716796875 270.232177734375 924.1923828125 482.48321533203125 
374
2 762.054443359375 269.3751220703125 922.4657592773438 486.83441162109375 
375
2 767.7738647460938 265.7425842285156 936.73779296875 481.5347900390625 
376
2 772.5445556640625 263.09912109375 924.8125610351562 478.749267578125 
377
2 775.51318359375 261.01214599609375 935.290771484375 476.89984130859375 
378
2 778.5370483398438 258.353271484375 924.51611328125 473.6270446777344 
379
2 781.9286499023438 258.3230285644531 928.8639526367188 474.4842529296875 
380
2 784.1529541015625 258.19195556640625 970.4144287109375 482.5185546875 
2 784.2916259765625 257.41949462890625 945.8426513671875 470.33319091796875 
381
2 789.9287719726562 259.04351806640625 943.3111572265625 470.6972961425781 
382
2 792.7352905273438 258.75787353515625 968.0113525390625 479.97882080078125 
383
2 792.752685546875 259.21527099609375 974.4469604492188 481.469482421875 
384
2 792.6502685546875 256.4646301269531 937.5421752929688 468.9815979003906 
385
2 796.1422729492188 256.2173767089844 946.23486328125 468.52313232421875 
386
2 797.997802734375 256.2995300292969 953.0443725585938 467.26068115234375 
387
2 805.08837890625 255.92800903320312 950.0624389648438 464.63787841796875 
2 805.2338256835938 256.9094543457031 948.89453125 465.5782470703125 
388
2 809.56494140625 255.1636962890625 949.753662109375 463.6902770996094 
389
2 813.3345947265625 253.2940673828125 951.9823608398438 458.1337890625 
390
2 818.5343627929688 252.78927612304688 953.575927734375 458.4664611816406 
391
2 820.4573974609375 251.98251342773438 955.184814453125 454.19122314453125 
392
2 821.1527099609375 249.20416259765625 961.9618530273438 452.17376708984375 
393
2 820.3927001953125 249.404052734375 958.01171875 451.8095703125 
394
2 823.79833984375 249.10345458984375 961.4641723632812 449.6114501953125 
395
2 823.8404541015625 247.65121459960938 961.4644775390625 449.49542236328125 
396
2 823.23876953125 249.2205810546875 960.3494262695312 448.10638427734375 
397
2 824.5419311523438 247.69491577148438 960.9207153320312 448.6370544433594 
398
2 825.4405517578125 249.59432983398438 961.4413452148438 445.3819274902344 
399
2 829.3125 249.63980102539062 964.0523071289062 443.1805725097656 
400
2 832.4754028320312 248.98681640625 969.6885986328125 441.0852355957031 
401
2 838.8695068359375 249.95455932617188 970.4984130859375 440.54046630859375 
402
2 841.1328735351562 248.4774169921875 971.789794921875 437.5305480957031 
403
2 843.0159912109375 249.55743408203125 976.333740234375 438.0355224609375 
404
2 843.01123046875 249.95013427734375 980.7830810546875 436.93505859375 
405
2 841.6173095703125 247.38812255859375 980.3560180664062 434.5184326171875 
406
2 840.4365234375 245.265380859375 978.2000122070312 432.7939147949219 
407
2 839.4830932617188 245.66461181640625 978.9888916015625 432.1048278808594 
408
2 838.277587890625 243.140380859375 980.3231201171875 429.04595947265625 
409
2 836.1261596679688 243.37881469726562 981.1004638671875 428.4967041015625 
410
2 835.94287109375 242.82470703125 984.7466430664062 427.04644775390625 
411
2 835.8844604492188 243.25387573242188 979.16259765625 426.3710632324219 
412
2 836.276611328125 243.22515869140625 979.3845825195312 423.6310119628906 
413
2 836.4666748046875 243.04440307617188 978.9727783203125 422.754150390625 
414
2 837.2911987304688 242.92581176757812 978.5319213867188 421.37646484375 
415
2 839.514404296875 242.11907958984375 980.9034423828125 422.6965637207031 
416
2 842.5203247070312 243.603759765625 981.8248291015625 420.04559326171875 
417
2 842.0859375 240.77337646484375 982.704345703125 416.6325378417969 
418
2 842.3045654296875 240.3514404296875 987.7959594726562 414.37799072265625 
419
2 845.8289184570312 240.13873291015625 988.4571533203125 413.4786071777344 
420
2 846.3917236328125 239.068115234375 996.1752319335938 412.13116455078125 
421
2 846.2973022460938 238.4969482421875 990.9620361328125 411.6593017578125 
422
2 847.8193969726562 237.96832275390625 991.917724609375 412.19268798828125 
423
2 848.8024291992188 237.19680786132812 995.7236328125 410.39959716796875 
424
2 850.837158203125 234.88217163085938 995.2700805664062 408.1517333984375 
425
2 851.0953979492188 232.11642456054688 1002.6317749023438 407.13226318359375 
426
2 856.4264526367188 229.76651000976562 1039.1605224609375 402.5772705078125 
427
2 858.159423828125 228.79971313476562 1045.5216064453125 401.6552429199219 
428
2 858.621337890625 228.67001342773438 1046.067138671875 401.43939208984375 
429
2 859.0062866210938 227.07476806640625 1030.2396240234375 400.7508544921875 
430
2 860.9033203125 226.30404663085938 1045.7293701171875 399.9912414550781 
431
2 866.183837890625 223.12533569335938 1051.886962890625 397.008544921875 
432
2 865.4593505859375 222.7025146484375 1048.940185546875 394.5693054199219 
433
2 873.2842407226562 221.0328369140625 1053.3271484375 392.5111083984375 
434
2 874.6768188476562 218.3065185546875 1054.220458984375 393.1429443359375 
435
2 878.9563598632812 217.24032592773438 1057.7564697265625 390.84173583984375 
436
2 883.0054931640625 215.25848388671875 1059.1727294921875 389.0101318359375 
437
2 883.6365966796875 215.19186401367188 1060.400146484375 388.6190490722656 
438
2 886.1497802734375 215.06228637695312 1063.291015625 385.42333984375 
439
2 891.051025390625 214.30084228515625 1054.83056640625 384.09088134765625 
440
2 894.4153442382812 212.8256072998047 1063.1650390625 380.74237060546875 
441
2 896.945068359375 211.16810607910156 1063.82861328125 379.4533996582031 
442
2 900.690673828125 213.2825469970703 1063.40673828125 378.3307800292969 
443
2 904.7958984375 213.13172912597656 1067.421142578125 376.7642822265625 
444
2 902.66357421875 212.02438354492188 1065.392822265625 377.5005187988281 
445
2 907.1470947265625 210.66355895996094 1069.88916015625 375.6912841796875 
446
2 907.944580078125 207.83529663085938 1059.61669921875 373.076416015625 
2 907.52783203125 206.91217041015625 1063.7398681640625 373.0723876953125 
447
2 910.0540161132812 204.4245147705078 1074.9678955078125 368.7711181640625 
448
2 912.151611328125 202.04580688476562 1074.461669921875 368.504150390625 
2 911.8316040039062 201.46099853515625 1075.0491943359375 369.8358154296875 
449
2 913.2485961914062 202.42776489257812 1078.547119140625 369.0666198730469 
450
2 914.5791625976562 199.6695098876953 1079.6368408203125 368.45269775390625 
451
2 914.2855224609375 201.1607666015625 1081.98974609375 366.64910888671875 
452
2 917.5026245117188 199.8250732421875 1080.811279296875 364.31298828125 
453
2 918.7908325195312 197.7141876220703 1085.8985595703125 361.9733581542969 
454
2 919.3021240234375 196.49815368652344 1067.937255859375 361.9154968261719 
455
2 920.5478515625 195.1868438720703 1092.02490234375 359.9937744140625 
456
2 920.97802734375 195.67861938476562 1066.437744140625 358.4143981933594 
457
2 922.0244140625 195.039794921875 1075.2177734375 359.49224853515625 
458
2 921.73974609375 195.487060546875 1085.466796875 355.89764404296875 
459
2 924.024169921875 194.31808471679688 1069.4442138671875 354.6688537597656 
460
2 925.4210815429688 192.6787872314453 1069.4610595703125 349.49755859375 
461
2 926.7349243164062 191.56552124023438 1090.1715087890625 348.88543701171875 
462
2 930.3938598632812 191.5045928955078 1078.9376220703125 345.7677307128906 
463
2 931.5308837890625 191.4499969482422 1073.7371826171875 345.1875305175781 
464
2 932.674072265625 191.99790954589844 1074.2138671875 344.9056091308594 
465
2 932.455810546875 192.30697631835938 1075.8446044921875 344.5707702636719 
466
2 930.707275390625 191.82858276367188 1077.5189208984375 344.01385498046875 
467
2 932.5970458984375 189.7076416015625 1077.8602294921875 342.084716796875 
468
2 932.2767333984375 186.94781494140625 1080.071533203125 340.6515808105469 
469
2 934.956298828125 185.9399871826172 1081.4781494140625 338.775634765625 
470
2 933.5928344726562 184.58934020996094 1081.7373046875 338.82708740234375 
471
2 937.066650390625 183.80081176757812 1085.6607666015625 336.4608154296875 
472
2 938.793212890625 185.92401123046875 1084.8765869140625 336.6085205078125 
473
2 940.439697265625 183.17269897460938 1084.3494873046875 334.39459228515625 
474
2 942.1505737304688 180.90504455566406 1090.5489501953125 333.3437194824219 
475
2 945.3270263671875 180.53248596191406 1089.0723876953125 330.7947692871094 
476
3 946.8060302734375 178.91134643554688 1092.7674560546875 328.83673095703125 
477
3 949.1718139648438 178.05886840820312 1093.051513671875 326.3729553222656 
478
3 951.1989135742188 176.31304931640625 1091.8260498046875 327.95098876953125 
479
3 953.298583984375 176.39321899414062 1092.5609130859375 326.6514892578125 
480
3 955.5264892578125 176.37997436523438 1094.1771240234375 326.525390625 
481
3 957.4263916015625 175.471435546875 1095.551513671875 322.1417236328125 
482
3 958.8116455078125 174.38510131835938 1097.7213134765625 322.61468505859375 
483
3 962.5646362304688 170.58126831054688 1102.00341796875 317.755126953125 
484
3 964.297607421875 167.752197265625 1102.7987060546875 317.4115905761719 
485
3 965.3460693359375 165.87545776367188 1106.8531494140625 315.01214599609375 
486
3 965.4102172851562 166.08502197265625 1105.5830078125 314.41339111328125 
487
3 966.1531982421875 165.65647888183594 1104.787109375 313.3018798828125 
488
3 966.8302001953125 165.5150146484375 1105.16845703125 313.49237060546875 
489
3 969.0556640625 166.70301818847656 1105.332275390625 312.50445556640625 
490
3 973.20361328125 166.28443908691406 1108.7138671875 311.7049560546875 
491
3 977.7159423828125 163.9998779296875 1109.8631591796875 309.69012451171875 
492
3 978.2028198242188 162.24603271484375 1109.44677734375 306.9029541015625 
493
3 978.3948974609375 159.32919311523438 1112.5750732421875 305.50445556640625 
494
3 977.5350341796875 156.726806640625 1110.9033203125 304.2021789550781 
495
3 975.0263671875 155.06846618652344 1112.539306640625 302.3974304199219 
496
3 973.0894775390625 155.0369110107422 1111.9998779296875 302.19775390625 
497
3 976.01123046875 154.54086303710938 1112.6173095703125 301.3369140625 
498
3 978.1378173828125 154.66397094726562 1113.409912109375 301.14691162109375 
499
3 979.5910034179688 155.34283447265625 1113.7940673828125 300.1072082519531 
500
3 981.302734375 157.15390014648438 1113.9661865234375 300.1878967285156 
501
3 981.3856811523438 159.13836669921875 1113.3702392578125 299.792724609375 
502
3 984.9904174804688 161.85284423828125 1114.2247314453125 300.643310546875 
503
3 985.132080078125 163.2493438720703 1113.4908447265625 300.0361633300781 
504
3 984.3764038085938 163.16159057617188 1112.8236083984375 300.0506591796875 
505
3 986.9920654296875 162.3955078125 1112.40087890625 297.92529296875 
506
3 989.8490600585938 162.68328857421875 1116.633056640625 297.03680419921875 
507
3 989.0595092773438 163.09091186523438 1116.829345703125 296.910400390625 
508
3 991.7605590820312 163.40444946289062 1119.6473388671875 296.9212951660156 
509
3 993.4592895507812 163.33116149902344 1120.958740234375 296.8641357421875 
510
3 997.2095947265625 162.67445373535156 1124.8377685546875 296.9128723144531 
511
3 1000.045654296875 162.70391845703125 1129.993408203125 297.4925231933594 
512
3 1005.5599975585938 162.380126953125 1134.5516357421875 297.2866516113281 
513
3 1009.28955078125 161.174560546875 1134.4954833984375 295.03485107421875 
514
3 1009.6991577148438 160.4016571044922 1137.330078125 294.18182373046875 
515
3 1009.5170288085938 160.2061309814453 1137.810791015625 294.2155456542969 
516
3 1009.4844360351562 160.14947509765625 1138.0106201171875 294.436279296875 
517
3 1009.5675659179688 160.4998321533203 1138.284912109375 295.2762451171875 
518
3 1009.860107421875 160.14292907714844 1138.2872314453125 296.05902099609375 
519
3 1012.4443969726562 159.09230041503906 1140.3458251953125 295.8164978027344 
520
3 1014.762451171875 159.31875610351562 1141.748291015625 295.70721435546875 
521
3 1020.5227661132812 159.1925048828125 1144.42919921875 294.6590576171875 
522
3 1027.1448974609375 159.4126434326172 1153.5047607421875 293.0367431640625 
523
3 1033.695068359375 160.80905151367188 1157.558837890625 293.5379943847656 
524
3 1040.646728515625 162.70932006835938 1165.4990234375 292.5372619628906 
525
3 1049.9635009765625 167.17787170410156 1170.4007568359375 292.085693359375 
526
3 1058.085205078125 171.91744995117188 1174.843994140625 291.09344482421875 
527
3 1067.457275390625 174.70242309570312 1180.442626953125 290.2179870605469 
528
3 1073.951416015625 179.1220703125 1185.8359375 289.39068603515625 
529
3 1077.47265625 182.15455627441406 1188.56689453125 289.3921813964844 
530
3 1080.7247314453125 183.76283264160156 1191.52392578125 288.588623046875 
531
3 1085.0546875 182.67068481445312 1195.93994140625 288.7002258300781 
532
3 1089.6505126953125 181.1614532470703 1200.21728515625 288.47406005859375 
533
3 1092.99853515625 177.696044921875 1205.2420654296875 287.50067138671875 
534
3 1098.0194091796875 173.82359313964844 1208.56640625 285.85833740234375 
535
3 1102.7779541015625 171.6916961669922 1213.122314453125 285.77008056640625 
536
3 1102.618408203125 169.9783172607422 1217.1881103515625 286.4931335449219 
537
3 1105.0361328125 168.80398559570312 1221.0181884765625 286.7818298339844 
538
3 1110.271484375 165.22857666015625 1224.6097412109375 285.4132995605469 
539
3 1112.7696533203125 162.63954162597656 1229.303466796875 285.8495178222656 
540
3 1114.323486328125 161.593017578125 1231.0966796875 285.48095703125 
541
3 1115.57470703125 159.40789794921875 1233.6270751953125 285.9423828125 
542
3 1117.4903564453125 157.94583129882812 1236.3154296875 286.3429870605469 
543
3 1116.60888671875 156.82958984375 1237.319091796875 285.6850280761719 
544
3 1116.7501220703125 155.96121215820312 1239.2901611328125 286.07122802734375 
545
3 1116.57666015625 154.26950073242188 1239.996826171875 285.52105712890625 
546
3 1115.95947265625 152.79388427734375 1240.2869873046875 285.2370910644531 
547
3 1113.0093994140625 150.69024658203125 1239.791259765625 287.45135498046875 
548
3 1113.30322265625 150.0640411376953 1239.459228515625 285.7536926269531 
549
3 1110.923583984375 148.77066040039062 1238.4945068359375 285.3310241699219 
550
3 1104.84130859375 146.5616455078125 1237.814697265625 285.30352783203125 
551
3 1102.9757080078125 145.90689086914062 1237.429931640625 285.3231201171875 
552
3 1100.484130859375 144.32177734375 1236.0087890625 285.20574951171875 
553
3 1097.514404296875 142.58900451660156 1234.5177001953125 284.92083740234375 
554
3 1097.0177001953125 142.24246215820312 1234.887451171875 285.8040771484375 
555
3 1094.7945556640625 141.45050048828125 1232.1824951171875 285.44830322265625 
556
3 1090.6766357421875 141.7829132080078 1230.0775146484375 287.089599609375 
557
3 1087.8468017578125 142.66831970214844 1228.00732421875 287.3712158203125 
558
3 1083.5079345703125 142.86135864257812 1225.006591796875 287.603515625 
559
3 1082.3604736328125 143.60861206054688 1222.2269287109375 288.1898193359375 
560
3 1079.4974365234375 143.21206665039062 1218.0872802734375 287.8870544433594 
561
3 1075.5009765625 143.48153686523438 1212.7520751953125 288.3683166503906 
562
3 1070.8878173828125 144.61328125 1208.676513671875 288.10040283203125 
563
3 1067.7225341796875 145.5931396484375 1204.507568359375 287.98284912109375 
564
3 1066.26318359375 146.76048278808594 1202.758544921875 289.2657165527344 
565
3 1066.4061279296875 147.79148864746094 1199.8094482421875 288.4228515625 
566
3 1065.430419921875 148.14059448242188 1195.2740478515625 288.7091064453125 
567
3 1066.6787109375 150.43690490722656 1192.8961181640625 289.00341796875 
568
3 1066.075439453125 152.24752807617188 1188.7037353515625 289.9654541015625 
569
3 1067.6365966796875 155.74905395507812 1187.8890380859375 289.61370849609375 
570
3 1069.3941650390625 156.9960479736328 1183.4002685546875 288.427978515625 
571
3 1070.9171142578125 158.57774353027344 1179.481689453125 288.8951721191406 
572
3 1071.824462890625 158.8751678466797 1176.5228271484375 288.42254638671875 
573
3 1070.1116943359375 159.04290771484375 1173.8045654296875 290.69500732421875 
574
3 1065.635986328125 159.82386779785156 1169.641845703125 291.6593017578125 
575
3 1064.3717041015625 157.81910705566406 1168.947998046875 291.7309875488281 
576
3 1061.0755615234375 155.70858764648438 1162.122314453125 291.95361328125 
577
3 1057.4122314453125 153.13055419921875 1157.2957763671875 292.27874755859375 
578
3 1053.4405517578125 151.11080932617188 1156.780517578125 292.8603210449219 
579
3 1049.77392578125 147.99057006835938 1178.5972900390625 294.213623046875 
580
3 1043.23095703125 144.48422241210938 1181.3431396484375 294.75091552734375 
581
3 1040.922607421875 142.30984497070312 1148.316650390625 292.66961669921875 
582
3 1040.07080078125 139.13905334472656 1139.44091796875 285.961181640625 
583
3 1040.6673583984375 137.03599548339844 1136.7593994140625 281.44073486328125 
584
3 1040.1396484375 136.03761291503906 1133.924560546875 279.7490539550781 
585
3 1040.98779296875 136.02464294433594 1134.309326171875 281.1698913574219 
586
3 1040.5670166015625 133.64239501953125 1131.794189453125 280.5536804199219 
587
3 1038.61181640625 134.24826049804688 1129.44482421875 281.2291259765625 
588
3 1036.4114990234375 136.67105102539062 1130.141357421875 280.3493347167969 
589
3 1036.3546142578125 134.87498474121094 1132.871826171875 280.6281433105469 
590
3 1036.399169921875 135.32757568359375 1139.588134765625 279.29986572265625 
591
3 1036.1904296875 132.1390380859375 1140.6455078125 280.386474609375 
592
3 1038.3419189453125 133.24024963378906 1144.06884765625 280.4765625 
593
3 1040.5638427734375 133.01351928710938 1147.77587890625 281.640869140625 
594
3 1042.215087890625 132.09906005859375 1152.6597900390625 281.596435546875 
595
3 1043.93896484375 132.11358642578125 1156.66455078125 281.8625793457031 
596
3 1045.966796875 130.97621154785156 1158.031005859375 281.3639221191406 
597
3 1046.4912109375 130.57803344726562 1160.25634765625 281.1597900390625 
598
3 1047.701416015625 130.41598510742188 1162.03369140625 281.1103820800781 
599
3 1048.406982421875 130.43093872070312 1160.5078125 282.4762878417969 
600
3 1049.39404296875 129.4300994873047 1158.8258056640625 282.644287109375 
601
3 1050.121337890625 128.42605590820312 1157.40283203125 281.55572509765625 
602
3 1050.249267578125 126.06024169921875 1157.4881591796875 280.08050537109375 
603
3 1050.2711181640625 122.65965270996094 1155.119140625 279.4530029296875 
604
3 1050.5587158203125 122.34809875488281 1155.19287109375 280.94952392578125 
605
3 1051.6446533203125 121.42208862304688 1155.3143310546875 281.4042053222656 
606
3 1052.3509521484375 118.87997436523438 1159.0843505859375 282.2467956542969 
607
3 1054.1009521484375 116.89083862304688 1163.6080322265625 282.12054443359375 
608
3 1056.2330322265625 114.14956665039062 1166.0968017578125 282.1617126464844 
609
3 1059.2557373046875 112.36587524414062 1169.227783203125 282.9064636230469 
610
3 1061.123779296875 111.68060302734375 1172.6904296875 282.50042724609375 
611
3 1063.865966796875 110.80308532714844 1174.6737060546875 283.0102844238281 
612
3 1064.6165771484375 110.58148193359375 1177.1380615234375 282.6312255859375 
613
3 1066.5291748046875 110.43350219726562 1177.8973388671875 282.14373779296875 
614
3 1067.2904052734375 109.90434265136719 1178.3829345703125 282.37286376953125 
615
3 1070.3441162109375 110.39714050292969 1179.5579833984375 281.93096923828125 
616
3 1072.4041748046875 111.20880126953125 1180.2161865234375 282.99493408203125 
617
3 1076.1260986328125 110.79580688476562 1180.376220703125 283.7508544921875 
3 1074.77490234375 112.69979858398438 1158.4100341796875 283.9698181152344 
3 1134.0142822265625 115.08013916015625 1181.1904296875 267.7040710449219 
618
3 1077.0211181640625 112.33682250976562 1182.9130859375 283.78167724609375 
619
3 1079.3792724609375 112.58755493164062 1185.094970703125 284.4493103027344 
620
3 1080.7508544921875 112.16178894042969 1189.1634521484375 284.9539489746094 
621
3 1081.7164306640625 111.47883605957031 1192.314453125 285.0426940917969 
622
3 1082.32421875 110.61955261230469 1193.773193359375 282.2373962402344 
623
3 1083.4263916015625 109.08053588867188 1196.908447265625 276.4871826171875 
624
3 1083.1126708984375 108.13496398925781 1199.394287109375 273.428955078125 
625
3 1083.248291015625 107.81076049804688 1199.7569580078125 272.35626220703125 
626
3 1082.0543212890625 106.51237487792969 1199.41259765625 272.7857666015625 
627
3 1080.6187744140625 105.61399841308594 1198.328857421875 274.6526184082031 
628
3 1082.530517578125 103.57093811035156 1198.218505859375 274.7767333984375 
629
3 1080.9488525390625 103.90550231933594 1196.6883544921875 277.688232421875 
630
3 1080.68603515625 102.96913146972656 1196.1475830078125 278.100830078125 
631
3 1081.3642578125 103.17979431152344 1195.605224609375 282.5272216796875 
632
3 1080.999755859375 101.98062133789062 1195.736083984375 281.1339111328125 
633
3 1080.456298828125 101.88076782226562 1196.5911865234375 285.86785888671875 
634
3 1080.03076171875 101.610107421875 1198.8292236328125 286.9408874511719 
635
3 1076.8802490234375 101.32778930664062 1202.271240234375 292.40179443359375 
636
3 1071.7030029296875 100.25376892089844 1204.32861328125 290.0079040527344 
637
3 1064.92578125 100.14923095703125 1208.6162109375 291.9242858886719 
638
3 1057.745849609375 98.95272827148438 1212.8502197265625 292.0490417480469 
639
3 1054.3468017578125 97.9224853515625 1216.965576171875 294.6983947753906 
640
3 1049.4322509765625 96.32420349121094 1220.670654296875 297.0201110839844 
641
3 1048.098388671875 95.18106079101562 1223.59765625 297.36285400390625 
642
3 1048.4234619140625 93.78053283691406 1229.9736328125 296.5318908691406 
643
3 1050.697021484375 93.53131103515625 1231.546142578125 297.7821044921875 
644
3 1052.481201171875 93.39495849609375 1233.3787841796875 297.5958251953125 
645
3 1056.5992431640625 93.1611328125 1230.439697265625 299.22216796875 
646
3 1060.2110595703125 94.3233642578125 1229.487548828125 298.01983642578125 
647
3 1064.783447265625 94.58724975585938 1229.988525390625 298.72637939453125 
648
3 1070.2235107421875 95.21035766601562 1233.1439208984375 297.2406005859375 
649
3 1076.5167236328125 95.81663513183594 1242.995361328125 297.0914306640625 
650
3 1082.4453125 97.23291015625 1245.6368408203125 297.37249755859375 
651
3 1091.5860595703125 96.46182250976562 1262.1285400390625 297.6312561035156 
652
3 1100.860595703125 96.65440368652344 1259.56396484375 297.5233459472656 
653
3 1116.431884765625 97.75527954101562 1268.2364501953125 297.9615783691406 
654
3 1127.2177734375 98.69023132324219 1279.371826171875 298.6537170410156 
655
3 1140.906005859375 95.93333435058594 1289.9962158203125 298.8528137207031 
3 1140.7620849609375 96.074462890625 1289.9736328125 298.8782043457031 
656
3 1148.875244140625 94.7977294921875 1300.0009765625 296.3365783691406 
657
3 1153.712646484375 92.42410278320312 1305.8861083984375 297.1187438964844 
658
3 1156.246337890625 87.2359848022461 1315.4691162109375 297.48419189453125 
659
3 1163.4989013671875 83.39679718017578 1324.8800048828125 291.6256103515625 
660
3 1169.9271240234375 78.88548278808594 1331.6756591796875 289.9302673339844 
661
3 1171.20361328125 74.80896759033203 1336.9989013671875 288.7336120605469 
662
3 1174.459228515625 71.40228271484375 1342.5323486328125 279.38677978515625 
663
3 1182.03515625 67.78236389160156 1348.451171875 270.3816223144531 
664
3 1190.420654296875 63.02296447753906 1355.069580078125 263.820068359375 
665
3 1199.3369140625 59.1483154296875 1361.0050048828125 249.9439697265625 
666
3 1213.82470703125 53.699798583984375 1374.650634765625 247.22531127929688 
667
3 1230.4169921875 51.11133575439453 1385.5081787109375 248.556640625 
668
3 1249.082275390625 47.01670837402344 1397.5413818359375 248.3514404296875 
669
3 1270.034912109375 43.41448211669922 1410.0386962890625 243.473876953125 
670
3 1287.169677734375 41.52839660644531 1420.798095703125 247.87344360351562 
671
3 1300.8060302734375 36.172264099121094 1433.7008056640625 248.04107666015625 
672
3 1311.2547607421875 33.965980529785156 1445.291015625 250.87869262695312 
673
3 1321.478271484375 32.37225341796875 1453.38232421875 257.1737365722656 
674
3 1329.608642578125 27.139968872070312 1461.66357421875 257.0544738769531 
675
3 1345.438720703125 21.55341339111328 1478.04248046875 274.4244689941406 
676
3 1357.6553955078125 22.335601806640625 1490.3720703125 281.00714111328125 
677
3 1369.4033203125 22.21630859375 1503.43310546875 285.21466064453125 
678
3 1382.1854248046875 22.42816162109375 1519.2679443359375 288.84088134765625 
679
3 1397.74658203125 22.634185791015625 1540.8380126953125 299.22857666015625 
680
3 1409.044921875 25.418243408203125 1555.9095458984375 310.8443603515625 
681
3 1422.478271484375 30.088409423828125 1573.0335693359375 314.62701416015625 
682
3 1447.3641357421875 33.54998779296875 1586.494140625 316.31414794921875 
683
3 1460.5841064453125 33.76483154296875 1604.8878173828125 316.59112548828125 
684
3 1473.237548828125 36.61846923828125 1613.5809326171875 318.80560302734375 
685
3 1485.9403076171875 37.94508361816406 1623.65869140625 318.46728515625 
686
3 1490.714111328125 38.129608154296875 1626.85009765625 317.69921875 
687
3 1501.0130615234375 36.76460266113281 1637.1771240234375 315.60357666015625 
688
3 1509.8997802734375 37.87799072265625 1646.4349365234375 322.0437316894531 
689
3 1519.8792724609375 36.19232177734375 1656.7569580078125 321.27447509765625 
690
3 1528.8857421875 34.873138427734375 1669.069091796875 322.02398681640625 
691
3 1538.8184814453125 34.06455993652344 1680.7537841796875 319.7275390625 
692
3 1545.36669921875 33.74983215332031 1692.4639892578125 322.40008544921875 
693
2 1549.8848876953125 36.58695983886719 1700.66845703125 339.2534484863281 
694
2 1551.6048583984375 38.56800842285156 1708.93359375 333.0207824707031 
695
2 1552.22509765625 39.180938720703125 1714.6309814453125 342.14727783203125 
696
2 1555.2618408203125 43.894775390625 1722.3087158203125 361.6829833984375 
697
2 1559.8975830078125 48.224212646484375 1733.2137451171875 364.8116455078125 
698
2 1568.42626953125 50.97503662109375 1744.250732421875 365.90679931640625 
699
2 1575.84375 51.852264404296875 1755.692626953125 367.87774658203125 
700
2 1581.760498046875 55.3843994140625 1766.5087890625 369.6521301269531 
701
2 1588.26416015625 57.263397216796875 1773.97412109375 371.1712341308594 
702
2 1591.9044189453125 56.67034912109375 1779.5057373046875 370.6446838378906 
703
2 1593.35400390625 54.672760009765625 1783.4605712890625 370.7401428222656 
704
2 1592.341796875 51.87565612792969 1784.5123291015625 369.0330505371094 
705
2 1591.1063232421875 53.2601318359375 1783.46826171875 371.2875061035156 
706
2 1591.0748291015625 53.64178466796875 1783.728271484375 371.98529052734375 
707
2 1589.77978515625 53.834197998046875 1782.8509521484375 373.8319396972656 
708
2 1590.576416015625 54.8577880859375 1783.6044921875 371.1593933105469 
709
2 1589.935791015625 56.6798095703125 1782.908203125 378.7287902832031 
710
2 1588.674560546875 61.310028076171875 1783.7222900390625 384.9678649902344 
3 2391.133544921875 17.323486328125 2427.8046875 66.14137268066406 
711
2 1585.5469970703125 65.93991088867188 1783.88525390625 390.49444580078125 
3 2434.798095703125 14.685935974121094 2482.04248046875 86.96458435058594 
3 2395.0009765625 18.929035186767578 2430.9111328125 67.68614959716797 
712
2 1585.32763671875 66.99295043945312 1783.5003662109375 399.80291748046875 
3 2397.404541015625 18.002662658691406 2435.594482421875 68.95558166503906 
713
2 1587.76806640625 71.08148193359375 1779.7347412109375 400.45391845703125 
3 2398.056884765625 20.040821075439453 2436.2451171875 69.98756408691406 
714
2 1583.5634765625 75.49302673339844 1775.7176513671875 406.48626708984375 
3 2434.8662109375 16.67699432373047 2484.91943359375 90.2302474975586 
715
2 1579.2969970703125 75.33126831054688 1770.1416015625 407.80401611328125 
3 2401.626220703125 23.055755615234375 2437.6484375 71.83741760253906 
716
2 1574.9595947265625 77.20277404785156 1764.3997802734375 407.2708740234375 
3 2399.065673828125 21.465373992919922 2438.89599609375 72.61571502685547 
3 2436.20166015625 16.036911010742188 2485.483642578125 89.18016815185547 
717
2 1568.9700927734375 78.619140625 1758.2769775390625 409.67779541015625 
3 2403.30224609375 21.665027618408203 2438.400634765625 73.08138275146484 
718
2 1563.13671875 79.72412109375 1751.820068359375 410.6094970703125 
3 2443.285888671875 19.440101623535156 2488.456787109375 91.5218734741211 
3 2407.593505859375 23.45764923095703 2443.42626953125 108.23684692382812 
3 2410.220703125 23.955917358398438 2441.1220703125 72.41304779052734 
719
2 1559.331298828125 78.81558227539062 1745.4884033203125 409.5404357910156 
3 2409.746826171875 23.48562240600586 2443.31787109375 105.20912170410156 
3 2440.3876953125 17.375221252441406 2488.792236328125 90.25232696533203 
3 2410.96875 24.0352783203125 2441.92919921875 77.2781753540039 
720
2 1554.87548828125 76.55638122558594 1743.812255859375 411.5084533691406 
3 2448.291748046875 15.323616027832031 2491.4638671875 88.1102523803711 
3 2411.00390625 22.577037811279297 2448.1162109375 106.11711120605469 
721
2 1550.20068359375 76.45301818847656 1741.8985595703125 410.43170166015625 
3 2447.908935546875 14.469306945800781 2492.911376953125 90.25425720214844 
722
2 1543.088134765625 78.63717651367188 1740.0911865234375 413.78564453125 
3 2417.24072265625 21.378902435302734 2453.81689453125 110.99130249023438 
3 2448.232666015625 15.001785278320312 2492.486572265625 87.57622528076172 
723
2 1538.7523193359375 80.99813842773438 1738.3251953125 414.7968444824219 
3 2449.45654296875 17.788604736328125 2492.860107421875 90.44438171386719 
3 2419.360595703125 25.043025970458984 2453.916259765625 108.9658203125 
724
2 1528.892822265625 83.36221313476562 1734.837158203125 420.2943115234375 
3 2450.134033203125 17.6019287109375 2492.854736328125 89.50833129882812 
3 2419.151611328125 24.188426971435547 2454.6455078125 112.29071044921875 
725
2 1522.3590087890625 86.16276550292969 1729.5841064453125 438.1160888671875 
3 2449.88818359375 15.548835754394531 2493.369140625 87.46825408935547 
3 2420.02734375 23.584239959716797 2454.176513671875 107.546142578125 
726
2 1514.886962890625 89.51657104492188 1721.705810546875 449.45849609375 
3 2420.19677734375 24.46063232421875 2453.66015625 101.83882141113281 
3 2447.48779296875 21.43978500366211 2491.741455078125 91.39412689208984 
727
2 1506.960205078125 93.2391357421875 1716.169921875 458.8150634765625 
3 2447.578857421875 19.342483520507812 2492.156982421875 91.23069763183594 
3 2418.6171875 27.32933807373047 2452.75 105.46456909179688 
728
2 1498.6773681640625 95.27401733398438 1710.6317138671875 464.9214172363281 
3 2418.5595703125 29.621353149414062 2453.13330078125 103.74598693847656 
729
2 1493.33740234375 98.41412353515625 1704.6796875 474.0789794921875 
730
2 1486.4010009765625 102.06718444824219 1696.937744140625 473.1078186035156 
3 2448.57373046875 20.16036605834961 2486.160400390625 91.92414855957031 
3 2416.787841796875 28.372482299804688 2455.9853515625 110.06338500976562 
731
2 1481.3909912109375 104.06967163085938 1691.434326171875 473.2310791015625 
3 2449.43798828125 19.403182983398438 2486.0625 92.20388793945312 
3 2414.880859375 27.78716278076172 2456.1171875 109.80024719238281 
732
2 1474.9541015625 104.55804443359375 1684.28515625 478.12646484375 
733
2 1466.067138671875 105.98782348632812 1674.368896484375 482.2296142578125 
734
2 1459.606201171875 111.127685546875 1662.910400390625 488.9791259765625 
3 2401.99560546875 25.778831481933594 2455.86865234375 112.94270324707031 
735
2 1451.2724609375 111.53482055664062 1654.0335693359375 492.50732421875 
736
2 1447.232177734375 112.26382446289062 1647.109619140625 494.6351318359375 
3 2407.712646484375 26.370162963867188 2454.144775390625 89.8971939086914 
737
2 1445.89697265625 110.44097900390625 1644.568359375 494.35711669921875 
738
1 1442.3505859375 108.28204345703125 1641.9168701171875 501.03778076171875 
739
1 1437.637451171875 107.91015625 1638.7373046875 505.1329345703125 
740
1 1432.293701171875 106.14593505859375 1633.1094970703125 498.78216552734375 
741
1 1426.9903564453125 109.5423583984375 1627.21826171875 503.63623046875 
742
1 1419.1348876953125 109.14631652832031 1620.797607421875 508.2679443359375 
743
1 1412.6685791015625 109.9539794921875 1613.1475830078125 506.3763427734375 
744
1 1403.91943359375 110.25553894042969 1607.1456298828125 511.79620361328125 
745
1 1396.5491943359375 110.13194274902344 1600.13330078125 508.210205078125 
746
1 1388.5079345703125 110.596435546875 1596.926025390625 511.0201416015625 
747
1 1386.881591796875 110.701171875 1594.83154296875 516.4178466796875 
3 2416.402587890625 21.492538452148438 2459.83447265625 88.15577697753906 
748
1 1382.588623046875 110.39781188964844 1594.4356689453125 510.844970703125 
749
1 1383.6077880859375 110.44999694824219 1595.9156494140625 509.68505859375 
750
1 1383.7265625 110.28507995605469 1596.291748046875 513.7225952148438 
751
1 1384.2872314453125 109.43002319335938 1596.8065185546875 518.33544921875 
752
1 1384.488037109375 108.30342102050781 1597.1795654296875 515.9305419921875 
753
1 1384.0538330078125 106.61106872558594 1598.0797119140625 529.8853149414062 
754
1 1382.90380859375 105.40052795410156 1599.2364501953125 520.0504150390625 
755
1 1387.6856689453125 102.84002685546875 1601.6268310546875 514.6646728515625 
756
1 1389.0089111328125 102.24301147460938 1605.288330078125 501.23590087890625 
757
2 1394.5401611328125 98.76277160644531 1611.9974365234375 493.444091796875 
758
2 1402.5311279296875 96.99198913574219 1618.397705078125 492.64764404296875 
759
2 1413.572265625 95.48681640625 1630.5648193359375 485.03387451171875 
760
2 1426.4791259765625 93.88539123535156 1642.344482421875 450.3819274902344 
3 2478.696044921875 45.42198944091797 2517.233154296875 104.33729553222656 
761
2 1442.8017578125 92.59318542480469 1654.1693115234375 449.14776611328125 
3 2489.344970703125 47.355445861816406 2528.533203125 106.17025756835938 
762
2 1455.796142578125 92.44575500488281 1667.366455078125 444.93072509765625 
763
2 1471.3060302734375 91.26242065429688 1678.6739501953125 441.2616271972656 
764
2 1483.9102783203125 91.31088256835938 1690.0462646484375 438.5146789550781 
765
2 1497.58837890625 91.56193542480469 1701.45947265625 435.0842590332031 
766
2 1511.488525390625 92.18788146972656 1712.1759033203125 434.9927978515625 
767
2 1524.5924072265625 92.80316162109375 1724.2735595703125 442.99884033203125 
768
2 1538.8416748046875 94.35890197753906 1737.285888671875 437.7581787109375 
769
2 1553.3587646484375 95.60824584960938 1752.775634765625 440.1839599609375 
770
2 1568.5740966796875 98.09292602539062 1770.6513671875 442.7865295410156 
771
2 1588.8262939453125 98.43890380859375 1787.09033203125 445.5621643066406 
772
2 1606.5335693359375 99.743408203125 1805.0338134765625 446.6669616699219 
773
2 1624.032470703125 101.04635620117188 1820.9454345703125 447.1083984375 
774
2 1640.9342041015625 101.6929931640625 1839.449462890625 449.31622314453125 
775
2 1651.1875 102.75411987304688 1855.7789306640625 452.7214050292969 
776
2 1657.47265625 104.991455078125 1872.8759765625 454.53643798828125 
777
2 1674.41259765625 105.69166564941406 1889.2432861328125 453.80169677734375 
778
2 1669.4058837890625 106.69502258300781 1904.324462890625 462.9433288574219 
779
2 1694.7322998046875 107.46810913085938 1918.706298828125 460.037109375 
780
2 1707.6243896484375 109.52508544921875 1932.621826171875 456.48486328125 
781
2 1719.7032470703125 110.82077026367188 1945.3634033203125 459.1370849609375 
782
2 1735.34326171875 112.15266418457031 1958.59521484375 454.98883056640625 
783
2 1736.6446533203125 112.84867858886719 1969.9051513671875 456.0099182128906 
784
2 1755.428955078125 114.5926513671875 1981.57373046875 462.3569030761719 
785
2 1767.7388916015625 115.49383544921875 1990.1666259765625 457.7747802734375 
786
2 1776.254638671875 117.33303833007812 1999.3543701171875 452.9364929199219 
787
2 1778.1451416015625 118.90869140625 2005.60693359375 468.5086364746094 
788
2 1790.5111083984375 120.66949462890625 2011.75537109375 470.1156311035156 
789
2 1802.7216796875 121.62026977539062 2015.2557373046875 469.4186706542969 
790
2 1803.2642822265625 122.88224792480469 2020.34814453125 467.1031494140625 
791
2 1809.34716796875 122.31056213378906 2024.0106201171875 467.447021484375 
792
2 1812.1072998046875 122.71762084960938 2027.60986328125 472.1932373046875 
793
2 1813.907958984375 124.20687866210938 2030.3857421875 473.6802673339844 
794
2 1814.746826171875 125.28955078125 2035.10498046875 473.0430908203125 
795
2 1817.2392578125 126.334228515625 2039.914794921875 478.4388427734375 
796
2 1819.6776123046875 126.59536743164062 2045.545166015625 472.3477783203125 
797
2 1822.134765625 128.17141723632812 2050.401123046875 484.99755859375 
798
2 1822.86767578125 130.24655151367188 2055.33447265625 481.3409423828125 
799
2 1824.8927001953125 131.77879333496094 2058.9296875 482.16729736328125 
800
2 1826.8172607421875 134.49481201171875 2062.3759765625 489.761474609375 
801
1 1830.1466064453125 134.8953399658203 2065.415771484375 506.545166015625 
802
1 1833.13427734375 137.03936767578125 2071.465576171875 514.26318359375 
803
1 1837.0784912109375 138.4101104736328 2075.383544921875 525.1607055664062 
804
1 1839.542236328125 142.18429565429688 2077.300048828125 528.9015502929688 
805
1 1841.093017578125 144.36656188964844 2081.39404296875 530.3900146484375 
806
1 1845.131591796875 146.92100524902344 2083.144775390625 530.4803466796875 
807
1 1845.7403564453125 151.7705841064453 2088.22216796875 534.05908203125 
808
1 1846.7061767578125 156.0504150390625 2094.36962890625 531.9610595703125 
809
1 1842.337646484375 162.364501953125 2100.841552734375 535.9176025390625 
810
1 1844.062255859375 165.71849060058594 2107.313720703125 544.957275390625 
811
1 1843.579833984375 174.17990112304688 2114.629150390625 543.2001953125 
812
1 1851.981689453125 181.733154296875 2122.78466796875 547.5684204101562 
813
1 1857.87646484375 188.1826171875 2130.581787109375 560.9039306640625 
814
1 1855.473388671875 194.67071533203125 2140.500244140625 557.8743896484375 
815
1 1862.001953125 201.49484252929688 2155.10205078125 570.4656372070312 
1 1862.021240234375 201.48846435546875 2155.038818359375 570.699951171875 
816
1 1866.9775390625 207.6378936767578 2169.431396484375 570.5226440429688 
817
1 1880.4189453125 213.7725830078125 2185.463623046875 568.7573852539062 
818
1 1888.894775390625 218.13609313964844 2199.623046875 578.6846923828125 
819
1 1901.335693359375 221.9971923828125 2213.111083984375 578.2705688476562 
820
1 1907.580078125 226.64996337890625 2224.282958984375 577.0721435546875 
821
1 1934.3782958984375 231.08712768554688 2238.804443359375 569.312255859375 
822
1 1944.8651123046875 237.45001220703125 2254.278076171875 567.0126342773438 
823
1 1962.186279296875 242.328369140625 2268.845703125 584.1405029296875 
824
1 1983.6712646484375 248.55291748046875 2282.68994140625 606.0794067382812 
825
1 1988.608154296875 256.7645263671875 2296.39111328125 637.0174560546875 
826
1 1988.31494140625 266.09149169921875 2308.634521484375 652.7431030273438 
827
0 1991.415283203125 276.04571533203125 2324.330322265625 664.5049438476562 
828
0 1995.69189453125 286.75592041015625 2335.5224609375 671.2818603515625 
829
0 1998.291259765625 297.7456359863281 2350.157958984375 689.70703125 
830
0 2000.7945556640625 308.1748962402344 2364.916259765625 701.645751953125 
831
0 2007.109375 318.79437255859375 2380.637939453125 702.5863037109375 
832
0 2012.9329833984375 330.05206298828125 2395.2939453125 723.1342163085938 
833
0 2029.835205078125 339.530029296875 2412.323486328125 725.376953125 
834
0 2046.07666015625 346.99810791015625 2428.2958984375 719.4420776367188 
835
0 2067.675537109375 351.0956115722656 2449.249755859375 731.8950805664062 
836
0 2089.208740234375 356.21868896484375 2465.3251953125 720.8809204101562 
837
2 2108.960693359375 363.0299377441406 2488.8623046875 715.8862915039062 
838
2 2118.71435546875 366.5919494628906 2508.281982421875 715.0714111328125 
839
2 2119.822509765625 372.74969482421875 2526.595458984375 722.34130859375 
840
2 2122.5986328125 378.69964599609375 2548.716064453125 738.309814453125 
0 356.7567138671875 693.3397216796875 626.9641723632812 967.7789306640625 
841
2 2124.2666015625 386.44488525390625 2558.441162109375 751.8155517578125 
842
2 2125.43896484375 396.5494689941406 2558.548828125 761.5054931640625 
843
2 2128.452392578125 407.48712158203125 2558.477783203125 782.8504638671875 
844
2 2130.730712890625 418.6297912597656 2558.8876953125 800.703857421875 
845
2 2132.3896484375 440.9776611328125 2558.88720703125 819.5572509765625 
846
2 2134.677978515625 466.23577880859375 2558.75439453125 833.9105224609375 
847
1 2137.97021484375 496.067626953125 2558.811767578125 848.1751708984375 
848
1 2142.56494140625 514.1710815429688 2558.73193359375 859.7810668945312 
849
1 2144.85888671875 531.8549194335938 2558.706298828125 872.5736694335938 
850
3 2165.58447265625 549.7582397460938 2558.879150390625 886.9310913085938 
851
3 2180.813232421875 566.1140747070312 2558.82275390625 883.5479736328125 
852
3 2217.97216796875 585.0491943359375 2558.39697265625 879.1776123046875 
853
3 2243.15673828125 536.6116943359375 2558.89306640625 878.9293212890625 
854
3 2245.6162109375 541.951416015625 2559.228271484375 878.495361328125 
855
3 2307.4189453125 558.7012329101562 2558.9130859375 875.9927978515625 
3 2308.322265625 636.9554443359375 2558.913818359375 876.97509765625 
856
3 2314.446533203125 654.99072265625 2559.131591796875 898.781005859375 
857
3 2353.27099609375 671.9013061523438 2558.864501953125 900.1422119140625 
858
3 2346.507568359375 689.359619140625 2559.0322265625 943.6129150390625 
859
3 2350.58984375 720.3648681640625 2559.006591796875 967.8316040039062 
860
3 2352.30517578125 735.0076293945312 2559.058837890625 998.2890625 
861
3 2353.655517578125 754.994384765625 2559.06689453125 1052.690673828125 
862
3 2355.6865234375 777.853759765625 2558.989990234375 1074.10107421875 
863
3 2363.228759765625 797.7344360351562 2558.990478515625 1067.19677734375 
864
3 2368.9873046875 818.3740234375 2558.972412109375 1072.385009765625 
865
866
867
868
869
870
