0
1
2
3
4
5
6
7
8
9
10
11
12
13
14
15
16
17
18
19
20
21
22
23
24
25
26
27
28
29
30
31
32
33
34
35
36
37
38
39
40
41
42
43
44
45
46
47
48
49
50
51
52
53
54
55
56
57
58
59
60
61
62
63
64
65
66
67
68
69
70
71
72
73
74
75
76
77
78
79
80
81
82
83
84
85
86
87
88
89
90
91
92
93
94
95
96
97
98
99
100
101
102
103
3 3712.705810546875 1816.93896484375 3838.46875 2071.905029296875 
104
3 3627.368408203125 1723.983642578125 3838.56103515625 2075.174072265625 
3 3628.94970703125 1723.784423828125 3838.54052734375 1918.734619140625 
105
3 3622.814208984375 1692.9122314453125 3838.599609375 2076.41552734375 
106
3 3578.460205078125 1667.601806640625 3838.51904296875 2075.340576171875 
107
3 3544.84130859375 1647.76806640625 3838.423095703125 2074.82568359375 
108
3 3520.11669921875 1631.09375 3838.38525390625 2074.790283203125 
109
3 3492.60498046875 1607.1785888671875 3838.31005859375 2073.993896484375 
110
3 3482.898193359375 1580.9052734375 3838.220703125 2074.972412109375 
111
3 3481.0107421875 1545.16796875 3838.345703125 2076.33837890625 
112
3 3481.63330078125 1411.9324951171875 3838.6240234375 2070.655517578125 
113
3 3481.11083984375 1406.614501953125 3838.458251953125 2058.77685546875 
114
3 3480.579345703125 1389.0828857421875 3838.59423828125 2034.3944091796875 
115
3 3481.92919921875 1368.1871337890625 3838.64013671875 2011.279296875 
116
3 3481.77392578125 1345.6419677734375 3838.61962890625 1979.962646484375 
117
3 3481.20654296875 1328.0703125 3838.469970703125 1946.73193359375 
118
3 3481.37060546875 1300.898681640625 3838.6669921875 1915.6314697265625 
119
3 3482.093994140625 1279.1070556640625 3838.499267578125 1883.9183349609375 
120
3 3481.859375 1250.5185546875 3838.34423828125 1849.060546875 
121
3 3476.42626953125 1220.802490234375 3838.25390625 1835.86083984375 
122
3 3417.967529296875 1183.7550048828125 3838.33740234375 1841.022216796875 
123
3 3363.167724609375 1143.436767578125 3838.421630859375 1840.7294921875 
124
3 3312.598388671875 1117.080078125 3837.4833984375 1841.4561767578125 
125
0 3265.67626953125 1042.60205078125 3837.993896484375 1839.8258056640625 
126
0 3240.478271484375 915.7860717773438 3837.71630859375 1837.303466796875 
127
0 3212.59521484375 884.8663330078125 3838.4482421875 1833.669189453125 
128
0 3210.7138671875 860.422119140625 3838.49560546875 1831.29638671875 
129
0 3206.6923828125 844.8733520507812 3838.081787109375 1824.3424072265625 
130
0 3205.392333984375 831.9490356445312 3838.27978515625 1805.562255859375 
131
0 3205.73583984375 818.802001953125 3837.96240234375 1789.009521484375 
132
0 3206.0087890625 805.489013671875 3837.595703125 1767.202392578125 
133
0 3206.5087890625 791.2301025390625 3837.72802734375 1741.1363525390625 
134
0 3206.329833984375 773.649169921875 3837.67626953125 1719.960693359375 
135
0 3208.109619140625 757.5162963867188 3836.654296875 1690.489501953125 
136
3 3209.492431640625 742.527099609375 3831.43212890625 1678.23974609375 
137
3 3211.30224609375 729.7481689453125 3813.61767578125 1675.34033203125 
138
3 3212.28076171875 715.3361206054688 3796.506591796875 1676.1273193359375 
139
3 3213.21240234375 705.294921875 3777.403564453125 1678.2088623046875 
140
3 3210.69189453125 696.3264770507812 3759.52978515625 1678.28125 
141
0 3162.56494140625 689.1427612304688 3738.65771484375 1678.594970703125 
142
0 3112.57763671875 682.5096435546875 3717.224609375 1678.3040771484375 
143
0 3064.958984375 677.8175659179688 3697.65478515625 1678.415283203125 
144
0 3024.94580078125 669.7161254882812 3675.80859375 1679.805908203125 
145
0 2997.7880859375 663.9578247070312 3656.7666015625 1675.8841552734375 
146
0 2974.9169921875 657.0441284179688 3633.751953125 1673.89697265625 
147
0 2960.90673828125 650.4380493164062 3611.62841796875 1676.640380859375 
148
0 2943.6337890625 644.7816162109375 3588.7685546875 1669.2294921875 
149
0 2937.00146484375 633.5617065429688 3566.904052734375 1664.9871826171875 
150
0 2933.09033203125 623.0152587890625 3545.6064453125 1660.051025390625 
151
0 2931.9013671875 610.872314453125 3526.96728515625 1655.560546875 
152
0 2932.07763671875 597.224853515625 3506.8310546875 1637.7110595703125 
153
0 2932.34375 582.5164794921875 3487.525390625 1609.5908203125 
154
0 2934.200927734375 568.9108276367188 3468.280517578125 1577.656982421875 
155
1 2934.4013671875 556.4515380859375 3448.33154296875 1547.5872802734375 
156
1 2933.979248046875 545.3998413085938 3431.785400390625 1520.92919921875 
157
1 2934.107421875 537.9258422851562 3413.0703125 1489.150146484375 
158
1 2934.238037109375 529.8143920898438 3392.53955078125 1471.518310546875 
159
1 2894.789794921875 522.3512573242188 3375.55810546875 1472.621337890625 
160
1 2836.204833984375 519.9552001953125 3355.9638671875 1475.6337890625 
161
1 2783.288330078125 515.9402465820312 3334.9609375 1475.374267578125 
162
1 2735.04150390625 512.5126953125 3313.814208984375 1474.8740234375 
163
1 2695.9150390625 509.3333740234375 3294.626953125 1475.440185546875 
164
1 2664.6943359375 508.5134582519531 3272.60986328125 1473.951171875 
165
1 2647.94775390625 505.913330078125 3248.069091796875 1473.6932373046875 
166
1 2634.761474609375 504.52655029296875 3227.447021484375 1466.55224609375 
167
1 2632.060791015625 497.77752685546875 3204.16552734375 1459.679931640625 
168
1 2631.052734375 492.05517578125 3180.767578125 1454.591552734375 
169
1 2628.595703125 482.18426513671875 3152.86572265625 1438.521240234375 
170
1 2628.774169921875 472.405029296875 3131.332763671875 1427.552001953125 
171
1 2628.5498046875 461.53155517578125 3108.95849609375 1410.72900390625 
172
1 2628.12890625 450.60791015625 3088.94873046875 1398.382568359375 
173
1 2628.177978515625 442.0042419433594 3074.2578125 1372.495849609375 
174
1 2630.360595703125 431.0635986328125 3061.24169921875 1351.6116943359375 
175
1 2630.779052734375 421.1461486816406 3053.143310546875 1348.4710693359375 
176
1 2630.046875 412.4122314453125 3041.004638671875 1347.13720703125 
177
1 2629.953125 404.5484619140625 3028.94384765625 1348.10302734375 
178
1 2630.80322265625 400.56695556640625 3016.685546875 1348.899658203125 
179
1 2633.80615234375 394.85595703125 2999.80859375 1349.12646484375 
180
1 2592.49951171875 390.7768249511719 2983.363037109375 1350.1650390625 
181
1 2538.126953125 388.88458251953125 2964.154296875 1349.6312255859375 
182
1 2493.010986328125 383.9360046386719 2943.58349609375 1349.2628173828125 
183
1 2450.31982421875 382.6849365234375 2922.39208984375 1351.361328125 
184
1 2419.86669921875 382.4416809082031 2899.766357421875 1349.718505859375 
185
1 2400.34912109375 380.606689453125 2875.981689453125 1349.5670166015625 
186
1 2388.1923828125 378.10809326171875 2855.595947265625 1348.613037109375 
187
1 2378.70263671875 376.203369140625 2832.326416015625 1344.9708251953125 
188
1 2375.8720703125 371.3548583984375 2811.5615234375 1341.5408935546875 
189
1 2375.04052734375 364.5125732421875 2788.33984375 1338.19384765625 
190
1 2373.685791015625 353.958984375 2776.57666015625 1337.262451171875 
191
1 2373.689453125 347.79486083984375 2763.0009765625 1322.320556640625 
192
1 2372.61376953125 336.76495361328125 2741.30029296875 1310.654541015625 
193
1 2373.25146484375 329.7236328125 2718.761474609375 1286.3443603515625 
194
1 2372.75537109375 321.4915466308594 2699.154541015625 1261.861328125 
195
1 2372.55029296875 313.01611328125 2685.256591796875 1238.261962890625 
196
1 2366.87109375 308.7539978027344 2671.3330078125 1210.3798828125 
197
1 2344.14697265625 305.0642395019531 2658.59130859375 1179.977783203125 
198
1 2316.60009765625 302.5216064453125 2646.51904296875 1181.8289794921875 
199
1 2295.40478515625 300.404296875 2637.21630859375 1182.5791015625 
200
1 2241.268798828125 300.684814453125 2629.843505859375 1183.21826171875 
201
1 2188.54638671875 297.00372314453125 2620.445068359375 1182.9803466796875 
202
1 2141.534912109375 298.669677734375 2607.678466796875 1183.8193359375 
203
1 2099.8876953125 304.8013916015625 2597.20166015625 1182.839111328125 
204
1 2064.5107421875 307.3223876953125 2580.447998046875 1182.0362548828125 
205
1 2033.7322998046875 312.7685546875 2565.88427734375 1180.835205078125 
206
1 2014.0498046875 315.07080078125 2553.35693359375 1181.744384765625 
207
1 1999.937744140625 319.17291259765625 2533.875732421875 1181.744873046875 
208
1 1996.3623046875 323.126953125 2518.52197265625 1177.339599609375 
209
1 1999.0283203125 322.6304931640625 2514.93994140625 1178.860595703125 
210
1 2001.7320556640625 328.9757080078125 2515.69140625 1174.08447265625 
211
1 1998.3123779296875 328.8695983886719 2510.72119140625 1168.6600341796875 
212
1 1996.1619873046875 329.408935546875 2505.248046875 1166.70947265625 
213
1 1997.2060546875 329.9346923828125 2496.9794921875 1166.5087890625 
214
1 1997.19921875 327.35931396484375 2484.605712890625 1168.114013671875 
215
1 1997.589111328125 320.5189208984375 2467.353515625 1164.116943359375 
216
1 1997.8956298828125 311.36334228515625 2455.689453125 1163.227294921875 
217
1 1994.884765625 303.59332275390625 2439.893798828125 1163.5311279296875 
218
1 1984.147705078125 291.52105712890625 2418.3828125 1163.854736328125 
219
1 1959.6397705078125 273.9541015625 2389.993896484375 1163.23291015625 
220
1 1949.0064697265625 259.54888916015625 2360.154052734375 1162.961669921875 
221
1 1938.560302734375 247.9296112060547 2325.8857421875 1162.38720703125 
222
1 1930.7734375 239.08580017089844 2290.34375 1163.3929443359375 
223
1 1915.5859375 226.93959045410156 2269.372802734375 1164.4266357421875 
224
1 1910.697998046875 223.16583251953125 2254.01025390625 1163.2088623046875 
225
1 1905.760498046875 217.53286743164062 2236.59033203125 1163.885009765625 
226
1 1894.43408203125 214.80633544921875 2217.92529296875 1163.0833740234375 
227
1 1889.46044921875 212.0596160888672 2198.839111328125 1164.521484375 
228
1 1846.91259765625 211.89541625976562 2182.79541015625 1164.8360595703125 
229
1 1799.0262451171875 209.55125427246094 2167.483642578125 1166.246337890625 
230
1 1755.538818359375 211.20428466796875 2155.13232421875 1166.67919921875 
231
1 1718.1734619140625 212.2383270263672 2149.76708984375 1166.99658203125 
232
1 1683.44873046875 214.97323608398438 2150.33251953125 1167.53076171875 
233
1 1668.6865234375 219.61798095703125 2151.232421875 1167.532958984375 
234
1 1653.59130859375 222.78712463378906 2150.14013671875 1167.93212890625 
235
1 1653.8134765625 223.8874969482422 2149.42333984375 1168.1639404296875 
236
1 1639.5859375 226.30128479003906 2150.990966796875 1168.06298828125 
237
1 1638.649169921875 228.4207305908203 2149.514892578125 1166.84375 
238
1 1640.6612548828125 228.2439422607422 2146.20166015625 1167.236328125 
239
1 1638.90185546875 224.7080841064453 2143.289306640625 1168.366455078125 
240
1 1634.9586181640625 224.60348510742188 2138.294921875 1167.6961669921875 
241
1 1622.8560791015625 224.62710571289062 2131.7080078125 1167.9610595703125 
242
1 1609.285888671875 218.0485382080078 2117.099609375 1161.4254150390625 
243
1 1588.7830810546875 213.14492797851562 2092.68408203125 1163.989501953125 
244
1 1570.150634765625 210.56304931640625 2062.5009765625 1157.997314453125 
245
1 1555.107177734375 202.66836547851562 2033.7469482421875 1151.68603515625 
246
1 1541.0760498046875 191.8308563232422 1993.1788330078125 1143.418701171875 
247
1 1527.780029296875 188.8212432861328 1953.23388671875 1141.03564453125 
248
1 1512.8218994140625 184.92874145507812 1912.798095703125 1148.029052734375 
249
1 1499.61376953125 185.79464721679688 1859.41943359375 1151.7413330078125 
250
1 1482.5054931640625 182.9692840576172 1820.13330078125 1154.9263916015625 
251
1 1466.451171875 183.4134521484375 1798.656005859375 1175.207275390625 
252
1 1449.9478759765625 193.4246063232422 1797.35546875 1185.505859375 
253
1 1432.429931640625 195.6826171875 1796.7052001953125 1201.07958984375 
254
1 1411.6986083984375 202.81411743164062 1797.10205078125 1218.260986328125 
255
1 1379.046142578125 211.2587127685547 1797.413818359375 1223.1683349609375 
256
1 1349.60693359375 216.10743713378906 1795.3297119140625 1225.4696044921875 
257
1 1339.338134765625 221.03128051757812 1795.283935546875 1231.3751220703125 
258
1 1319.2298583984375 229.16734313964844 1792.244384765625 1244.5439453125 
259
1 1315.6390380859375 235.23294067382812 1790.889892578125 1255.368408203125 
260
1 1289.80126953125 239.91055297851562 1786.86865234375 1259.3724365234375 
261
1 1274.0787353515625 241.29368591308594 1779.8851318359375 1259.1888427734375 
262
1 1253.233642578125 247.82080078125 1769.310791015625 1259.0625 
263
1 1230.43603515625 248.0448760986328 1750.134033203125 1260.27392578125 
264
1 1205.3009033203125 246.12680053710938 1724.41796875 1260.6156005859375 
265
1 1181.44287109375 247.5409698486328 1693.04248046875 1256.745361328125 
266
1 1154.7677001953125 249.5823211669922 1663.752197265625 1258.6007080078125 
3 0.4534764289855957 576.598876953125 79.468994140625 672.9119262695312 
267
1 1118.2855224609375 250.91661071777344 1627.536376953125 1257.8448486328125 
268
1 1112.771728515625 251.28359985351562 1589.1763916015625 1257.9329833984375 
269
1 1091.6884765625 254.11875915527344 1550.0811767578125 1257.898193359375 
3 0.2588381767272949 525.4439697265625 77.63020324707031 671.2531127929688 
270
1 1075.9864501953125 255.14625549316406 1499.7696533203125 1257.501953125 
3 0.21986675262451172 515.3449096679688 76.16912841796875 671.1040649414062 
271
1 1063.0247802734375 257.53143310546875 1486.4139404296875 1258.798828125 
3 0.160125732421875 506.269775390625 75.1365737915039 676.0343017578125 
272
1 1047.3299560546875 262.0165100097656 1487.266357421875 1259.31787109375 
3 0.1260395050048828 500.476318359375 73.72954559326172 669.57666015625 
273
1 1026.5767822265625 263.8418884277344 1486.4302978515625 1258.8118896484375 
3 0.025394439697265625 487.3260498046875 74.06639862060547 670.9867553710938 
274
1 1009.1746215820312 270.5577392578125 1487.4627685546875 1258.576416015625 
3 0.10570764541625977 453.50732421875 89.4990234375 670.7755126953125 
275
1 993.496337890625 274.41986083984375 1488.46923828125 1259.382080078125 
3 0.10386228561401367 405.18231201171875 99.00849151611328 665.403076171875 
276
1 974.2307739257812 282.31719970703125 1488.0516357421875 1258.77490234375 
3 0.0 400.02557373046875 128.51243591308594 660.40234375 
277
1 953.6162109375 292.1942138671875 1488.2998046875 1259.7188720703125 
3 0.0 401.89361572265625 155.05364990234375 639.0595703125 
278
1 934.9903564453125 297.78131103515625 1487.495849609375 1258.564208984375 
3 0.0 394.5383605957031 159.59288024902344 625.3653564453125 
279
1 920.8321533203125 306.1265869140625 1488.49365234375 1259.7061767578125 
3 0.3073997497558594 387.0535583496094 159.85516357421875 622.5953369140625 
3 0.27016639709472656 387.27032470703125 167.96578979492188 667.657958984375 
280
1 902.8577270507812 312.25726318359375 1479.630615234375 1261.68798828125 
3 1.7689132690429688 380.3762512207031 170.88070678710938 669.19970703125 
281
1 885.336181640625 317.1944580078125 1480.118408203125 1261.79638671875 
3 12.998611450195312 380.21917724609375 176.86683654785156 664.0235595703125 
282
1 868.4725341796875 319.271240234375 1480.319580078125 1260.836669921875 
3 24.186853408813477 376.47021484375 178.17251586914062 658.0831909179688 
283
1 848.0418701171875 321.30029296875 1473.113037109375 1258.892578125 
3 32.80381393432617 374.4555358886719 178.8001251220703 657.998779296875 
284
1 829.6375732421875 324.30902099609375 1463.020751953125 1260.5888671875 
3 37.71764373779297 366.77984619140625 176.68771362304688 649.956787109375 
285
1 808.3787841796875 326.37841796875 1446.484375 1258.7459716796875 
3 46.23979568481445 362.22271728515625 163.82151794433594 627.873291015625 
286
1 786.1802978515625 325.07391357421875 1430.3096923828125 1259.6220703125 
3 54.419898986816406 358.9497985839844 167.53839111328125 622.217529296875 
287
1 771.1964721679688 325.8765869140625 1403.2420654296875 1255.8951416015625 
3 63.06587219238281 362.8304443359375 170.9205780029297 616.9512939453125 
288
1 755.9150390625 327.61370849609375 1376.456298828125 1250.0595703125 
3 70.75834655761719 390.73333740234375 175.44749450683594 606.116943359375 
289
1 735.410888671875 334.23004150390625 1348.215087890625 1241.291748046875 
3 78.93428802490234 402.38970947265625 182.3760528564453 612.5795288085938 
290
1 722.5106201171875 334.6919860839844 1318.859375 1236.569580078125 
3 79.26899719238281 359.2763671875 216.4744873046875 627.6268310546875 
291
1 707.0590209960938 335.27630615234375 1291.93505859375 1234.611083984375 
3 86.03929138183594 355.81915283203125 217.51927185058594 626.1150512695312 
292
1 691.6766357421875 332.84197998046875 1262.633544921875 1235.7362060546875 
3 87.75894927978516 341.0408020019531 246.06857299804688 611.4636840820312 
293
1 678.761962890625 336.13323974609375 1224.43408203125 1244.289794921875 
3 98.04949951171875 337.5357971191406 260.56787109375 606.1875610351562 
294
1 668.5830688476562 338.2671203613281 1189.3828125 1240.58837890625 
3 106.75083923339844 335.72064208984375 261.3377685546875 611.487548828125 
295
1 657.3353271484375 338.75390625 1186.0919189453125 1279.990478515625 
3 110.98578643798828 331.37908935546875 274.03997802734375 566.1029052734375 
296
1 645.4266357421875 344.8060302734375 1184.1220703125 1296.66748046875 
3 118.57490539550781 331.3750305175781 277.8604431152344 564.2275390625 
297
1 633.6124877929688 350.79644775390625 1185.5029296875 1315.29833984375 
3 126.45162963867188 328.70654296875 282.6432189941406 565.0237426757812 
298
1 626.1587524414062 352.28033447265625 1185.5333251953125 1329.6737060546875 
3 136.0192108154297 326.0021667480469 285.519287109375 563.4497680664062 
299
1 615.02734375 358.3272705078125 1186.201904296875 1341.927001953125 
3 146.0531005859375 324.8370361328125 286.40289306640625 567.4417724609375 
300
1 603.945068359375 365.62255859375 1186.33935546875 1346.890869140625 
3 149.10400390625 326.0318298339844 285.8114318847656 567.1477661132812 
301
1 591.117919921875 370.72528076171875 1187.091552734375 1352.54248046875 
3 159.08328247070312 339.93511962890625 286.7038879394531 565.818115234375 
302
1 578.6947021484375 369.577392578125 1186.9189453125 1358.896484375 
3 164.47976684570312 344.2986145019531 287.3014831542969 565.5592041015625 
303
1 568.116455078125 373.7961730957031 1186.48583984375 1359.4158935546875 
3 167.6785888671875 308.2298889160156 287.58660888671875 562.3502807617188 
304
1 555.7591552734375 379.6683654785156 1186.779541015625 1360.8238525390625 
3 173.55079650878906 315.93157958984375 288.102783203125 561.0723876953125 
305
1 541.8484497070312 383.36346435546875 1186.003173828125 1362.4285888671875 
3 181.1239471435547 308.7523193359375 296.5500793457031 559.8086547851562 
306
1 528.2615966796875 387.444580078125 1182.547119140625 1363.4305419921875 
3 188.52951049804688 314.13720703125 312.6485900878906 557.2377319335938 
307
1 511.295166015625 392.36798095703125 1177.6451416015625 1361.9090576171875 
3 194.26641845703125 308.534912109375 336.0369873046875 560.8763427734375 
308
1 490.801025390625 400.3510437011719 1166.048583984375 1362.4073486328125 
3 200.41366577148438 305.17047119140625 347.07659912109375 557.0802001953125 
309
1 476.3477783203125 402.44287109375 1147.89111328125 1362.5018310546875 
3 210.18869018554688 301.79644775390625 357.16680908203125 559.2061157226562 
310
1 460.5202331542969 406.357177734375 1132.98828125 1360.5888671875 
3 216.40423583984375 298.2076416015625 367.39703369140625 559.8743896484375 
3 216.1405792236328 299.739013671875 363.29901123046875 555.485107421875 
311
1 445.9477844238281 410.1478271484375 1115.16845703125 1360.5009765625 
3 220.83358764648438 288.1119384765625 374.7159423828125 557.479736328125 
312
1 430.8190612792969 415.2247009277344 1092.561279296875 1360.8111572265625 
3 230.46533203125 288.8722229003906 378.48345947265625 549.9697265625 
313
1 416.13079833984375 420.69415283203125 1065.1793212890625 1359.79345703125 
3 239.1551055908203 287.41387939453125 388.37457275390625 546.5825805664062 
314
1 402.084228515625 426.94061279296875 1040.5418701171875 1358.03857421875 
3 243.41436767578125 282.2806091308594 374.5564880371094 544.463134765625 
315
1 387.7024841308594 432.02630615234375 1013.2545776367188 1357.3551025390625 
3 253.62432861328125 286.33349609375 370.4604797363281 531.3463745117188 
316
1 375.77642822265625 433.0667724609375 989.2342529296875 1358.83154296875 
3 261.5025939941406 293.0185546875 371.7531433105469 507.3144836425781 
317
1 365.0715026855469 439.48388671875 987.1878662109375 1357.2674560546875 
3 265.76104736328125 285.5821228027344 371.0267333984375 501.9464111328125 
318
1 351.1978759765625 444.35638427734375 986.941650390625 1354.7236328125 
3 271.2709655761719 275.5126037597656 365.71319580078125 507.622802734375 
319
1 341.9570617675781 454.2561950683594 987.99560546875 1363.4693603515625 
3 275.69384765625 275.0928649902344 370.8028564453125 487.5024719238281 
320
1 328.8071594238281 457.699951171875 987.3374633789062 1362.174072265625 
3 279.4541015625 263.8363952636719 380.61578369140625 475.71441650390625 
321
1 318.06964111328125 465.9310302734375 986.757568359375 1366.2216796875 
3 284.3504638671875 266.14129638671875 389.4769287109375 475.01898193359375 
322
1 304.2972717285156 472.2122497558594 986.2062377929688 1384.4498291015625 
3 287.97821044921875 269.0617370605469 405.50482177734375 473.948974609375 
323
1 289.68267822265625 484.38623046875 987.0214233398438 1400.86767578125 
3 300.219482421875 256.6480407714844 430.543212890625 486.8396301269531 
324
1 282.0063171386719 497.5818786621094 985.6741943359375 1413.5250244140625 
3 306.2991027832031 273.203369140625 449.09423828125 494.3023681640625 
325
1 265.3377990722656 512.326171875 985.8782958984375 1429.4034423828125 
3 314.1352233886719 265.6502380371094 454.4783020019531 505.0893859863281 
326
1 258.68707275390625 526.5841674804688 981.3993530273438 1446.2978515625 
3 317.72515869140625 251.79351806640625 470.2271728515625 493.6171875 
327
1 242.23104858398438 540.4231567382812 974.96142578125 1462.411376953125 
3 328.3263244628906 263.68609619140625 475.7122802734375 504.5989990234375 
328
1 232.12225341796875 558.007080078125 976.3060913085938 1480.7867431640625 
3 337.20208740234375 261.2794189453125 478.3252258300781 505.6954650878906 
329
1 217.6534881591797 574.091064453125 970.050048828125 1498.446533203125 
3 343.01190185546875 272.07861328125 474.2456359863281 493.6961975097656 
330
1 197.98126220703125 593.5437622070312 959.0637817382812 1502.1640625 
3 348.7451171875 266.437255859375 479.86248779296875 495.34893798828125 
331
1 184.85023498535156 611.8800659179688 939.6256713867188 1502.7044677734375 
3 357.8277587890625 254.0793914794922 478.4024963378906 489.9957275390625 
332
1 168.60440063476562 626.1499633789062 908.2066040039062 1502.6136474609375 
3 363.1291198730469 272.08917236328125 476.3912658691406 472.54278564453125 
333
1 146.28538513183594 636.0828247070312 874.6946411132812 1502.9813232421875 
3 367.6956787109375 248.51980590820312 478.34832763671875 472.4202575683594 
334
1 118.24946594238281 645.209228515625 837.3487548828125 1503.849609375 
3 372.3888854980469 243.99765014648438 484.1904602050781 470.88616943359375 
335
1 96.12068939208984 650.8980102539062 790.4119262695312 1503.6082763671875 
3 377.217041015625 225.70367431640625 486.299072265625 469.4394836425781 
336
1 70.0770034790039 653.8502807617188 740.6838989257812 1503.74462890625 
3 389.5023193359375 238.3143310546875 485.67120361328125 470.9045104980469 
337
3 45.0509033203125 656.4647216796875 700.466552734375 1502.531982421875 
3 398.16229248046875 248.4722900390625 494.15252685546875 468.7120361328125 
338
3 22.565231323242188 663.6927490234375 667.8963623046875 1503.46533203125 
3 401.4544372558594 224.63784790039062 519.0551147460938 456.60699462890625 
339
3 2.7135772705078125 668.8713989257812 648.921142578125 1510.537109375 
3 404.9847412109375 213.90655517578125 546.564453125 462.9767761230469 
340
3 0.5240936279296875 676.7034912109375 652.7059936523438 1551.5701904296875 
3 412.20703125 215.57762145996094 550.494384765625 464.21844482421875 
341
3 1.2376785278320312 688.3219604492188 651.31591796875 1600.16796875 
3 419.11865234375 215.108642578125 564.6060791015625 468.50286865234375 
342
3 2.3809432983398438 702.429443359375 648.902099609375 1641.5592041015625 
3 424.7567138671875 207.95315551757812 568.5023803710938 466.29656982421875 
343
0 3.0636062622070312 717.6239013671875 647.2476806640625 1679.556640625 
3 430.05902099609375 207.50527954101562 572.100341796875 468.90106201171875 
344
0 1.1128692626953125 736.089111328125 647.3731689453125 1708.612060546875 
3 435.0357666015625 207.3888702392578 573.3049926757812 449.732177734375 
345
0 1.865478515625 755.7606201171875 647.518798828125 1724.404541015625 
3 433.22906494140625 201.23345947265625 577.173828125 451.97998046875 
346
0 0.9684906005859375 809.2560424804688 643.5579223632812 1739.342041015625 
3 435.95166015625 198.6002197265625 572.9033203125 439.30963134765625 
347
0 1.1354827880859375 829.9178466796875 632.0699462890625 1741.480712890625 
3 456.922119140625 205.28115844726562 575.406494140625 436.7231140136719 
348
0 1.0250015258789062 874.4163818359375 607.90234375 1743.722900390625 
3 462.9232177734375 192.9727020263672 561.9630126953125 417.276611328125 
349
3 1.17205810546875 957.621826171875 576.44970703125 1743.4991455078125 
3 472.1576843261719 219.4569091796875 561.7545776367188 418.4405517578125 
350
3 1.4189300537109375 965.5670166015625 538.2059326171875 1742.977294921875 
3 474.12347412109375 193.99349975585938 570.4290771484375 428.63604736328125 
351
3 1.215179443359375 978.7853393554688 505.3827209472656 1742.91552734375 
3 483.621826171875 202.72018432617188 578.4619140625 428.611572265625 
352
3 0.8491287231445312 988.8436889648438 464.9341735839844 1742.53759765625 
3 486.2441711425781 191.09085083007812 588.4832763671875 418.3691711425781 
353
3 0.6478958129882812 1011.132568359375 431.0038146972656 1742.655517578125 
3 496.91339111328125 199.69808959960938 604.6273193359375 419.4049987792969 
354
3 0.6006088256835938 1037.605712890625 403.7149658203125 1743.53759765625 
3 502.2904357910156 199.83016967773438 622.930419921875 416.84033203125 
355
3 0.5776748657226562 1063.098876953125 402.51300048828125 1742.730712890625 
3 506.25341796875 179.7322540283203 637.4303588867188 412.2333984375 
356
3 0.76776123046875 1094.1080322265625 401.77569580078125 1742.802978515625 
3 511.48736572265625 180.78076171875 646.8848876953125 408.4979248046875 
357
3 0.6517982482910156 1119.169677734375 402.58380126953125 1743.42578125 
3 516.4095458984375 179.44454956054688 648.679443359375 422.239013671875 
358
3 0.9355888366699219 1148.896240234375 402.84100341796875 1744.8681640625 
3 519.367431640625 178.59178161621094 655.4432373046875 416.97503662109375 
359
3 0.7979736328125 1187.211669921875 403.6376037597656 1767.28271484375 
3 528.75244140625 180.0753173828125 652.776611328125 415.828857421875 
360
3 0.9547004699707031 1226.2127685546875 402.04888916015625 1804.3165283203125 
3 533.4725952148438 173.2249755859375 656.6954956054688 408.97625732421875 
361
3 0.740753173828125 1257.2666015625 401.52996826171875 1835.6568603515625 
3 539.748291015625 175.13027954101562 656.475341796875 397.50823974609375 
362
3 0.6063308715820312 1279.337158203125 401.7264404296875 1857.97998046875 
3 545.0428466796875 165.51010131835938 656.5250854492188 397.96820068359375 
363
3 0.4155006408691406 1299.8558349609375 400.43548583984375 1873.830322265625 
3 544.7283935546875 160.81832885742188 657.8275756835938 394.7754821777344 
364
3 0.3746795654296875 1324.61376953125 399.60687255859375 1893.56201171875 
3 551.517578125 159.1749267578125 657.0453491210938 394.6059265136719 
365
3 0.387908935546875 1351.310302734375 397.972412109375 1910.191162109375 
3 556.8232421875 156.16152954101562 659.48486328125 391.35137939453125 
3 558.6693115234375 150.85963439941406 659.84033203125 390.3441162109375 
366
3 0.41091156005859375 1378.551513671875 389.1466369628906 1912.05517578125 
3 562.4964599609375 154.2735595703125 655.2452392578125 390.4107971191406 
367
3 0.5826301574707031 1412.42529296875 377.3417663574219 1912.08740234375 
3 567.8987426757812 153.4874725341797 671.583740234375 390.06207275390625 
368
3 0.5269088745117188 1444.804443359375 360.14898681640625 1912.83203125 
3 582.1727294921875 152.1141815185547 680.486083984375 389.8959045410156 
369
3 0.592437744140625 1544.45703125 337.4485168457031 1913.886962890625 
3 590.1216430664062 151.79090881347656 695.8150024414062 388.725341796875 
370
3 0.8062591552734375 1591.28759765625 315.2115478515625 1913.4180908203125 
3 593.9307250976562 151.9462890625 715.6358642578125 368.852783203125 
371
3 0.7848587036132812 1602.4207763671875 296.2834167480469 1913.816650390625 
3 597.4324340820312 150.4647674560547 722.6635131835938 374.78863525390625 
372
3 0.8386344909667969 1615.913818359375 263.8221130371094 1913.2781982421875 
3 606.8344116210938 150.18338012695312 725.1190185546875 385.21258544921875 
373
3 612.5284423828125 144.76007080078125 726.5035400390625 380.551025390625 
3 0.7724590301513672 1633.19091796875 228.73411560058594 1912.438720703125 
374
3 0.6277198791503906 1659.6009521484375 194.31239318847656 1914.165771484375 
3 617.218017578125 144.029296875 725.9825439453125 381.97430419921875 
375
3 622.0687255859375 146.09173583984375 735.21337890625 379.2940979003906 
3 1.0211563110351562 1693.566162109375 165.05479431152344 1914.17138671875 
376
3 626.9317626953125 144.24359130859375 735.3038330078125 374.3687438964844 
3 1.009317398071289 1696.46923828125 149.5709686279297 1913.145751953125 
377
3 632.0592651367188 142.06454467773438 736.8243408203125 370.9258117675781 
3 0.9633235931396484 1696.85595703125 152.15623474121094 1953.09033203125 
378
3 631.770751953125 140.53323364257812 731.4988403320312 362.92364501953125 
3 1.0359992980957031 1698.126953125 152.20718383789062 1999.8050537109375 
379
3 638.345703125 136.94032287597656 729.2650146484375 357.3126525878906 
3 0.4407234191894531 1698.540283203125 152.53009033203125 2047.2799072265625 
380
3 640.1639404296875 135.75823974609375 735.869384765625 359.4643249511719 
3 0.19456100463867188 1700.8974609375 151.57579040527344 2082.73486328125 
381
3 653.2091064453125 134.2220458984375 740.0894775390625 362.226318359375 
3 0.21932029724121094 1707.4061279296875 152.49765014648438 2069.7255859375 
3 1.2466163635253906 1706.80322265625 152.41192626953125 1918.2886962890625 
3 649.2492065429688 131.90740966796875 737.1273193359375 361.7633972167969 
382
3 654.6416625976562 128.79501342773438 750.7330932617188 359.61138916015625 
3 1.0326805114746094 1714.786376953125 152.98651123046875 1916.6949462890625 
383
3 659.04541015625 129.29275512695312 764.883544921875 359.9017639160156 
3 1.197183609008789 1725.294189453125 152.80911254882812 1916.9871826171875 
384
3 664.9447631835938 126.95814514160156 773.6246337890625 360.37994384765625 
3 1.2895832061767578 1735.6798095703125 153.103515625 1917.9320068359375 
385
3 670.017333984375 127.32403564453125 793.350830078125 359.6326904296875 
3 1.1673946380615234 1748.876220703125 141.78211975097656 1918.2275390625 
386
3 674.6241455078125 127.87486267089844 800.1767578125 359.7781982421875 
3 1.009185791015625 1759.150634765625 126.9198989868164 1918.4886474609375 
387
3 678.265380859375 126.24568176269531 802.4569702148438 358.97607421875 
3 0.3949699401855469 1771.477783203125 109.87071990966797 1917.646484375 
388
3 689.6663818359375 126.99920654296875 802.7813720703125 360.8821105957031 
3 0.5680203437805176 1773.9957275390625 85.53609466552734 1918.896240234375 
389
3 698.1798706054688 122.11335754394531 804.8043212890625 359.4345703125 
3 697.7429809570312 123.11911010742188 804.6410522460938 361.11468505859375 
390
3 703.490234375 123.9496078491211 808.5206909179688 355.3531494140625 
391
3 706.6259155273438 121.27024841308594 812.7381591796875 342.0782775878906 
392
3 711.676513671875 119.58656311035156 813.4473266601562 339.5814514160156 
393
3 715.4639282226562 116.92998504638672 813.8502197265625 339.62054443359375 
394
3 718.56298828125 113.02493286132812 813.2448120117188 333.6589050292969 
395
3 724.6761474609375 112.42466735839844 811.3892211914062 331.189697265625 
396
397
3 733.372314453125 106.20423889160156 811.9276123046875 326.4320983886719 
398
3 740.08056640625 104.29541015625 823.5908203125 328.4033203125 
399
3 742.78076171875 102.48481750488281 839.29736328125 330.341796875 
400
3 751.2179565429688 102.22210693359375 850.9185791015625 328.7645263671875 
401
3 750.6959838867188 103.9669418334961 851.8460693359375 325.8609924316406 
402
3 752.3969116210938 103.64515686035156 858.282958984375 330.98388671875 
403
3 751.1910400390625 102.78064727783203 868.891357421875 332.04803466796875 
404
3 767.7763671875 104.61605834960938 871.145263671875 326.0902404785156 
405
3 774.0499877929688 105.03268432617188 866.168701171875 316.56182861328125 
406
3 777.3896484375 101.13883209228516 873.5458374023438 314.86474609375 
3 783.5784912109375 104.25823974609375 927.1573486328125 312.7342529296875 
407
3 782.3074951171875 98.60981750488281 874.3837280273438 304.1242980957031 
3 785.686279296875 99.35680389404297 928.827392578125 309.5199890136719 
408
3 789.2001953125 97.16800689697266 924.403564453125 310.0068359375 
409
3 792.8543701171875 94.74524688720703 926.01025390625 308.93353271484375 
410
3 796.95361328125 91.77592468261719 925.3145751953125 309.52557373046875 
411
3 799.5479736328125 92.10330200195312 926.0875854492188 309.0379943847656 
412
3 803.279052734375 89.79710388183594 925.02197265625 308.10400390625 
413
3 809.07421875 90.40397644042969 926.377197265625 308.1038818359375 
414
3 813.4481201171875 89.78057861328125 928.3961791992188 308.87213134765625 
415
3 816.538818359375 90.0193862915039 927.778076171875 308.6257629394531 
416
3 823.2198486328125 90.29603576660156 926.974853515625 307.90155029296875 
417
3 827.7434692382812 90.23123931884766 930.698486328125 308.30279541015625 
418
3 832.6517333984375 92.7828598022461 932.5509033203125 307.60003662109375 
419
3 835.2984008789062 91.09503936767578 940.236328125 307.8521423339844 
