0
1
2
3
4
5
6
7
8
9
10
11
12
3 490.57080078125 8.917037963867188 542.3663940429688 108.24848937988281 
13
14
15
16
17
18
19
20
21
22
23
24
25
26
27
28
29
30
3 456.91876220703125 18.617191314697266 514.6676635742188 119.21929931640625 
31
3 451.0347900390625 22.592628479003906 500.0609130859375 118.35308837890625 
32
3 450.89556884765625 18.212860107421875 512.3319702148438 120.60577392578125 
3 449.72589111328125 19.671585083007812 497.778564453125 118.10198974609375 
33
34
3 445.6227722167969 19.891624450683594 494.7160339355469 118.37896728515625 
35
36
37
38
39
40
41
42
43
44
45
46
47
48
49
50
51
52
53
54
55
56
57
58
59
60
61
62
63
64
65
66
3 417.634765625 24.60076904296875 470.3823547363281 125.26091003417969 
67
3 418.0271301269531 24.32345199584961 469.7536926269531 125.87528991699219 
68
69
70
71
72
73
74
75
76
77
78
79
80
81
82
83
84
85
86
87
88
89
90
91
92
93
94
95
96
97
98
99
100
101
102
3 417.25775146484375 22.151718139648438 466.93115234375 125.63412475585938 
103
104
105
106
107
108
109
110
111
112
113
114
115
3 444.595458984375 15.878440856933594 493.6767883300781 115.66893005371094 
116
3 447.3861999511719 16.579315185546875 498.4927673339844 114.01507568359375 
117
3 450.8483581542969 15.7479248046875 500.769287109375 110.803955078125 
118
3 459.6471252441406 14.882026672363281 517.5225830078125 116.03457641601562 
119
120
121
122
123
124
125
126
3 458.37841796875 15.197158813476562 511.1211242675781 113.22904968261719 
127
128
129
130
131
132
133
134
135
136
137
138
139
140
141
142
3 509.57073974609375 1.8375740051269531 558.4083862304688 105.158447265625 
143
3 512.4884643554688 10.528167724609375 560.26318359375 106.5550537109375 
144
3 513.8170776367188 12.3807373046875 563.3568725585938 104.97901916503906 
145
146
147
148
149
150
151
152
153
3 0.8113784790039062 829.2418212890625 72.79219055175781 902.8043823242188 
3 204.12655639648438 134.65188598632812 225.92564392089844 166.46759033203125 
154
3 0.36082935333251953 797.82568359375 61.81969451904297 857.1378784179688 
155
3 0.15573406219482422 776.7383422851562 83.182861328125 829.8604125976562 
156
157
3 0.49912261962890625 745.415771484375 102.51171875 801.8923950195312 
158
3 0.7460784912109375 727.3232421875 107.28536987304688 802.2870483398438 
159
3 0.49872589111328125 709.8629760742188 142.4756317138672 797.9777221679688 
3 549.0531616210938 3.189586639404297 606.2262573242188 98.41891479492188 
160
3 0.7879295349121094 690.8040161132812 124.94190979003906 794.4555053710938 
3 0.617828369140625 690.7573852539062 153.3505401611328 795.4935302734375 
161
3 0.25026702880859375 670.2568359375 129.2500762939453 793.0906372070312 
3 552.7404174804688 1.4942817687988281 605.0438232421875 96.923583984375 
162
3 0.29891204833984375 655.7954711914062 136.85018920898438 793.0904541015625 
163
3 0.213531494140625 644.11328125 145.6519775390625 806.5458374023438 
3 0.4461517333984375 643.0918579101562 153.8143310546875 809.5143432617188 
164
3 0.2509918212890625 626.2139282226562 163.25772094726562 850.6361694335938 
165
3 0.20108413696289062 608.0538330078125 157.7222442626953 804.6878051757812 
3 559.8436279296875 0.34300994873046875 609.5900268554688 95.66551208496094 
166
3 0.40859222412109375 588.4135131835938 156.6053009033203 793.2567749023438 
167
3 0.283966064453125 566.578125 147.04910278320312 796.7582397460938 
168
3 0.36235809326171875 553.40625 170.5033416748047 791.9742431640625 
169
3 0.2856025695800781 536.8462524414062 162.78807067871094 788.5546264648438 
170
3 0.3466949462890625 522.8633422851562 156.22850036621094 787.3683471679688 
171
3 0.26753997802734375 514.169921875 194.53128051757812 789.5139770507812 
172
3 0.5320205688476562 506.85150146484375 195.8223114013672 784.9359130859375 
173
3 0.5918960571289062 474.678955078125 212.5709228515625 785.4730224609375 
174
3 0.4204864501953125 460.2901611328125 229.99972534179688 782.0980224609375 
175
3 0.5024566650390625 453.1649475097656 243.9031219482422 786.18408203125 
3 577.7855224609375 0.15038681030273438 628.0431518554688 93.94573974609375 
176
3 0.36614227294921875 391.0099182128906 250.61990356445312 777.459228515625 
177
3 0.36053466796875 333.2838134765625 256.40240478515625 777.8045043945312 
178
3 0.4551849365234375 320.55255126953125 257.7718505859375 777.3533935546875 
179
3 0.49857330322265625 311.9447937011719 258.7633972167969 752.5723876953125 
180
3 0.42707061767578125 304.24456787109375 259.55126953125 738.3917236328125 
181
3 0.33142852783203125 295.662353515625 262.66748046875 723.7326049804688 
182
3 0.22723388671875 289.09637451171875 262.7668151855469 706.134765625 
183
3 0.31638336181640625 284.41058349609375 262.7032165527344 685.4921264648438 
184
3 0.260223388671875 277.1393127441406 262.8861083984375 675.6466064453125 
185
3 0.2580413818359375 272.4676513671875 265.29852294921875 662.9310913085938 
186
3 0.42376708984375 266.0171203613281 284.165283203125 653.61767578125 
187
3 1.4197998046875 261.3472900390625 313.20306396484375 661.3668212890625 
188
3 7.44757080078125 255.62274169921875 319.45745849609375 658.285888671875 
189
3 14.816925048828125 252.41677856445312 315.310791015625 650.2913818359375 
190
1 23.22821044921875 248.78277587890625 328.57421875 660.68798828125 
191
1 32.64525604248047 247.12139892578125 341.43304443359375 657.279541015625 
192
1 41.33894348144531 245.41455078125 354.77142333984375 659.8033447265625 
193
1 51.134552001953125 242.28421020507812 361.41595458984375 651.8423461914062 
194
1 61.551483154296875 239.51242065429688 365.5346984863281 656.7744750976562 
195
1 72.57708740234375 237.23959350585938 368.09136962890625 650.5570678710938 
196
1 82.42355346679688 231.96072387695312 369.6916809082031 655.3396606445312 
197
1 92.61943054199219 229.17141723632812 376.0943298339844 647.913330078125 
198
1 101.95166015625 223.71636962890625 385.8619384765625 638.7815551757812 
199
2 109.11575317382812 215.3545684814453 383.5723876953125 609.884033203125 
200
2 114.539306640625 209.3651885986328 388.4827880859375 610.5899658203125 
201
2 119.50957489013672 205.7454833984375 386.15008544921875 602.3269653320312 
202
2 123.99990844726562 199.423583984375 387.4867858886719 582.4652099609375 
203
2 127.56112670898438 193.93812561035156 389.51739501953125 568.8261108398438 
204
2 131.466796875 190.69232177734375 390.1382141113281 542.5311889648438 
205
2 136.3373565673828 186.29287719726562 390.549072265625 546.5146484375 
206
2 140.980224609375 182.89987182617188 391.6920471191406 539.6275634765625 
207
2 146.2584991455078 180.62557983398438 393.62542724609375 532.4156494140625 
208
2 152.68507385253906 179.98043823242188 400.54510498046875 533.4215087890625 
209
2 159.22055053710938 179.59178161621094 401.54803466796875 534.6768798828125 
210
2 165.02342224121094 179.6815185546875 403.8478698730469 527.5946655273438 
211
2 170.87173461914062 180.25050354003906 406.640380859375 530.11181640625 
212
2 175.1282958984375 179.94741821289062 410.69403076171875 527.3692626953125 
213
2 181.49159240722656 179.75852966308594 426.03253173828125 524.413818359375 
214
2 186.02178955078125 178.98236083984375 429.1475830078125 523.19384765625 
215
2 190.50411987304688 177.33326721191406 428.7384033203125 517.58984375 
216
2 193.94964599609375 174.40298461914062 414.298828125 489.98590087890625 
217
2 196.91908264160156 170.30174255371094 420.0728454589844 484.7601318359375 
218
2 200.4697265625 163.86380004882812 412.960693359375 486.56561279296875 
219
2 203.00698852539062 159.178466796875 427.7220764160156 482.78802490234375 
220
2 206.16848754882812 155.37008666992188 426.3219909667969 478.03240966796875 
221
2 209.47132873535156 152.20819091796875 409.350341796875 467.17431640625 
222
2 213.04653930664062 150.38645935058594 422.8199462890625 470.1746826171875 
223
2 217.4574432373047 150.41348266601562 423.4934997558594 468.235595703125 
224
2 222.87020874023438 149.0843048095703 423.39007568359375 467.09124755859375 
225
2 230.798095703125 148.72958374023438 428.18975830078125 465.4904479980469 
226
2 239.33499145507812 148.2589111328125 431.9798583984375 467.0053405761719 
227
2 246.822509765625 147.24879455566406 432.11627197265625 462.26531982421875 
228
2 254.251220703125 145.8319854736328 433.68524169921875 457.21258544921875 
229
2 260.54473876953125 145.596435546875 437.597412109375 458.7950439453125 
230
2 266.332275390625 144.7446746826172 439.0513000488281 458.670166015625 
231
2 270.8311767578125 143.71449279785156 442.4286193847656 439.1141662597656 
232
3 274.3197021484375 140.63546752929688 445.28094482421875 427.6543273925781 
233
3 278.8140869140625 138.54672241210938 449.9391784667969 426.84112548828125 
234
3 284.84783935546875 135.843505859375 452.96728515625 418.024169921875 
235
3 290.9736633300781 131.46865844726562 455.82159423828125 418.97247314453125 
236
3 295.0508728027344 128.78453063964844 459.697021484375 409.73870849609375 
237
3 301.7231750488281 126.17652893066406 464.78515625 406.3375549316406 
238
3 305.9497375488281 123.54132080078125 467.37139892578125 407.8758544921875 
239
3 310.66680908203125 120.23211669921875 472.2158508300781 404.0433349609375 
240
3 315.7939453125 119.69486999511719 475.1668395996094 398.7685546875 
241
3 319.2651672363281 120.31370544433594 476.8002014160156 396.8657531738281 
242
3 322.8092956542969 120.89749145507812 480.20172119140625 398.93133544921875 
243
3 326.4252624511719 120.63461303710938 482.5465393066406 396.36285400390625 
244
3 330.70379638671875 119.30720520019531 487.3835144042969 398.4991760253906 
245
3 335.9133605957031 119.15846252441406 491.05474853515625 395.9722900390625 
246
3 341.7609558105469 119.16549682617188 493.53240966796875 390.98504638671875 
247
3 346.6125183105469 117.616943359375 500.1089172363281 388.1575012207031 
248
3 351.1219787597656 116.68547058105469 501.9191589355469 376.647216796875 
249
250
3 359.0644226074219 114.7001953125 501.3011474609375 357.1109924316406 
251
3 362.9996337890625 112.65139770507812 499.8275146484375 350.8819274902344 
252
3 366.1683349609375 111.45846557617188 500.12109375 348.3601989746094 
253
3 371.35870361328125 110.01397705078125 503.046142578125 357.7425842285156 
254
3 375.69696044921875 108.7713623046875 505.81988525390625 356.4886169433594 
255
3 381.0714111328125 108.40310668945312 511.87567138671875 353.638671875 
256
3 386.5122985839844 108.01658630371094 528.9732666015625 348.1551513671875 
3 386.408935546875 107.92373657226562 529.0224609375 347.78076171875 
257
3 391.025390625 107.35054016113281 534.83154296875 348.4349670410156 
258
3 396.0697021484375 107.36593627929688 540.2022705078125 347.44866943359375 
259
3 400.0723571777344 107.66755676269531 540.7101440429688 345.975830078125 
260
3 403.72137451171875 108.11019897460938 546.4130859375 346.4571533203125 
261
3 408.2736511230469 107.31741333007812 549.5958251953125 346.95159912109375 
3 407.6405944824219 107.87576293945312 548.7972412109375 347.1891784667969 
262
3 411.6268615722656 107.71966552734375 551.048583984375 344.08587646484375 
263
3 415.9625244140625 108.58694458007812 547.8076171875 343.6950378417969 
264
3 422.83843994140625 109.70037841796875 548.9467163085938 343.49658203125 
265
3 427.1502990722656 112.96844482421875 557.2962646484375 342.1778869628906 
266
3 434.1741943359375 112.41392517089844 572.0516967773438 342.07794189453125 
267
3 440.3145751953125 112.73028564453125 577.5658569335938 342.163330078125 
268
3 444.1981506347656 112.79023742675781 586.2318725585938 341.8671875 
269
3 450.2715759277344 113.07472229003906 593.745849609375 338.7222595214844 
3 449.95758056640625 112.60348510742188 594.0934448242188 339.9617919921875 
270
3 456.4542236328125 111.77987670898438 597.2188110351562 340.36175537109375 
271
3 462.6021728515625 116.32423400878906 607.9615478515625 336.33941650390625 
272
3 472.458740234375 120.49037170410156 616.570556640625 339.04656982421875 
273
3 479.5959777832031 123.18902587890625 618.4181518554688 335.6430969238281 
274
3 490.7495422363281 127.46868896484375 624.4415283203125 336.6468505859375 
275
3 502.5221862792969 130.31077575683594 628.6834106445312 339.0290832519531 
276
3 511.030029296875 131.05946350097656 648.510498046875 339.16265869140625 
277
3 519.6753540039062 134.27700805664062 673.35546875 341.0679626464844 
278
3 527.5714111328125 136.52960205078125 690.0416870117188 341.9224548339844 
279
3 536.8429565429688 140.1964111328125 699.806640625 341.95281982421875 
280
3 547.8924560546875 142.99075317382812 703.4736328125 342.17498779296875 
281
3 557.1273803710938 145.58164978027344 708.6915893554688 346.5685729980469 
282
3 565.9239501953125 148.44857788085938 708.1702880859375 346.7369384765625 
283
3 576.0508422851562 150.1274871826172 704.52099609375 344.8327941894531 
284
3 590.7482299804688 149.51876831054688 708.97119140625 342.67144775390625 
285
3 600.1592407226562 150.73898315429688 713.9801635742188 342.3862609863281 
286
3 610.1279907226562 150.26318359375 716.7210083007812 340.3738708496094 
287
3 617.9429321289062 150.78424072265625 721.4041748046875 340.0616760253906 
288
3 623.76513671875 150.4956512451172 727.0182495117188 340.70355224609375 
289
3 631.0433349609375 150.62313842773438 729.8609008789062 338.92926025390625 
290
3 634.1831665039062 148.25509643554688 732.6005249023438 338.8008117675781 
291
3 642.97607421875 148.88714599609375 751.4210815429688 337.633544921875 
292
3 648.756591796875 147.93104553222656 762.2122802734375 336.59490966796875 
293
3 654.760498046875 147.19430541992188 769.5985717773438 337.606689453125 
294
3 661.8877563476562 147.34326171875 772.9031372070312 337.15216064453125 
295
3 665.4918212890625 146.87078857421875 771.6176147460938 333.73931884765625 
296
3 669.884765625 146.1688995361328 767.9694213867188 332.5492248535156 
297
3 673.4058837890625 145.2894744873047 766.3021850585938 328.6741027832031 
298
3 675.9048461914062 143.40133666992188 766.3123779296875 331.6990966796875 
299
3 677.5028686523438 142.785400390625 766.4782104492188 321.51641845703125 
300
3 677.9608154296875 142.0550994873047 766.8414306640625 322.5308532714844 
301
3 678.2789916992188 142.59983825683594 768.4501953125 319.4738464355469 
302
3 679.0090942382812 142.51760864257812 773.0570678710938 325.24481201171875 
303
3 678.6375122070312 142.0443115234375 775.303955078125 322.8186950683594 
304
3 678.9219360351562 143.01388549804688 782.9314575195312 324.5197448730469 
305
3 680.1837158203125 143.25643920898438 789.0968017578125 328.389404296875 
306
3 680.932373046875 140.7655029296875 797.4191284179688 328.8635559082031 
307
3 678.3255615234375 140.7607421875 798.0536499023438 331.90191650390625 
308
3 678.1505737304688 143.732666015625 796.562255859375 332.81072998046875 
309
3 676.4256591796875 145.69668579101562 794.85009765625 332.6253662109375 
310
3 673.2138671875 145.97689819335938 791.5313720703125 337.9458923339844 
311
3 671.1046752929688 148.67495727539062 781.6386108398438 342.2174072265625 
312
3 669.9661865234375 151.75218200683594 779.4639892578125 346.28857421875 
313
3 666.484130859375 153.4271240234375 773.7083740234375 348.689453125 
3 363.3560485839844 97.58351135253906 383.00836181640625 128.85108947753906 
314
3 665.9205932617188 155.98104858398438 769.6326904296875 347.2218017578125 
315
3 665.910400390625 157.90838623046875 772.951904296875 353.6402282714844 
316
3 664.9467163085938 160.77960205078125 767.3147583007812 353.28509521484375 
317
3 665.9766845703125 163.21563720703125 767.0388793945312 355.69146728515625 
318
3 666.7467041015625 165.95941162109375 766.2744750976562 356.39691162109375 
319
3 665.732421875 167.1465301513672 764.66552734375 355.3848571777344 
320
3 666.0977172851562 171.26473999023438 761.800537109375 358.2656555175781 
321
3 665.0556640625 172.55384826660156 763.6611328125 358.5948486328125 
322
3 663.3541259765625 173.52072143554688 761.6028442382812 356.867431640625 
323
3 661.6974487304688 175.98976135253906 766.6265869140625 357.8515930175781 
324
3 660.2420654296875 179.65359497070312 782.3172607421875 359.4659729003906 
325
3 655.8443603515625 182.53195190429688 791.0364990234375 359.6866455078125 
326
3 658.3524780273438 185.00552368164062 783.776123046875 362.5224914550781 
327
3 659.9131469726562 188.83798217773438 783.1819458007812 367.9263916015625 
328
3 657.7579956054688 192.49984741210938 776.693359375 369.7763671875 
329
3 659.4467163085938 195.71829223632812 786.9004516601562 374.9207458496094 
330
3 661.4415283203125 199.13909912109375 787.5437622070312 375.7585144042969 
331
3 661.7938842773438 203.46585083007812 784.4013671875 375.0648498535156 
332
3 663.44873046875 205.29623413085938 776.3348999023438 375.89691162109375 
333
3 667.5554809570312 210.0601348876953 775.5899658203125 381.2376403808594 
334
3 668.0375366210938 212.12742614746094 784.0479736328125 390.49365234375 
335
3 670.1005859375 215.88040161132812 786.1514892578125 401.0079345703125 
336
3 671.1693115234375 216.14991760253906 791.6632080078125 406.6496276855469 
3 575.4053344726562 0.6285018920898438 624.9312133789062 95.35745239257812 
337
3 672.1553344726562 217.90554809570312 793.521240234375 406.5460205078125 
3 571.83447265625 0.9893913269042969 621.0646362304688 96.43487548828125 
338
3 674.4109497070312 219.77194213867188 793.582763671875 406.3536071777344 
3 566.4036254882812 2.6384429931640625 618.6097412109375 98.908935546875 
339
3 678.3560180664062 220.91061401367188 793.120361328125 404.0757751464844 
340
3 682.099853515625 222.865966796875 794.9033203125 406.777099609375 
341
3 685.43115234375 223.73187255859375 796.60595703125 405.3983154296875 
342
3 692.0147094726562 226.46807861328125 796.908447265625 403.1875915527344 
3 310.26171875 64.1158447265625 336.359619140625 126.97746276855469 
343
3 696.6793212890625 228.49038696289062 799.4541015625 407.32421875 
344
3 703.015380859375 229.392578125 805.2620239257812 412.2984619140625 
345
3 711.45458984375 230.620361328125 815.929443359375 407.7740173339844 
346
3 716.6810302734375 233.54876708984375 823.7931518554688 408.5853271484375 
347
3 723.2740478515625 233.80209350585938 834.7935180664062 415.43707275390625 
3 544.5302124023438 0.5403213500976562 593.9327392578125 99.76580810546875 
348
3 733.0546875 231.58740234375 862.9256591796875 418.6434326171875 
349
3 737.0645751953125 233.8795166015625 871.0469970703125 427.4444580078125 
350
2 736.9898681640625 238.9893798828125 868.4862060546875 433.9051513671875 
351
2 735.833251953125 243.00595092773438 874.4220581054688 440.57550048828125 
352
2 751.2215576171875 248.18411254882812 871.43310546875 438.9111022949219 
353
2 770.82958984375 250.91558837890625 872.6318359375 439.37884521484375 
354
2 779.2889404296875 254.32867431640625 881.1411743164062 440.2884521484375 
355
2 784.981689453125 256.50958251953125 895.5250244140625 440.5235900878906 
356
2 784.0763549804688 256.9930419921875 912.1837768554688 440.03216552734375 
357
2 783.7056274414062 258.640625 928.7603759765625 443.0191650390625 
358
2 786.3035278320312 258.8453063964844 929.2022094726562 450.1495361328125 
359
2 792.1619873046875 260.3737487792969 946.82080078125 460.3181457519531 
360
2 799.908447265625 261.30938720703125 952.0546875 463.8748779296875 
361
2 810.46044921875 263.4013671875 960.9822387695312 472.4010009765625 
362
2 823.7525024414062 267.0865173339844 970.1718139648438 477.421630859375 
363
2 840.1825561523438 272.3642578125 978.9559326171875 479.08111572265625 
364
2 858.9746704101562 274.44305419921875 987.8477172851562 476.0323486328125 
365
2 878.984130859375 278.0386962890625 992.255126953125 473.39947509765625 
366
2 900.5896606445312 280.6121826171875 1004.7989501953125 472.77984619140625 
367
2 915.5892944335938 282.3375244140625 1020.7205810546875 474.4303283691406 
368
2 930.6895141601562 283.6128234863281 1037.1029052734375 474.115234375 
369
2 940.9806518554688 285.35736083984375 1066.4583740234375 478.0096435546875 
370
2 942.4300537109375 287.5444641113281 1088.931640625 482.1614990234375 
371
2 947.580322265625 290.6060791015625 1104.9041748046875 484.6011962890625 
372
2 952.9437866210938 292.91796875 1119.9447021484375 489.216796875 
373
2 964.1026611328125 295.52227783203125 1124.5555419921875 493.64801025390625 
374
2 981.8538818359375 298.5677795410156 1139.610107421875 498.40667724609375 
375
2 1000.8397216796875 299.9886474609375 1138.5478515625 499.08489990234375 
376
2 1039.1617431640625 302.4208984375 1142.1673583984375 498.554931640625 
377
2 1054.930908203125 303.05072021484375 1166.4044189453125 497.29473876953125 
378
2 1061.298583984375 305.49493408203125 1179.126953125 497.43023681640625 
379
2 1068.4281005859375 303.31488037109375 1196.2010498046875 498.37274169921875 
380
2 1071.6705322265625 304.30712890625 1208.4598388671875 498.89984130859375 
381
2 1081.217041015625 302.0245361328125 1223.82666015625 499.507080078125 
382
2 1090.2452392578125 305.61090087890625 1247.848876953125 504.684326171875 
383
2 1099.060791015625 303.5198669433594 1263.6783447265625 506.17108154296875 
384
2 1115.8349609375 304.572998046875 1272.869384765625 507.51226806640625 
385
2 1129.207763671875 306.8856201171875 1281.13134765625 510.91607666015625 
386
2 1147.0517578125 308.66265869140625 1292.970947265625 515.797119140625 
387
2 1166.80078125 310.67291259765625 1295.3089599609375 515.432373046875 
388
2 1188.8148193359375 315.03594970703125 1305.9149169921875 515.5482788085938 
389
2 1206.85888671875 314.27197265625 1312.91455078125 511.52801513671875 
390
2 1220.475830078125 313.638427734375 1328.528076171875 512.3958740234375 
391
2 1232.7662353515625 317.4783630371094 1344.825927734375 509.7608642578125 
392
2 1246.70751953125 314.7847900390625 1357.037109375 510.4180908203125 
393
2 1255.7042236328125 316.6689147949219 1386.8033447265625 513.519775390625 
2 1256.163330078125 314.4775390625 1386.6448974609375 512.633544921875 
394
2 1256.8642578125 314.95172119140625 1410.1474609375 515.55517578125 
395
2 1258.9683837890625 314.50885009765625 1423.72265625 519.4459228515625 
396
2 1262.7108154296875 315.77569580078125 1431.8524169921875 523.1456298828125 
397
2 1267.3123779296875 317.7751770019531 1439.52099609375 525.0364990234375 
398
2 1274.8568115234375 318.72930908203125 1449.40771484375 529.5294189453125 
399
2 1284.2454833984375 321.2866516113281 1449.1085205078125 533.6680908203125 
400
2 1299.166015625 322.74560546875 1449.1396484375 532.7013549804688 
401
2 1313.7462158203125 324.81573486328125 1449.0264892578125 531.6407470703125 
402
2 1341.57421875 324.4932556152344 1451.9232177734375 532.2715454101562 
403
2 1360.7471923828125 325.98095703125 1461.380615234375 534.1868896484375 
404
2 1386.45849609375 326.1602783203125 1475.1549072265625 532.4998779296875 
405
2 1396.3182373046875 327.37994384765625 1489.4072265625 549.42138671875 
406
2 1400.640380859375 329.9980163574219 1504.89990234375 549.0592651367188 
407
2 1400.7318115234375 334.1024475097656 1519.359130859375 558.32421875 
408
2 1400.92041015625 337.21990966796875 1536.501953125 564.7017822265625 
409
2 1401.2779541015625 342.7701110839844 1549.0889892578125 568.5233154296875 
410
2 1401.7423095703125 346.9142761230469 1563.8375244140625 574.2396850585938 
411
2 1404.756591796875 351.5579528808594 1573.185302734375 580.1661376953125 
412
2 1407.9332275390625 355.72247314453125 1583.753662109375 586.70166015625 
413
2 1417.60302734375 359.33892822265625 1593.441650390625 584.9993896484375 
414
2 1432.482421875 362.35357666015625 1599.404052734375 585.2229614257812 
415
2 1451.3575439453125 363.412353515625 1606.7806396484375 585.6463623046875 
2 1451.40869140625 363.33892822265625 1607.1876220703125 585.7864990234375 
416
2 1468.2086181640625 364.01971435546875 1606.7005615234375 585.4159545898438 
417
2 1487.82177734375 364.2786865234375 1618.74169921875 586.6329956054688 
418
2 1528.0860595703125 364.78314208984375 1630.6724853515625 586.4700927734375 
419
2 1532.7569580078125 366.4342346191406 1643.327392578125 584.4610595703125 
420
2 1537.3157958984375 367.5408935546875 1655.041259765625 585.1168212890625 
3 546.4379272460938 0.46190643310546875 594.9442749023438 99.50057983398438 
2 1536.8187255859375 365.4005126953125 1655.334716796875 585.864013671875 
421
2 1538.822998046875 370.46502685546875 1666.997802734375 585.0322265625 
3 70.68787384033203 89.61080932617188 140.42420959472656 206.98306274414062 
422
2 1539.8917236328125 374.6924133300781 1677.980712890625 589.122802734375 
423
2 1541.825927734375 378.6958312988281 1688.9365234375 592.0653686523438 
3 550.9529418945312 1.0464057922363281 601.0844116210938 98.22250366210938 
424
2 1542.9959716796875 383.0113830566406 1702.70751953125 597.7825927734375 
425
2 1545.5833740234375 386.84490966796875 1716.3411865234375 604.8140869140625 
426
2 1547.5538330078125 390.3085632324219 1727.464599609375 612.906494140625 
3 555.3009033203125 0.7069015502929688 605.6721801757812 96.3470458984375 
427
2 1551.1075439453125 394.9312744140625 1738.43017578125 622.283935546875 
428
1 1556.9080810546875 398.79571533203125 1752.3330078125 630.5537109375 
3 560.283447265625 1.5213050842285156 611.0465087890625 95.29025268554688 
429
1 1568.0697021484375 402.2654113769531 1765.2451171875 628.9478759765625 
430
1 1581.698486328125 405.908447265625 1777.970703125 628.869140625 
431
1 1597.293212890625 406.82940673828125 1792.8834228515625 628.6162109375 
3 566.867919921875 4.570594787597656 616.5725708007812 96.6221923828125 
432
1 1615.9178466796875 409.2231750488281 1806.28662109375 628.3096313476562 
433
1 1638.276611328125 410.6636962890625 1820.3304443359375 627.0294189453125 
3 573.6261596679688 1.2011299133300781 621.5470581054688 94.46104431152344 
434
2 1663.2655029296875 413.6619873046875 1832.829345703125 624.3388061523438 
435
1 1684.7645263671875 416.78662109375 1845.35009765625 629.3829345703125 
436
1 1697.1727294921875 419.1383972167969 1857.6029052734375 637.7724609375 
437
1 1696.7139892578125 424.7474365234375 1869.8804931640625 662.0850830078125 
438
1 1699.0521240234375 430.28466796875 1882.6251220703125 664.89404296875 
439
1 1700.7060546875 436.8421630859375 1893.767333984375 675.98828125 
3 583.6737670898438 0.0 634.7998046875 93.53733825683594 
440
1 1702.253173828125 443.30267333984375 1905.105712890625 682.49609375 
441
1 1705.259033203125 449.0103454589844 1917.417724609375 685.7974243164062 
3 589.6093139648438 0.4207191467285156 639.472900390625 92.0465087890625 
442
1 1710.5345458984375 455.1577453613281 1929.3486328125 684.5179443359375 
443
1 1715.056884765625 461.80023193359375 1941.1298828125 698.1474609375 
444
1 1723.466064453125 466.9228210449219 1954.508544921875 702.790771484375 
445
1 1736.2724609375 472.5362548828125 1965.8497314453125 702.6180419921875 
446
1 1751.451171875 476.41827392578125 1977.8797607421875 701.9067993164062 
447
1 1769.797119140625 479.18109130859375 1991.68212890625 695.476318359375 
448
1 1791.9417724609375 481.87322998046875 2003.621826171875 695.845458984375 
449
1 1808.6854248046875 482.8798828125 2015.24951171875 699.6395874023438 
450
1 1829.93505859375 485.86663818359375 2026.864013671875 699.1851806640625 
451
1 1849.1373291015625 487.7325439453125 2038.02001953125 697.16015625 
452
1 1849.6961669921875 491.51715087890625 2049.562255859375 700.8133544921875 
453
1 1849.911865234375 496.018798828125 2060.14404296875 706.7719116210938 
454
1 1848.5152587890625 500.54180908203125 2071.364013671875 707.0576171875 
455
1 1848.8558349609375 504.66387939453125 2081.25244140625 714.5445556640625 
456
1 1851.486572265625 512.3212890625 2092.1376953125 721.7755126953125 
457
1 1851.9173583984375 518.6614990234375 2104.31201171875 728.4910278320312 
458
1 1854.932373046875 524.8194580078125 2117.856201171875 735.8380737304688 
459
1 1857.9400634765625 531.4006958007812 2129.658935546875 740.2262573242188 
460
1 1863.2269287109375 536.5184936523438 2144.615966796875 739.0439453125 
461
1 1870.478759765625 543.29541015625 2159.3447265625 737.71875 
462
1 1880.0428466796875 548.1815795898438 2174.902587890625 739.2415771484375 
463
1 1893.654296875 554.3403930664062 2189.51416015625 742.6796264648438 
464
1 1915.20166015625 560.1968994140625 2203.242919921875 743.693115234375 
465
1 1936.947021484375 567.8935546875 2213.326416015625 745.8286743164062 
466
1 1964.6680908203125 575.0602416992188 2223.411376953125 741.7697143554688 
467
1 1982.4775390625 579.84326171875 2235.205322265625 763.7827758789062 
468
1 2015.6190185546875 587.2545776367188 2245.130859375 770.3926391601562 
469
1 2017.7003173828125 594.8338623046875 2256.21142578125 795.2449340820312 
470
1 2016.240966796875 600.1537475585938 2265.506103515625 809.6861572265625 
471
0 2018.520263671875 606.90478515625 2279.356689453125 822.55419921875 
472
0 2020.21435546875 611.9791259765625 2291.53369140625 836.875 
473
0 2022.2376708984375 617.1799926757812 2307.411376953125 848.6428833007812 
474
0 2029.91259765625 624.552734375 2322.331298828125 858.7665405273438 
475
0 2041.9012451171875 630.96044921875 2337.37548828125 858.5829467773438 
476
0 2056.0869140625 639.647705078125 2352.208984375 860.684814453125 
477
0 2074.24365234375 647.6036376953125 2368.185791015625 859.5597534179688 
478
0 2093.91015625 657.220458984375 2383.618896484375 855.7537231445312 
479
0 2116.04736328125 664.9096069335938 2397.711669921875 856.1674194335938 
480
0 2137.84326171875 674.3759155273438 2409.622314453125 857.258056640625 
481
0 2139.086669921875 681.8424072265625 2423.583740234375 861.949951171875 
482
0 2139.1494140625 689.6839599609375 2435.59228515625 875.1238403320312 
483
0 2141.564453125 695.958984375 2447.94873046875 883.79541015625 
484
0 2141.9248046875 701.4555053710938 2463.416259765625 901.4429931640625 
485
0 2141.353515625 708.216796875 2478.828125 910.1798095703125 
486
0 2142.34619140625 714.5745239257812 2495.950439453125 920.2915649414062 
487
0 2144.5673828125 719.81787109375 2513.190185546875 932.87548828125 
488
0 2148.55712890625 725.9869384765625 2532.904296875 938.422119140625 
489
0 2164.455078125 731.3568115234375 2549.811767578125 935.8363647460938 
490
0 2183.79443359375 738.802001953125 2558.8505859375 937.2033081054688 
491
0 2204.4921875 746.6981811523438 2559.19091796875 943.975341796875 
492
0 2233.819091796875 756.7835693359375 2559.3505859375 939.4722900390625 
493
0 2269.42626953125 772.0765380859375 2558.750732421875 938.435302734375 
494
3 2306.394287109375 783.1666259765625 2558.845947265625 945.6849365234375 
495
3 2308.21728515625 790.0592041015625 2558.80078125 950.4154663085938 
496
3 2305.51611328125 795.493896484375 2558.7890625 963.3038330078125 
497
3 2308.53173828125 802.3841552734375 2558.8359375 980.709716796875 
498
3 2312.19384765625 808.3521728515625 2558.806396484375 999.53076171875 
3 335.42059326171875 102.77584838867188 356.2867126464844 132.63916015625 
499
3 2311.20556640625 815.2960205078125 2558.825439453125 1013.8077392578125 
500
3 2331.04736328125 827.0638427734375 2558.791748046875 1006.71142578125 
501
3 2336.7138671875 834.72509765625 2558.928466796875 1006.909912109375 
502
3 2354.22705078125 843.3577880859375 2558.947509765625 1006.837646484375 
503
3 2371.42041015625 851.1809692382812 2558.7080078125 1012.5682373046875 
504
3 2402.049072265625 858.7271728515625 2558.638427734375 1014.479248046875 
505
3 2430.005859375 876.33837890625 2559.14990234375 1000.4403076171875 
506
507
508
3 2463.013671875 906.6814575195312 2558.796630859375 1019.0732421875 
509
