0
3 242.56166076660156 341.6385498046875 265.4039611816406 405.6467590332031 
1
3 242.5431365966797 341.8992004394531 265.2923583984375 405.82470703125 
2
3 241.48193359375 341.9510192871094 265.21185302734375 405.8935852050781 
3
3 241.5448455810547 342.257080078125 265.083251953125 405.0046081542969 
4
5
3 241.61471557617188 341.0492248535156 265.4397888183594 405.3983154296875 
6
7
8
9
10
11
12
13
14
15
16
17
18
19
20
21
22
23
24
25
26
27
28
29
30
31
32
33
34
35
36
37
38
39
40
41
42
43
44
45
46
47
48
49
50
51
52
53
54
55
56
57
58
59
60
61
62
63
64
65
66
67
3 185.5351104736328 402.58306884765625 215.6053924560547 432.35491943359375 
68
3 186.23092651367188 402.7193603515625 215.38803100585938 432.6559753417969 
69
70
71
72
3 187.21548461914062 402.30963134765625 217.35177612304688 430.89129638671875 
73
3 187.63214111328125 402.22418212890625 217.27206420898438 432.3070983886719 
74
75
76
77
78
79
80
81
82
83
84
85
86
87
88
89
90
91
92
93
94
95
3 287.5589294433594 318.2227783203125 305.8667907714844 371.28564453125 
96
3 287.9233703613281 317.7012023925781 306.6983642578125 371.12603759765625 
97
3 287.94561767578125 317.2756652832031 306.6642761230469 371.2991943359375 
98
3 288.2142028808594 317.24981689453125 307.0163879394531 370.6307373046875 
99
3 288.2208251953125 317.4312438964844 306.9162902832031 370.8066711425781 
100
101
102
103
104
105
106
107
108
109
110
111
112
113
114
115
116
117
118
119
120
121
122
123
124
125
126
127
128
129
130
131
132
133
134
135
3 205.08114624023438 395.1883544921875 234.5841064453125 424.5783996582031 
136
137
3 205.2801971435547 395.10968017578125 234.37338256835938 424.8961486816406 
138
3 206.2950897216797 394.9270324707031 234.88414001464844 424.9464416503906 
139
3 265.90740966796875 331.400634765625 285.84918212890625 384.6292724609375 
3 205.46041870117188 394.95721435546875 234.88270568847656 424.9714050292969 
140
3 205.6337890625 394.9954528808594 235.5160675048828 424.97003173828125 
3 265.79779052734375 331.8492736816406 286.02764892578125 390.6872253417969 
141
3 206.1512451171875 394.992431640625 235.7270050048828 424.90447998046875 
142
3 206.1693115234375 394.89544677734375 235.9619140625 425.0238037109375 
143
3 206.0970916748047 395.0382995605469 235.68856811523438 424.9724426269531 
144
3 205.654541015625 395.0511779785156 235.87298583984375 425.0022888183594 
145
3 205.81826782226562 395.0850524902344 235.9683837890625 425.0373840332031 
146
3 205.73739624023438 395.0558166503906 236.20358276367188 424.63629150390625 
147
3 206.1266326904297 395.1151428222656 236.17999267578125 424.5605773925781 
3 266.4486389160156 331.6351318359375 286.930908203125 388.14923095703125 
148
3 206.0895233154297 394.9540100097656 236.26226806640625 424.6236572265625 
149
3 266.0619812011719 331.2921142578125 287.2115478515625 388.26397705078125 
3 308.4470520019531 330.0163879394531 326.6763000488281 375.1728820800781 
3 206.19924926757812 395.1459045410156 236.31639099121094 424.8323974609375 
150
151
152
153
154
155
156
157
158
159
160
161
162
163
164
165
166
167
168
169
170
171
172
173
174
175
176
177
178
179
180
181
182
183
184
185
186
187
188
189
190
191
192
193
194
195
196
197
198
199
200
201
202
203
204
205
206
207
208
209
210
211
212
213
214
215
216
217
218
219
220
221
222
223
224
225
226
227
228
229
230
231
232
233
234
235
236
237
238
239
240
241
242
243
244
245
246
247
248
249
250
251
252
253
254
255
256
257
258
259
260
261
262
263
264
265
266
267
268
269
270
271
272
3 1234.06494140625 655.6141357421875 1279.50732421875 718.926025390625 
273
3 1229.8831787109375 653.0475463867188 1279.5416259765625 718.847900390625 
274
3 1222.858642578125 649.3701171875 1279.511474609375 718.853515625 
275
3 1212.95556640625 647.569091796875 1274.9354248046875 719.181640625 
276
3 1207.9114990234375 645.329833984375 1269.5186767578125 719.0362548828125 
277
3 1165.3055419921875 643.177490234375 1262.745849609375 719.5302734375 
278
3 1165.061279296875 641.740478515625 1266.3623046875 719.5396118164062 
279
3 1164.835693359375 641.0061645507812 1251.48828125 719.4901733398438 
280
3 1164.268310546875 639.8204345703125 1245.0341796875 719.3124389648438 
281
3 1162.8197021484375 638.9613647460938 1239.968017578125 719.0487060546875 
282
3 1161.4276123046875 637.4984741210938 1234.6927490234375 719.0830688476562 
283
3 1159.0460205078125 636.3196411132812 1228.1783447265625 719.250244140625 
284
3 1150.0360107421875 633.417724609375 1222.2354736328125 719.2443237304688 
285
3 1139.577392578125 630.1608276367188 1216.9483642578125 719.27099609375 
286
3 1129.3863525390625 626.661865234375 1211.0357666015625 719.2657470703125 
287
3 1122.2633056640625 623.4417114257812 1205.879638671875 718.9310302734375 
288
3 1114.488525390625 619.913818359375 1200.985595703125 718.9223022460938 
289
3 1107.0986328125 615.6681518554688 1195.5703125 719.1846313476562 
290
3 1102.87353515625 613.2044677734375 1190.8052978515625 718.9967041015625 
291
3 1095.2723388671875 609.0261840820312 1184.9752197265625 718.9204711914062 
292
3 1092.9290771484375 607.2256469726562 1180.0313720703125 719.0148315429688 
293
3 1082.342529296875 604.288818359375 1175.463623046875 719.071533203125 
294
3 1076.482666015625 601.0921630859375 1170.4791259765625 718.8902587890625 
295
3 1069.4559326171875 598.962890625 1165.822509765625 719.0638427734375 
296
3 1065.959716796875 596.5714111328125 1163.02392578125 719.1226806640625 
297
3 1052.138671875 594.9945068359375 1158.81982421875 719.3067016601562 
3 1052.091796875 594.9561157226562 1172.940673828125 719.4561157226562 
298
3 1044.27197265625 592.6478271484375 1176.2353515625 719.4560546875 
299
3 1040.4788818359375 590.2108154296875 1173.25927734375 719.4386596679688 
300
3 1035.91259765625 586.4183349609375 1172.614501953125 719.14697265625 
301
3 1029.033203125 580.591552734375 1170.9451904296875 719.1388549804688 
3 1028.743896484375 580.7717895507812 1138.781005859375 718.7025146484375 
302
3 1024.390380859375 577.9478149414062 1134.6343994140625 718.6748046875 
3 1024.775146484375 577.2589721679688 1169.76171875 719.1591796875 
303
3 1021.6997680664062 572.7559814453125 1170.49658203125 719.0304565429688 
3 1021.6666259765625 572.7888793945312 1130.8155517578125 718.207275390625 
304
3 1016.4948120117188 569.791748046875 1126.187255859375 718.6718139648438 
305
3 1011.5700073242188 566.2803955078125 1122.6273193359375 719.0547485351562 
306
3 1004.7734985351562 562.5484008789062 1117.803466796875 719.1524047851562 
307
3 1000.6046142578125 560.5712890625 1113.056640625 719.1005249023438 
308
3 995.1179809570312 556.4637451171875 1108.9730224609375 719.0989990234375 
309
3 990.39599609375 554.7150268554688 1105.0040283203125 718.836669921875 
310
3 983.7289428710938 553.0759887695312 1099.8966064453125 719.1079711914062 
311
3 982.6937255859375 551.7431640625 1094.6328125 719.0870361328125 
312
3 982.5747680664062 549.577392578125 1090.8485107421875 718.9591674804688 
313
3 983.4824829101562 547.6328735351562 1085.0048828125 719.3179321289062 
314
3 983.9552001953125 539.6947021484375 1080.8115234375 719.1492919921875 
315
3 981.1423950195312 531.48828125 1076.1055908203125 718.5241088867188 
316
3 975.3541259765625 532.5369873046875 1072.9691162109375 718.2340087890625 
317
3 977.0571899414062 530.9371337890625 1065.18701171875 718.2615966796875 
318
319
320
321
322
323
324
325
326
327
3 951.0307006835938 513.1748046875 1008.6661376953125 584.9434204101562 
328
3 942.6299438476562 511.95819091796875 1007.2199096679688 586.1358032226562 
329
330
331
3 931.2797241210938 508.40478515625 1003.9850463867188 588.7357177734375 
332
3 927.9149169921875 504.823486328125 1007.8695678710938 681.150634765625 
333
3 925.873291015625 503.546875 998.1395874023438 588.8946533203125 
334
3 921.5737915039062 500.11090087890625 995.4273071289062 590.1083984375 
335
3 920.5616455078125 496.79803466796875 991.12451171875 589.6767578125 
336
3 911.767822265625 494.9844970703125 987.2045288085938 665.3740234375 
3 918.0821533203125 494.74456787109375 987.2191162109375 590.8462524414062 
337
3 915.8973999023438 491.04656982421875 984.2105102539062 591.1779174804688 
3 892.0303955078125 490.83624267578125 984.4312133789062 665.568115234375 
338
3 914.9696655273438 489.2347412109375 980.1991577148438 591.90283203125 
339
3 910.105224609375 485.6877136230469 977.2191162109375 632.9534912109375 
3 911.413330078125 485.5991516113281 976.9987182617188 593.3782958984375 
340
3 909.1812133789062 483.3782043457031 973.4397583007812 630.851806640625 
3 910.5242309570312 483.5370788574219 973.4071655273438 594.9505004882812 
341
3 908.9417724609375 481.8494873046875 970.205810546875 635.0758056640625 
342
3 906.9220581054688 479.8738098144531 966.5924072265625 632.3172607421875 
3 907.9240112304688 479.8052978515625 966.7098388671875 592.6451416015625 
343
3 905.4869384765625 477.8807678222656 962.4136962890625 590.6696166992188 
344
3 903.360107421875 476.95709228515625 959.1773681640625 592.21630859375 
345
3 897.3956298828125 475.83978271484375 955.093994140625 590.2091064453125 
346
3 892.3076782226562 473.764892578125 950.8065185546875 590.597412109375 
347
3 885.5014038085938 473.5321044921875 946.822021484375 590.6298828125 
348
3 864.5729370117188 472.96356201171875 942.0365600585938 589.6654663085938 
3 884.0508422851562 472.6598815917969 942.111083984375 588.3271484375 
349
3 864.9638061523438 471.1557922363281 937.451416015625 588.22900390625 
3 877.4964599609375 471.23736572265625 937.1878051757812 587.7545776367188 
350
3 864.8682250976562 470.2591552734375 932.8646240234375 587.7289428710938 
351
3 864.8298950195312 468.5205078125 928.302001953125 560.3727416992188 
352
3 861.8330078125 467.33404541015625 923.2139892578125 558.6033935546875 
353
3 854.2128295898438 464.75360107421875 918.7999267578125 550.8442993164062 
354
3 849.1556396484375 462.94427490234375 914.9805297851562 549.3065185546875 
355
3 843.4480590820312 460.87548828125 910.5575561523438 548.746337890625 
356
3 838.555419921875 458.6848449707031 907.627685546875 549.9544677734375 
357
3 832.7633056640625 456.7634582519531 903.2769165039062 549.9529418945312 
358
3 827.2369995117188 455.4957580566406 900.9082641601562 549.913330078125 
359
3 823.6879272460938 453.94708251953125 897.192138671875 549.56396484375 
360
3 819.3794555664062 452.7958068847656 894.3198852539062 549.2278442382812 
361
3 811.57177734375 450.63787841796875 891.8743286132812 550.5177001953125 
362
3 808.0604858398438 450.7591247558594 888.6324462890625 551.3034057617188 
363
3 802.8087158203125 448.9420166015625 885.57958984375 550.3597412109375 
364
3 797.6766967773438 448.8385009765625 883.3687744140625 551.9127807617188 
365
3 795.0734252929688 447.7690124511719 880.528564453125 551.5789184570312 
366
3 792.745361328125 447.16796875 878.817138671875 551.2799682617188 
367
3 791.404296875 446.62359619140625 875.0322265625 553.5796508789062 
368
3 791.3056640625 443.7171325683594 872.9150390625 552.0780639648438 
369
3 789.5632934570312 442.8532409667969 870.0049438476562 553.0762939453125 
370
3 788.9876098632812 439.4034423828125 868.3101196289062 552.4154663085938 
371
3 788.3021240234375 436.759033203125 866.9825439453125 554.041748046875 
3 788.5523071289062 436.7151794433594 866.80322265625 553.614501953125 
372
3 787.0552978515625 435.5728759765625 862.9130249023438 554.6597900390625 
373
3 786.2677001953125 432.7978515625 860.64697265625 553.1226806640625 
374
3 784.7471923828125 432.6787109375 858.41748046875 553.7188720703125 
375
3 781.820068359375 429.8670349121094 856.6717529296875 552.5590209960938 
3 782.9013061523438 429.297119140625 856.7518310546875 552.4210205078125 
376
3 781.6578369140625 428.9335021972656 855.10888671875 553.5263671875 
377
3 780.8963623046875 426.9918518066406 852.9310913085938 553.283203125 
378
3 779.127685546875 425.6886291503906 849.5963134765625 555.046630859375 
379
3 777.1209716796875 424.9095153808594 847.7320556640625 554.5922241210938 
380
0 770.0337524414062 424.3654479980469 845.8311767578125 554.1055297851562 
381
0 768.4888916015625 425.11669921875 844.0947875976562 555.0863647460938 
382
0 768.1083374023438 424.1329345703125 841.5397338867188 555.7625732421875 
383
0 767.9849853515625 423.86029052734375 840.2976684570312 553.1575317382812 
384
0 766.8665771484375 422.8753356933594 839.6341552734375 553.6438598632812 
385
0 765.4822387695312 420.27227783203125 839.331298828125 552.8297729492188 
386
0 763.7095947265625 419.77618408203125 839.151611328125 554.1124267578125 
387
0 762.0760498046875 418.01739501953125 838.2394409179688 553.6083984375 
388
0 762.0554809570312 417.89788818359375 837.9033813476562 554.2466430664062 
389
0 761.5278930664062 417.0819091796875 837.960205078125 554.7472534179688 
390
0 761.6011962890625 417.0185241699219 838.3275146484375 553.6781616210938 
391
0 760.9291381835938 417.27337646484375 838.755126953125 556.4097290039062 
392
3 769.4060668945312 417.9478454589844 835.3936157226562 551.05908203125 
393
3 769.8013916015625 419.3970947265625 835.5853881835938 551.2393798828125 
394
0 768.0945434570312 414.316162109375 836.4821166992188 551.20263671875 
395
0 768.4426879882812 413.04608154296875 836.7875366210938 551.1355590820312 
396
3 768.7285766601562 415.3759460449219 835.6222534179688 550.251220703125 
397
3 768.816162109375 410.53448486328125 836.3587646484375 550.6727905273438 
398
3 769.3257446289062 410.16412353515625 835.8815307617188 551.0645141601562 
399
3 768.1295166015625 408.5018310546875 835.0872192382812 550.1170043945312 
400
3 769.015380859375 408.6795654296875 835.0296020507812 549.780029296875 
401
3 770.6146240234375 407.6233215332031 835.0552368164062 549.494873046875 
402
3 768.6866455078125 406.00213623046875 836.6242065429688 550.3228149414062 
403
3 770.9089965820312 405.7292785644531 836.3138427734375 550.5313720703125 
404
0 767.6380004882812 404.3564453125 836.162109375 550.3340454101562 
3 832.23974609375 360.0960388183594 846.9598999023438 400.29595947265625 
405
0 766.391357421875 407.0075378417969 836.7681884765625 549.9349365234375 
3 833.2674560546875 361.6361389160156 846.8780517578125 400.2110595703125 
406
0 766.0068969726562 405.3493347167969 836.819091796875 551.6256103515625 
407
3 766.3505859375 404.79815673828125 836.47607421875 544.1978759765625 
408
3 766.5982666015625 404.9867858886719 836.2781372070312 543.2674560546875 
3 833.0219116210938 361.4238586425781 846.51220703125 399.60333251953125 
409
3 767.4506225585938 401.1221008300781 836.5337524414062 538.1610717773438 
410
3 765.9922485351562 401.57086181640625 837.0289916992188 539.05712890625 
411
3 783.1260375976562 399.88818359375 836.957763671875 534.490966796875 
412
3 765.0317993164062 399.18304443359375 837.3817138671875 535.1324462890625 
413
3 780.5532836914062 398.7025146484375 838.9567260742188 531.1153564453125 
414
3 782.0594482421875 397.0898132324219 839.8118896484375 537.9572143554688 
3 781.7174682617188 397.3057861328125 839.9349365234375 539.013916015625 
415
3 780.9093627929688 397.7214660644531 838.9542846679688 541.07421875 
416
3 780.250732421875 395.7668151855469 837.769287109375 539.0060424804688 
3 780.5487670898438 396.2170104980469 837.0908203125 539.7513427734375 
417
3 776.5017700195312 396.4908752441406 839.3060302734375 539.2213134765625 
418
3 775.0137329101562 392.19671630859375 837.8646850585938 537.8450317382812 
419
3 774.68212890625 390.4639892578125 839.3108520507812 537.95263671875 
420
3 774.9185180664062 389.60345458984375 838.1578979492188 537.87890625 
421
3 774.716796875 390.57232666015625 837.7713012695312 536.829345703125 
422
3 774.9797973632812 390.502685546875 837.740234375 536.329345703125 
423
3 775.4475708007812 391.2039489746094 836.404541015625 535.12646484375 
3 832.3477783203125 360.0710754394531 846.6912841796875 398.3396301269531 
424
3 775.5490112304688 391.4439697265625 836.9691772460938 532.4107055664062 
3 832.2293701171875 359.9931335449219 846.8257446289062 398.7133483886719 
425
3 776.1422119140625 389.269287109375 835.8536987304688 530.8858032226562 
3 776.632568359375 373.163330078125 800.6978759765625 419.13250732421875 
426
3 773.7307739257812 386.4981994628906 835.9213256835938 528.6536254882812 
3 776.8771362304688 369.1624755859375 796.2958984375 415.79498291015625 
3 831.8241577148438 358.72259521484375 846.9703369140625 399.2998352050781 
427
3 773.8292236328125 387.7218017578125 835.4468994140625 525.8003540039062 
428
3 771.349853515625 386.4720153808594 835.0262451171875 516.37060546875 
429
3 771.0138549804688 386.68731689453125 834.86328125 518.5775756835938 
430
3 773.8015747070312 385.49908447265625 834.5972290039062 518.5748901367188 
431
3 771.5316772460938 384.5805358886719 833.7025146484375 518.100830078125 
432
3 770.6184692382812 383.4993591308594 833.2576293945312 517.7479858398438 
433
3 768.2608032226562 380.99700927734375 832.4252319335938 511.92742919921875 
434
3 769.1463012695312 382.3343200683594 830.6605224609375 514.7357788085938 
435
3 768.163818359375 380.34808349609375 830.04833984375 511.96142578125 
436
3 767.0792846679688 381.03253173828125 828.6669921875 514.6942749023438 
437
3 766.6636962890625 379.9590759277344 827.9107666015625 516.2549438476562 
438
3 765.9473876953125 379.70849609375 824.268310546875 514.6260986328125 
3 286.4792175292969 315.8084716796875 309.25146484375 366.69586181640625 
439
3 763.9132690429688 380.7783203125 823.2657470703125 514.85009765625 
3 763.6801147460938 362.6886291503906 779.053466796875 399.799072265625 
3 285.9429016113281 316.1318664550781 309.1990966796875 367.1307678222656 
440
3 763.988525390625 378.9425048828125 821.4300537109375 508.34375 
3 286.4796447753906 315.2948913574219 309.1872863769531 366.8948974609375 
3 324.94976806640625 314.1658020019531 343.901123046875 354.1656188964844 
3 305.9483642578125 302.6082763671875 323.1965026855469 347.3089599609375 
441
3 762.8264770507812 377.1855163574219 818.3081665039062 505.43060302734375 
3 286.2135925292969 315.402099609375 308.9095153808594 366.1793212890625 
3 758.7496337890625 362.1651306152344 773.353271484375 399.2840881347656 
3 325.0492858886719 314.2491455078125 343.6018981933594 355.4483947753906 
442
3 761.0843505859375 377.3827209472656 813.9345703125 503.33734130859375 
3 753.617919921875 362.097900390625 771.7291870117188 399.41595458984375 
3 286.46929931640625 314.8637390136719 309.0307312011719 366.0491638183594 
443
3 759.7472534179688 375.49639892578125 812.2089233398438 500.75653076171875 
3 286.34326171875 314.56121826171875 309.0443115234375 365.8833312988281 
3 748.5317993164062 362.8032531738281 766.9808959960938 398.88458251953125 
444
3 757.6329956054688 375.0093994140625 809.7122192382812 500.57550048828125 
3 286.091552734375 314.8870849609375 308.9190673828125 366.49859619140625 
445
3 755.9745483398438 373.32861328125 808.5494995117188 495.35919189453125 
3 286.6459045410156 314.6795349121094 308.92083740234375 365.1648864746094 
446
3 753.1231079101562 373.8600158691406 807.1622314453125 493.808349609375 
447
448
3 751.2552490234375 372.4784851074219 804.0626220703125 491.98883056640625 
3 325.5115661621094 314.4969482421875 343.1152038574219 341.4422607421875 
449
3 750.7379760742188 372.7705078125 802.0430908203125 499.677001953125 
450
1 736.0550537109375 371.75506591796875 801.024658203125 497.42718505859375 
3 239.58599853515625 367.13983154296875 266.5690002441406 389.8108825683594 
451
3 739.0969848632812 372.4026794433594 798.4901123046875 497.5791015625 
452
3 740.3232421875 372.1299133300781 797.668701171875 494.01806640625 
453
3 743.7245483398438 372.34698486328125 795.6109008789062 487.8136291503906 
454
3 744.631591796875 371.8833923339844 792.8744506835938 451.38482666015625 
455
3 744.8085327148438 370.6211242675781 790.3619384765625 488.77227783203125 
456
3 744.0152587890625 370.4582214355469 790.0457153320312 484.741455078125 
457
3 743.0443115234375 368.07080078125 790.452880859375 482.93206787109375 
458
3 739.9213256835938 367.378662109375 788.35498046875 479.89080810546875 
3 239.83949279785156 366.1954650878906 267.9834899902344 390.58697509765625 
459
3 737.9579467773438 367.00396728515625 787.5902709960938 480.99810791015625 
460
461
462
463
464
3 730.8701171875 363.41082763671875 783.267822265625 478.0245666503906 
465
3 729.2802124023438 363.60003662109375 782.33203125 477.7809753417969 
466
3 727.9327392578125 363.1852111816406 781.0572509765625 475.5532531738281 
467
3 727.1104736328125 362.9475402832031 779.6957397460938 474.560302734375 
468
3 727.7681884765625 363.80938720703125 779.1495361328125 473.3501281738281 
469
3 726.9393310546875 362.6922912597656 778.745361328125 472.310302734375 
470
3 727.1253051757812 363.8477478027344 776.8800659179688 475.6078796386719 
471
3 725.8687744140625 362.7430725097656 775.5145263671875 471.107421875 
472
3 725.0257568359375 362.5116271972656 775.163818359375 470.1908874511719 
3 725.2294311523438 361.5890808105469 774.9965209960938 470.3652648925781 
473
3 724.7985229492188 360.25 772.9199829101562 466.7991943359375 
3 725.7625122070312 360.0669860839844 772.6758422851562 434.2602844238281 
474
3 725.1005249023438 359.76995849609375 771.8427734375 462.7250061035156 
475
3 724.2449951171875 358.0888671875 771.187744140625 465.81451416015625 
3 999.9937744140625 531.178466796875 1054.9481201171875 635.9899291992188 
3 244.640869140625 366.9806213378906 270.86981201171875 390.7442626953125 
476
3 722.5061645507812 357.29364013671875 769.8710327148438 464.32208251953125 
3 722.9470825195312 357.4989929199219 768.9835205078125 430.1201477050781 
3 244.39585876464844 367.33721923828125 271.33465576171875 390.3374328613281 
477
3 721.0718994140625 356.9118347167969 769.0686645507812 464.0242919921875 
3 721.4813842773438 357.1777038574219 768.3766479492188 428.5888366699219 
478
3 719.4635009765625 355.781494140625 767.9432983398438 464.7841796875 
3 719.7214965820312 355.9515380859375 767.7166748046875 427.3768615722656 
479
3 718.729736328125 355.46185302734375 767.5431518554688 462.36041259765625 
3 719.6516723632812 355.5289611816406 767.1227416992188 427.1741943359375 
480
3 719.0413818359375 355.197509765625 766.7725830078125 429.25927734375 
481
3 717.3877563476562 353.7724304199219 766.10107421875 457.5999450683594 
482
2 717.7001953125 354.78631591796875 765.0049438476562 463.0404357910156 
483
3 717.720703125 353.49261474609375 764.0703125 461.96429443359375 
484
485
3 718.3248901367188 354.77252197265625 760.5673217773438 461.4522705078125 
486
3 717.408935546875 353.1172790527344 759.8740234375 432.48931884765625 
487
3 717.0028076171875 353.2850646972656 759.2212524414062 439.0850830078125 
488
3 716.0130615234375 352.7051696777344 757.0972290039062 450.5001220703125 
489
3 714.6502685546875 351.3847961425781 756.7553100585938 441.98992919921875 
490
3 713.8002319335938 351.23211669921875 756.3004760742188 441.9927673339844 
491
3 713.5548706054688 349.33441162109375 755.286376953125 426.6479187011719 
492
3 712.8178100585938 349.8837890625 754.62646484375 447.6960754394531 
493
3 712.1480712890625 348.8116455078125 753.5757446289062 451.071533203125 
494
3 711.3906860351562 349.0713195800781 752.972900390625 443.6914978027344 
3 327.85260009765625 313.00634765625 346.88250732421875 351.96624755859375 
3 291.2430114746094 313.73333740234375 313.9098205566406 364.0360107421875 
495
3 709.9380493164062 348.02325439453125 752.216064453125 443.736328125 
3 328.1854553222656 312.5440979003906 346.7834777832031 349.5039978027344 
496
2 708.1203002929688 348.7086486816406 750.860107421875 446.95794677734375 
497
2 707.1378173828125 347.74151611328125 749.46875 445.6925048828125 
498
2 705.9515380859375 347.7223815917969 747.3653564453125 443.896240234375 
499
2 705.6067504882812 348.1189270019531 745.775146484375 444.2410583496094 
500
2 704.999267578125 347.6975402832031 744.3831176757812 447.41973876953125 
501
2 703.3951416015625 347.36962890625 743.3792724609375 446.5235595703125 
502
2 703.4937744140625 347.271728515625 742.3748779296875 442.2370910644531 
503
3 702.1268920898438 345.5408630371094 741.007568359375 435.92608642578125 
504
3 700.4865112304688 346.0767517089844 739.4986572265625 434.5867004394531 
505
2 699.803955078125 344.3382568359375 738.1866455078125 436.45379638671875 
506
3 698.9539184570312 344.69219970703125 736.9327392578125 432.3111267089844 
507
3 696.8003540039062 343.89837646484375 735.7084350585938 435.69580078125 
3 697.0663452148438 343.9499206542969 735.140869140625 411.5113525390625 
508
3 696.4134521484375 343.2264709472656 734.47607421875 409.8797607421875 
3 246.29443359375 363.28961181640625 273.4415588378906 386.1775817871094 
509
3 695.1110229492188 343.2710876464844 733.419189453125 411.3533630371094 
3 694.884033203125 343.21392822265625 733.6349487304688 435.0739440917969 
510
2 693.8656616210938 342.7548522949219 732.5584716796875 438.0187683105469 
511
2 692.40673828125 343.946533203125 731.8079223632812 438.16510009765625 
3 247.0333251953125 363.1814880371094 273.8121643066406 385.6826477050781 
512
2 692.3252563476562 343.1169128417969 731.1432495117188 436.0821838378906 
3 246.9014892578125 363.2868957519531 274.2761535644531 384.85711669921875 
513
3 691.0053100585938 343.6322021484375 729.2249145507812 433.3089294433594 
3 292.2832336425781 313.38421630859375 313.92828369140625 362.4393310546875 
3 247.1527862548828 363.21466064453125 274.3166198730469 385.3463439941406 
514
3 689.76611328125 343.75048828125 728.3374633789062 428.5993347167969 
3 247.13613891601562 363.1590881347656 274.88482666015625 385.6134338378906 
3 292.3017272949219 313.37774658203125 313.9880065917969 362.3547668457031 
3 330.3646545410156 311.11138916015625 346.6119079589844 349.8628234863281 
515
3 688.1314086914062 342.7003173828125 726.906494140625 429.96917724609375 
516
3 688.1660766601562 343.4132385253906 725.6305541992188 428.60272216796875 
517
3 687.3163452148438 340.79534912109375 724.7794189453125 427.8935546875 
518
3 687.0184326171875 342.2087707519531 722.96630859375 427.6375732421875 
519
3 685.660400390625 340.1271667480469 723.1998901367188 427.5528564453125 
520
3 685.0357055664062 339.96881103515625 721.1266479492188 427.4226989746094 
521
3 683.9780883789062 340.24237060546875 720.6300048828125 419.0012512207031 
522
3 683.4337158203125 338.44952392578125 719.9716796875 426.1653137207031 
523
3 682.6275634765625 339.342041015625 717.6021728515625 428.92529296875 
524
3 681.8797607421875 337.91412353515625 715.6245727539062 428.4427490234375 
525
3 680.30078125 338.5038146972656 714.7588500976562 429.3551025390625 
526
3 678.9410400390625 338.7657470703125 714.0396728515625 428.6509704589844 
527
3 677.623779296875 337.760009765625 711.45263671875 429.0440673828125 
528
3 673.6074829101562 339.0103759765625 710.9834594726562 429.2184753417969 
529
3 676.2753295898438 337.8248291015625 709.2510375976562 427.16046142578125 
3 675.9273681640625 337.73779296875 709.5967407226562 427.43096923828125 
530
3 672.9010009765625 338.7720031738281 707.3861083984375 428.026123046875 
531
3 672.6860961914062 337.5545959472656 705.5992431640625 426.34503173828125 
532
3 671.8065185546875 337.5150451660156 704.212646484375 420.6301574707031 
533
3 671.1481323242188 337.5798034667969 702.9306640625 423.752685546875 
534
3 669.2192993164062 337.0212097167969 702.0008544921875 421.29840087890625 
535
3 667.8035278320312 335.87005615234375 699.4803466796875 421.0260009765625 
536
3 666.6704711914062 335.6794738769531 697.32275390625 420.9111328125 
537
3 665.459228515625 334.82611083984375 695.1438598632812 420.6048583984375 
538
3 663.5819091796875 335.05694580078125 693.5958251953125 420.728759765625 
539
3 662.8818969726562 335.2261047363281 692.5870971679688 420.3180236816406 
540
3 661.87744140625 334.842041015625 691.7792358398438 420.22564697265625 
541
3 659.796630859375 334.90789794921875 690.8123168945312 420.8012390136719 
542
3 660.3839111328125 335.05419921875 689.7100219726562 420.97760009765625 
543
3 659.3526000976562 335.126953125 689.3836059570312 420.2174072265625 
544
3 658.0866088867188 335.3270568847656 688.05126953125 419.5292053222656 
545
3 656.8667602539062 335.1684875488281 686.5263671875 418.8909912109375 
546
3 656.8566284179688 335.0365905761719 685.7982177734375 418.2509765625 
547
3 655.9447631835938 334.9195556640625 685.2615356445312 417.2575988769531 
548
3 655.708251953125 334.65167236328125 683.982666015625 415.1884765625 
549
3 655.3671264648438 334.43365478515625 683.7727661132812 407.4974365234375 
550
3 654.047119140625 334.59814453125 682.9814453125 405.9428405761719 
551
3 652.8261108398438 333.0643005371094 682.0164184570312 409.59259033203125 
552
3 652.5240478515625 333.9422302246094 680.5374755859375 406.6572265625 
553
3 651.7637329101562 331.9463195800781 679.3714599609375 410.9451904296875 
554
3 650.6787109375 332.4097595214844 677.9776000976562 410.923095703125 
3 651.4389038085938 332.58477783203125 678.0050659179688 385.9486999511719 
555
3 650.1444091796875 331.4266052246094 676.7638549804688 410.4384765625 
556
3 649.6498413085938 331.99896240234375 675.710693359375 410.72747802734375 
557
3 645.3048706054688 331.5579833984375 675.1932373046875 411.91302490234375 
558
3 645.3824462890625 331.88092041015625 675.0746459960938 413.1441650390625 
559
3 640.7272338867188 332.0619812011719 674.2340087890625 411.5970153808594 
560
3 643.1099853515625 332.4993896484375 673.5386352539062 410.23809814453125 
561
3 640.3644409179688 331.9281005859375 673.4255981445312 410.6791687011719 
562
3 640.1437377929688 332.39117431640625 673.331787109375 410.0417175292969 
563
564
3 638.9462890625 331.90020751953125 670.2138671875 407.5347900390625 
3 296.1485900878906 310.8695068359375 316.4455871582031 359.38665771484375 
565
3 639.4337768554688 330.0502624511719 665.471435546875 380.715576171875 
566
3 638.1594848632812 330.6016845703125 663.9108276367188 380.4718017578125 
567
3 635.978515625 329.7938232421875 661.730712890625 380.21917724609375 
568
3 634.2420043945312 329.3692626953125 661.492919921875 380.31060791015625 
569
3 633.0254516601562 329.47796630859375 659.8681030273438 382.00616455078125 
570
3 631.1983642578125 328.8270263671875 660.6277465820312 406.75103759765625 
571
3 630.9531860351562 328.27325439453125 658.7527465820312 406.531494140625 
572
3 629.415771484375 328.31317138671875 658.3466186523438 407.0053405761719 
573
3 628.3795776367188 328.7463684082031 658.0101318359375 407.53619384765625 
574
3 627.857666015625 328.62249755859375 656.933349609375 407.0158996582031 
575
576
577
578
579
3 626.23193359375 329.1280822753906 653.7520141601562 405.53460693359375 
580
581
582
583
584
585
586
587
588
589
3 618.4973754882812 324.7000732421875 648.263671875 401.3463439941406 
590
591
592
3 617.5204467773438 326.28643798828125 645.0928344726562 400.873046875 
593
594
3 615.6943359375 325.51495361328125 643.866455078125 400.31182861328125 
595
596
597
598
599
600
601
602
603
604
605
606
607
3 605.4562377929688 322.2148742675781 638.0833740234375 364.6771240234375 
608
3 605.9610595703125 323.09576416015625 637.3045043945312 360.797119140625 
609
610
3 604.6013793945312 322.1002197265625 637.3492431640625 368.8251953125 
611
612
613
3 604.9835815429688 321.2266540527344 636.0078735351562 365.7889709472656 
614
3 605.3319091796875 321.2164611816406 635.4172973632812 364.57501220703125 
615
616
3 605.3545532226562 321.6313781738281 635.0508422851562 361.7823181152344 
617
3 605.4057006835938 321.0599670410156 634.0609741210938 359.3420104980469 
618
3 604.611083984375 320.1607666015625 633.9783935546875 361.756591796875 
619
3 604.3795166015625 320.3869934082031 633.5523071289062 361.214599609375 
620
3 604.4577026367188 320.3741455078125 632.8291015625 358.03778076171875 
621
3 604.2877197265625 320.093994140625 632.3875732421875 362.28460693359375 
622
3 603.2589721679688 320.9311828613281 631.5706787109375 366.20977783203125 
623
624
625
626
627
628
629
630
3 600.4805297851562 318.9881896972656 628.9506225585938 366.6514587402344 
631
632
633
634
635
3 597.5038452148438 317.6952819824219 628.23388671875 354.02081298828125 
636
637
638
639
640
641
642
643
644
645
3 590.1097412109375 317.31280517578125 624.0132446289062 356.79205322265625 
646
647
3 589.1065063476562 316.2420349121094 624.1217651367188 357.3396911621094 
648
3 589.082275390625 316.3659362792969 623.134033203125 363.97998046875 
649
3 588.9767456054688 316.0078430175781 622.0896606445312 362.31097412109375 
650
651
652
653
654
655
656
657
3 590.0758666992188 315.721923828125 619.1873779296875 362.17840576171875 
658
659
660
661
662
663
3 587.802734375 314.45880126953125 615.9375 361.0366516113281 
664
3 588.137939453125 314.63818359375 616.7423706054688 362.30364990234375 
665
3 588.080078125 313.90472412109375 616.02734375 363.4059143066406 
666
3 587.9877319335938 314.1534423828125 615.9369506835938 364.0126953125 
667
3 587.1814575195312 315.1318359375 615.9288940429688 362.08843994140625 
668
3 586.67041015625 315.99267578125 615.5304565429688 361.63897705078125 
669
670
3 586.71875 316.58074951171875 615.15380859375 364.2851257324219 
671
3 586.6181030273438 316.4707946777344 614.71484375 362.0814208984375 
672
3 586.447998046875 315.3974609375 614.0604858398438 359.36383056640625 
673
674
3 586.1700439453125 315.6393127441406 613.622314453125 361.93670654296875 
675
676
3 336.5671081542969 308.65570068359375 355.6671142578125 356.062744140625 
677
678
679
3 337.56622314453125 310.2754821777344 355.2377624511719 351.45257568359375 
3 584.9782104492188 312.37091064453125 611.0208740234375 358.941162109375 
680
3 584.5822143554688 311.8882141113281 610.5340576171875 358.8326721191406 
3 336.5411682128906 309.69854736328125 355.3736267089844 356.1231384277344 
681
682
683
3 294.5307312011719 309.2404479980469 308.359375 334.59930419921875 
684
3 294.31268310546875 309.3863525390625 308.48126220703125 335.0525817871094 
685
686
3 582.2718505859375 312.33477783203125 605.6770629882812 341.53594970703125 
687
688
3 575.304443359375 311.2567138671875 604.4335327148438 343.38763427734375 
689
690
691
692
3 574.0940551757812 311.90484619140625 602.2734375 342.52093505859375 
693
3 574.6688232421875 312.07891845703125 601.8269653320312 343.30780029296875 
3 294.0125427246094 308.578125 312.5925598144531 357.3265380859375 
694
3 574.6082763671875 311.67230224609375 601.383056640625 344.2763977050781 
695
3 573.6907958984375 311.35980224609375 599.9677124023438 347.9717102050781 
696
697
3 574.2630004882812 310.9912414550781 600.236572265625 347.0846862792969 
698
3 574.4119873046875 311.611572265625 599.7391357421875 347.4461975097656 
699
3 574.476318359375 311.1820373535156 599.98095703125 346.7064208984375 
3 293.9541931152344 308.576171875 313.6866760253906 357.2416076660156 
700
3 575.2212524414062 311.2952880859375 600.4232177734375 345.57745361328125 
3 294.9502868652344 309.68341064453125 311.2457275390625 355.4252624511719 
701
3 575.2817993164062 311.6953125 599.6829223632812 343.9938659667969 
3 295.1300048828125 310.56640625 311.63751220703125 356.2895812988281 
702
3 574.7068481445312 311.66943359375 599.5086059570312 346.5162658691406 
3 294.7389831542969 310.76959228515625 311.2472229003906 355.8841247558594 
703
3 574.6229248046875 312.0687561035156 599.1954956054688 346.2700500488281 
3 294.9894104003906 310.9410705566406 311.443359375 356.0346984863281 
704
3 574.7919921875 312.39605712890625 599.25146484375 347.36151123046875 
3 295.00994873046875 311.0177917480469 311.4494934082031 355.9927978515625 
705
3 574.4597778320312 312.1795349121094 599.0173950195312 348.4049072265625 
3 294.5394287109375 309.6657409667969 312.68048095703125 356.66461181640625 
706
3 574.4880981445312 312.2388610839844 598.9285278320312 350.8565673828125 
707
3 574.28125 312.24871826171875 598.871337890625 350.3311462402344 
3 294.781494140625 310.1753845214844 311.9697265625 356.2732849121094 
3 309.40142822265625 299.11700439453125 328.01324462890625 341.6029968261719 
708
3 574.4382934570312 311.6758117675781 598.6889038085938 349.0695495605469 
3 309.503662109375 299.24395751953125 327.9126281738281 341.89984130859375 
3 294.885498046875 310.2921142578125 311.8821716308594 357.17620849609375 
709
3 574.5305786132812 310.2041015625 599.0150756835938 348.3305969238281 
3 294.70904541015625 309.8966979980469 312.400390625 356.64984130859375 
710
3 574.7028198242188 311.5714416503906 598.4887084960938 348.3017578125 
711
3 574.58447265625 309.5763244628906 598.834228515625 347.76300048828125 
3 309.3253173828125 298.84332275390625 327.637939453125 342.2984313964844 
3 295.1049499511719 309.5945129394531 311.90460205078125 355.74127197265625 
712
3 574.6290893554688 310.33428955078125 598.7001342773438 346.2716979980469 
3 309.37445068359375 300.2092590332031 327.5027160644531 342.5660095214844 
713
3 574.4119873046875 309.9589538574219 598.9901733398438 346.0522766113281 
3 308.90826416015625 299.393310546875 327.62945556640625 342.3902893066406 
714
3 574.47998046875 310.7790222167969 598.6972045898438 347.1815185546875 
3 308.9210510253906 300.05755615234375 327.5658264160156 342.0938415527344 
715
3 574.321533203125 309.07806396484375 598.9144897460938 347.1936950683594 
3 308.3898010253906 299.64520263671875 328.0451965332031 342.1794128417969 
716
3 574.1749267578125 311.5274963378906 598.2407836914062 349.2266845703125 
3 309.35260009765625 301.0028991699219 327.9555358886719 340.9897766113281 
717
3 573.8291625976562 308.713623046875 598.3570556640625 349.7040710449219 
718
3 573.5529174804688 311.2078552246094 597.9302978515625 351.92645263671875 
719
720
3 572.9622192382812 311.04364013671875 597.760986328125 351.02490234375 
721
722
723
724
3 309.1483154296875 300.00823974609375 327.7265625 341.7884521484375 
725
726
727
728
729
730
731
732
733
734
735
736
737
738
739
740
741
742
743
744
745
746
747
748
749
750
751
752
753
754
755
756
757
758
759
760
761
762
763
764
765
766
767
768
769
770
771
772
773
774
775
776
777
778
779
780
781
782
783
784
785
786
787
788
789
790
791
792
793
794
795
796
797
798
799
800
801
802
803
804
805
806
807
808
809
810
811
812
813
814
815
816
817
818
819
820
821
822
3 549.49755859375 307.74725341796875 564.3088989257812 338.1426696777344 
823
824
825
826
3 548.5626220703125 305.24761962890625 565.7864990234375 333.21002197265625 
827
828
829
830
3 309.48883056640625 299.48748779296875 327.8726806640625 342.34808349609375 
831
832
833
834
835
836
837
838
839
840
841
842
843
844
845
846
847
848
849
850
851
852
853
854
855
856
857
858
859
860
861
862
863
864
865
866
867
868
869
870
871
