0
1
2
3
4
5
6
7
8
9
10
11
12
13
14
15
16
17
18
19
20
21
22
23
24
25
26
27
28
29
30
31
32
33
34
35
36
37
38
39
40
41
42
43
44
45
46
3 17.549701690673828 648.5673217773438 54.84897994995117 710.56884765625 
47
3 18.362850189208984 647.874755859375 57.44178771972656 710.1276245117188 
48
49
3 20.403045654296875 648.3580322265625 62.631996154785156 709.2446899414062 
50
51
52
53
54
55
56
57
58
59
60
61
62
63
64
65
66
67
3 41.87604522705078 645.3182983398438 81.30218505859375 710.3701171875 
68
69
3 47.73139572143555 645.1900634765625 86.53959655761719 713.2086181640625 
70
3 48.760189056396484 643.3070068359375 87.49803161621094 713.1826782226562 
71
3 50.29411315917969 643.1299438476562 87.88519287109375 712.9601440429688 
72
3 49.9941291809082 642.0606689453125 89.9549560546875 711.62548828125 
73
74
75
76
77
78
79
80
81
82
83
84
85
86
87
88
89
90
91
3 82.34559631347656 643.0628051757812 138.13319396972656 717.8258666992188 
92
93
94
3 51.08885192871094 583.8489990234375 140.5229949951172 715.4762573242188 
95
96
97
98
3 60.052764892578125 585.3399658203125 140.49327087402344 723.2139282226562 
99
100
3 97.54598236083984 640.411865234375 142.0515594482422 729.2312622070312 
101
3 17.001564025878906 577.5011596679688 59.56705856323242 653.5938110351562 
3 55.23598098754883 583.5105590820312 93.4620132446289 642.3113403320312 
3 97.47891235351562 640.2254028320312 149.78976440429688 731.0426635742188 
102
3 17.343717575073242 578.1550903320312 59.99882125854492 656.375732421875 
103
104
105
106
107
108
109
110
111
112
113
114
3 122.76227569580078 638.2655639648438 181.39894104003906 716.2576904296875 
115
3 106.37324523925781 577.8858642578125 141.98361206054688 650.5164184570312 
3 0.11830329895019531 536.2012329101562 20.964649200439453 580.8051147460938 
116
3 0.0904073715209961 535.9390258789062 20.937028884887695 581.01220703125 
117
3 110.36431884765625 575.06591796875 193.02166748046875 719.4447631835938 
3 0.07610607147216797 535.9357299804688 21.853103637695312 580.47802734375 
118
3 115.0829849243164 574.0028686523438 197.65357971191406 719.282958984375 
119
3 116.84091186523438 574.2725830078125 198.43698120117188 718.2911376953125 
3 55.5074348449707 586.9530639648438 98.0125961303711 649.383056640625 
120
3 117.10900115966797 576.0125732421875 155.4142303466797 652.644287109375 
3 59.41883850097656 594.4953002929688 93.37919616699219 650.5147705078125 
121
122
123
124
125
126
127
128
3 62.76282501220703 595.5557861328125 98.45162963867188 649.3936157226562 
129
130
131
132
133
134
135
136
137
138
139
140
141
142
143
144
145
146
147
148
149
150
151
152
153
154
3 173.77508544921875 589.5673828125 308.9299621582031 772.0166015625 
3 78.50309753417969 610.6624145507812 116.9366226196289 669.5166625976562 
155
3 174.22488403320312 589.8682861328125 311.42144775390625 775.7125244140625 
3 77.58670043945312 607.9953002929688 118.28126525878906 669.24658203125 
156
3 174.87127685546875 593.842041015625 311.71893310546875 773.8373413085938 
157
3 179.4661865234375 594.9256591796875 321.0362243652344 781.1661376953125 
158
3 180.8484649658203 596.14111328125 318.3634033203125 779.8484497070312 
3 82.8409194946289 608.5177612304688 124.21270751953125 669.9782104492188 
159
3 182.6825408935547 598.1580810546875 328.6314392089844 786.8170166015625 
3 83.29114532470703 608.9420776367188 125.19833374023438 669.71142578125 
160
161
3 184.5023651123047 600.752197265625 332.77777099609375 783.396484375 
162
3 186.1796417236328 601.561279296875 332.320068359375 787.3896484375 
163
164
3 191.69705200195312 603.732666015625 334.3163757324219 793.3370361328125 
165
3 194.1602020263672 605.0752563476562 337.78497314453125 796.5614624023438 
166
3 197.46517944335938 604.6105346679688 336.9748840332031 790.153564453125 
167
3 198.9876708984375 605.8546752929688 341.4400939941406 796.4647216796875 
168
3 200.45431518554688 604.6183471679688 344.98565673828125 795.685791015625 
3 0.17045211791992188 654.7453002929688 34.16419982910156 707.6475830078125 
169
3 204.72976684570312 603.107421875 347.5956726074219 794.6697998046875 
170
3 208.43521118164062 602.5053100585938 349.9344482421875 794.9058227539062 
171
3 210.66815185546875 602.7305908203125 352.6854248046875 789.2867431640625 
3 0.1259469985961914 659.1865234375 33.616519927978516 707.757568359375 
172
3 213.60128784179688 601.4150390625 355.95928955078125 791.300048828125 
173
3 214.86209106445312 598.3221435546875 366.77484130859375 794.0783081054688 
174
3 216.69546508789062 598.2782592773438 358.6822509765625 794.774169921875 
175
3 216.08448791503906 597.3363647460938 358.91644287109375 792.5281982421875 
176
3 218.37147521972656 598.3302001953125 376.46636962890625 797.568115234375 
177
3 220.9639434814453 596.0203857421875 378.42822265625 796.30859375 
178
3 222.954833984375 596.185791015625 385.88104248046875 798.130859375 
179
3 224.586181640625 596.8922729492188 396.9658203125 799.0938110351562 
180
3 227.3465118408203 599.8192138671875 399.52203369140625 800.7453002929688 
181
3 227.0372314453125 598.2343139648438 415.34808349609375 799.5162353515625 
182
3 228.38180541992188 601.5335083007812 423.659912109375 804.2684326171875 
3 96.55152130126953 589.6245727539062 147.48687744140625 678.0657348632812 
183
3 228.7515869140625 601.4777221679688 408.7058410644531 802.2805786132812 
184
3 228.75669860839844 598.5250854492188 400.6903076171875 806.1920166015625 
3 102.87028503417969 606.9070434570312 149.40737915039062 677.7891235351562 
185
3 230.62710571289062 597.7872924804688 387.1715393066406 788.7299194335938 
3 0.12447071075439453 660.8810424804688 27.873611450195312 729.5042724609375 
186
3 234.3209991455078 592.5623168945312 389.33837890625 792.010986328125 
187
3 235.47216796875 589.0220947265625 392.9968566894531 793.3274536132812 
3 0.027457237243652344 662.8006591796875 26.39757537841797 732.67578125 
188
3 235.59857177734375 589.22119140625 392.8495178222656 792.9623413085938 
189
3 236.2994384765625 588.072509765625 395.4190673828125 795.6922607421875 
190
191
3 244.07476806640625 589.1973266601562 412.0084228515625 801.1112060546875 
3 116.53759765625 602.790283203125 161.16004943847656 677.7027587890625 
192
3 250.6162109375 593.661865234375 416.1980895996094 805.9180297851562 
193
3 255.56419372558594 587.3084716796875 430.4048156738281 808.2608032226562 
194
3 257.26824951171875 587.574951171875 427.47216796875 807.6422119140625 
3 113.4930648803711 572.2216186523438 171.6228790283203 676.5490112304688 
195
3 257.9641418457031 583.6380615234375 430.3554992675781 805.6629028320312 
196
3 256.3070373535156 582.1074829101562 432.3191223144531 804.3750610351562 
197
3 263.6341552734375 579.3301391601562 432.5560607910156 798.6517333984375 
198
3 269.83099365234375 576.9849243164062 425.4324035644531 796.1463623046875 
3 269.3409729003906 577.27490234375 425.4748840332031 797.30908203125 
199
3 274.088623046875 575.978515625 438.32147216796875 795.89501953125 
3 140.67086791992188 604.8848266601562 182.5872344970703 678.2521362304688 
200
3 280.82916259765625 574.1939086914062 463.29296875 799.8088989257812 
201
3 284.573486328125 572.932861328125 479.460693359375 801.3477783203125 
202
3 286.0712585449219 573.8692626953125 474.560546875 801.38916015625 
203
3 289.0255432128906 574.2991943359375 463.6263427734375 796.4939575195312 
3 146.0648956298828 604.1130981445312 190.74659729003906 676.320556640625 
204
3 292.30108642578125 576.5838012695312 471.0622253417969 798.1006469726562 
205
3 296.4132995605469 578.3718872070312 487.9063720703125 802.0244140625 
3 142.20169067382812 578.2515258789062 196.9876708984375 678.4147338867188 
206
3 295.28167724609375 577.6925048828125 491.9588317871094 803.3460693359375 
207
3 297.121826171875 578.416259765625 495.77691650390625 803.561279296875 
208
3 300.5194091796875 577.7617797851562 495.5084228515625 800.202392578125 
3 135.0350341796875 561.6355590820312 202.76748657226562 675.4518432617188 
209
3 304.99652099609375 575.1202392578125 483.8752136230469 788.8212890625 
3 141.68746948242188 562.9910888671875 205.96432495117188 673.9505615234375 
210
3 307.4467468261719 575.240234375 479.73846435546875 788.9353637695312 
211
3 310.4876708984375 572.9910888671875 474.501708984375 789.61865234375 
3 146.00059509277344 560.1585083007812 211.31683349609375 673.892333984375 
212
213
214
3 326.81689453125 572.3923950195312 424.2618408203125 707.4369506835938 
215
3 328.8563232421875 572.0729370117188 508.04376220703125 802.773193359375 
216
3 332.26141357421875 573.6982421875 516.1278076171875 803.3843994140625 
217
3 340.669921875 575.1941528320312 528.38818359375 802.555908203125 
3 158.9186553955078 545.0601196289062 228.67306518554688 671.4005737304688 
3 157.1077880859375 544.1257934570312 227.69146728515625 672.35791015625 
218
3 343.38726806640625 573.2327270507812 535.346435546875 804.623779296875 
3 162.27699279785156 544.4353637695312 232.178466796875 676.7724609375 
219
3 349.6084899902344 572.6770629882812 533.63623046875 804.8267822265625 
3 164.23545837402344 538.8760375976562 233.59828186035156 675.189208984375 
220
3 349.31787109375 570.0189819335938 534.1622314453125 806.1226806640625 
3 167.4819793701172 538.9136352539062 237.1837158203125 670.4703369140625 
221
3 357.2881164550781 567.6121826171875 533.8046264648438 805.8265991210938 
3 170.8839874267578 535.8380126953125 241.83297729492188 670.7109375 
222
3 359.80877685546875 565.1725463867188 537.9415283203125 807.0946655273438 
3 172.88365173339844 534.3533325195312 245.0772705078125 670.205078125 
223
3 362.5119323730469 564.1129150390625 541.890380859375 804.3086547851562 
3 176.99237060546875 533.7354736328125 220.9706573486328 621.4864501953125 
224
3 366.93988037109375 562.4234619140625 563.0807495117188 809.5536499023438 
3 182.52610778808594 532.6658325195312 254.693115234375 672.2366943359375 
225
3 370.7706298828125 562.6195068359375 563.7352294921875 808.3907470703125 
3 184.8206787109375 532.0313720703125 256.653564453125 674.5059814453125 
226
3 373.3878479003906 562.724365234375 575.1488647460938 811.2034912109375 
3 185.26937866210938 530.84375 258.77325439453125 674.9474487304688 
227
1 381.3985290527344 566.5093383789062 594.7620849609375 815.8511352539062 
3 190.24716186523438 527.5536499023438 265.74969482421875 674.1424560546875 
228
1 380.8056640625 566.568359375 597.4700317382812 818.499267578125 
3 190.4584503173828 527.6887817382812 265.9337158203125 675.248046875 
229
1 385.6095886230469 571.189453125 596.1094360351562 809.2864990234375 
3 195.62977600097656 527.3192138671875 270.6647644042969 673.4838256835938 
230
1 386.3422546386719 572.44580078125 608.2660522460938 810.8470458984375 
3 199.16180419921875 525.9254150390625 273.62322998046875 673.854736328125 
231
1 387.531982421875 572.3079833984375 612.7337646484375 812.1812744140625 
232
1 387.5774841308594 571.1161499023438 612.821044921875 806.7879028320312 
3 202.7653350830078 527.4971923828125 278.07269287109375 668.7200927734375 
233
1 395.168212890625 569.4630126953125 598.2623901367188 800.6658325195312 
3 208.10853576660156 528.2158813476562 284.5660400390625 663.9044799804688 
234
3 211.4635467529297 524.8972778320312 287.5989074707031 662.6627197265625 
3 396.30511474609375 568.921875 589.573486328125 803.67431640625 
235
3 398.732666015625 565.8748779296875 585.3759155273438 801.1272583007812 
3 213.83717346191406 527.6956787109375 264.1818542480469 615.56640625 
236
3 402.94482421875 565.9358520507812 588.7891235351562 801.6190795898438 
3 217.03887939453125 530.6812133789062 294.0067138671875 669.6417846679688 
237
1 411.6855163574219 565.6431884765625 607.28662109375 811.8886108398438 
3 220.0589141845703 528.619384765625 271.2441711425781 617.1593627929688 
238
1 416.73138427734375 564.780029296875 612.2691040039062 812.087890625 
3 224.0730743408203 519.5726928710938 303.3748779296875 667.3134765625 
239
1 423.06622314453125 563.246337890625 622.808349609375 815.9486083984375 
3 227.07301330566406 518.0817260742188 305.44073486328125 671.9295043945312 
240
1 427.94952392578125 563.2962036132812 636.9675903320312 818.8890380859375 
3 229.32369995117188 516.9226684570312 314.4044494628906 673.4488525390625 
241
1 440.444091796875 561.7276611328125 647.1065063476562 819.0423583984375 
3 235.27713012695312 517.4577026367188 320.6246032714844 677.524169921875 
242
1 445.93109130859375 559.7948608398438 651.9661254882812 821.6393432617188 
3 241.07534790039062 515.7592163085938 322.4264831542969 678.2811279296875 
243
1 451.2311706542969 559.5568237304688 660.45947265625 822.80712890625 
3 244.15939331054688 516.3831176757812 326.8482360839844 670.04541015625 
244
1 458.21868896484375 556.770751953125 660.3883056640625 821.0433349609375 
3 246.35702514648438 510.92486572265625 328.8421325683594 666.1243286132812 
245
1 466.8921813964844 553.2855834960938 674.7964477539062 816.4407348632812 
3 252.0434112548828 512.5985717773438 337.5986022949219 665.9843139648438 
246
1 475.00347900390625 549.1685791015625 685.34716796875 817.976806640625 
3 256.5740051269531 512.806396484375 342.8408508300781 666.6986694335938 
247
1 477.7449951171875 545.1885986328125 692.356689453125 819.3175048828125 
3 260.3807373046875 511.94268798828125 343.6553649902344 664.8648681640625 
248
1 482.1585388183594 544.7141723632812 658.4971923828125 807.2666015625 
3 263.2451171875 511.344482421875 346.99603271484375 664.251953125 
249
1 491.7777404785156 542.9708862304688 676.4837646484375 808.0902099609375 
3 270.28753662109375 510.34771728515625 351.9559326171875 658.1869506835938 
250
1 498.21319580078125 541.3377075195312 690.7159423828125 806.7406005859375 
3 273.5720520019531 506.43560791015625 356.133056640625 658.210205078125 
251
1 502.7237854003906 543.935302734375 708.7554321289062 807.7627563476562 
3 277.2340087890625 507.0069580078125 361.96832275390625 660.5714111328125 
252
1 507.3071594238281 545.352294921875 718.2892456054688 809.0093383789062 
3 280.032958984375 507.0838623046875 368.73297119140625 662.8007202148438 
253
1 515.8637084960938 552.481689453125 744.7819213867188 812.8370971679688 
3 287.40057373046875 503.89404296875 379.8405456542969 666.6598510742188 
254
3 290.7655334472656 503.85546875 385.14288330078125 672.533935546875 
1 518.627685546875 552.9600830078125 749.3328857421875 808.2723388671875 
255
1 521.5849609375 550.6929931640625 753.0462036132812 803.1822509765625 
3 294.2100524902344 504.2158203125 389.9532775878906 680.45458984375 
256
1 523.3174438476562 545.1028442382812 752.7557373046875 795.37158203125 
3 300.44219970703125 501.9324951171875 397.1656188964844 678.7042236328125 
257
1 527.8535766601562 543.7950439453125 746.7227172851562 806.7427978515625 
3 304.13427734375 499.0552978515625 399.56439208984375 665.0936279296875 
258
1 534.3803100585938 542.8486328125 741.9481201171875 799.4535522460938 
3 307.08941650390625 499.50634765625 401.2749938964844 667.6574096679688 
259
1 538.6497802734375 541.2128295898438 735.6356811523438 800.7149658203125 
3 309.9320373535156 501.3876953125 411.81732177734375 686.2517700195312 
260
1 543.8906860351562 539.349853515625 733.421875 803.2866821289062 
3 314.43115234375 500.38848876953125 413.2121887207031 663.4575805664062 
261
3 322.9948425292969 500.18145751953125 423.98260498046875 666.8983764648438 
1 556.6646728515625 539.098388671875 764.7217407226562 805.7342529296875 
262
1 562.9743041992188 536.7919311523438 767.5420532226562 806.0077514648438 
3 327.70526123046875 501.27496337890625 423.1893310546875 665.7430419921875 
263
1 571.6480712890625 537.7301635742188 783.0756225585938 807.3381958007812 
3 333.18896484375 506.3896484375 423.62615966796875 665.991455078125 
264
1 578.3397216796875 538.6790161132812 792.2462158203125 811.7665405273438 
265
1 590.2530517578125 538.7390747070312 813.6573486328125 813.7398681640625 
3 345.2070617675781 502.849853515625 439.927001953125 664.20849609375 
266
1 598.896240234375 539.1490478515625 825.2612915039062 813.8853759765625 
3 350.98809814453125 504.81060791015625 442.3563537597656 664.2671508789062 
267
1 606.7291259765625 536.9200439453125 832.7230834960938 813.0020751953125 
3 355.886962890625 501.87628173828125 448.781005859375 664.8458251953125 
268
1 616.1343383789062 533.9598999023438 830.6646118164062 811.4952392578125 
3 358.71343994140625 501.3856201171875 459.3294677734375 664.4238891601562 
269
1 630.0775146484375 528.2901611328125 808.6763305664062 800.586669921875 
3 369.5800476074219 504.3834228515625 465.5040283203125 664.9359130859375 
270
3 372.3591613769531 519.0098266601562 468.2513122558594 662.81103515625 
1 636.8382568359375 524.1521606445312 799.3302001953125 792.8385620117188 
1 636.5849609375 524.8389892578125 854.3026123046875 806.2017822265625 
271
1 643.1572265625 520.7547607421875 855.2919311523438 800.379150390625 
272
1 650.141845703125 518.0855712890625 816.6173095703125 796.6656494140625 
273
1 667.0999755859375 513.99853515625 840.52783203125 796.056640625 
3 393.7532043457031 487.227783203125 497.13116455078125 664.6129150390625 
274
1 676.2217407226562 514.4368896484375 858.6439208984375 797.77734375 
3 398.4899597167969 485.7178955078125 502.5508117675781 665.177490234375 
275
1 683.6235961914062 516.0043334960938 869.0458984375 792.5552978515625 
3 403.2182312011719 483.22515869140625 504.8152160644531 664.8837890625 
276
1 692.736328125 515.936767578125 880.3650512695312 783.9522705078125 
3 409.1336669921875 483.04962158203125 514.75732421875 667.6217041015625 
277
1 706.433349609375 517.0095825195312 920.5965576171875 794.298095703125 
3 420.89239501953125 481.63763427734375 528.4864501953125 667.9993896484375 
278
1 712.1961669921875 517.8095092773438 932.019775390625 794.9848022460938 
279
1 717.5411376953125 518.1585693359375 949.240478515625 793.0357666015625 
280
1 722.3570556640625 517.826416015625 950.8963012695312 788.3572998046875 
3 437.16851806640625 480.63494873046875 542.7085571289062 670.6121215820312 
281
1 732.8810424804688 516.6010131835938 954.0131225585938 779.8281860351562 
282
1 742.39697265625 515.4349365234375 949.4475708007812 771.8173828125 
3 457.2122802734375 480.77862548828125 565.4207763671875 672.1962890625 
283
1 747.5621337890625 512.698974609375 948.3900756835938 776.4322509765625 
3 463.99627685546875 481.7352294921875 565.9755249023438 675.3770751953125 
284
1 757.1610717773438 510.9505615234375 945.862060546875 774.8092041015625 
3 468.850830078125 481.941162109375 577.4378662109375 678.30224609375 
3 469.0403137207031 482.807373046875 577.0308837890625 677.52734375 
285
1 708.9100341796875 506.455810546875 941.91943359375 774.60498046875 
3 480.6125183105469 479.224853515625 590.5795288085938 679.2225341796875 
286
1 719.1243896484375 504.7030029296875 957.2938232421875 782.0330200195312 
3 483.9283752441406 478.31768798828125 602.5775756835938 678.498291015625 
287
3 490.0354309082031 478.37469482421875 605.834228515625 678.3570556640625 
1 729.588134765625 504.24859619140625 968.533203125 780.0936279296875 
288
3 498.4998779296875 477.6783447265625 608.4083251953125 677.5712890625 
1 738.1167602539062 504.05767822265625 981.8663330078125 780.1165771484375 
289
1 811.4739379882812 505.3656005859375 1006.9855346679688 778.156005859375 
3 513.2904052734375 474.03466796875 622.795654296875 677.4102783203125 
290
1 821.450439453125 505.10894775390625 1024.1937255859375 780.5654296875 
3 517.015869140625 474.647216796875 639.358154296875 679.0848999023438 
291
1 829.833251953125 505.49945068359375 1040.33154296875 783.579345703125 
3 517.7723999023438 474.4938049316406 649.2775268554688 679.775146484375 
292
1 821.7340087890625 505.8607177734375 1052.598388671875 783.5326538085938 
3 537.4464111328125 474.5003662109375 658.1419067382812 682.10986328125 
293
1 851.6594848632812 500.8857421875 1059.1905517578125 777.457763671875 
2 554.823486328125 471.00390625 677.4197387695312 681.4575805664062 
294
1 829.1375122070312 497.2181396484375 1054.050048828125 778.0054931640625 
2 563.2672119140625 469.75482177734375 681.793212890625 681.9917602539062 
295
1 868.7462768554688 494.8614501953125 1049.602294921875 764.64404296875 
2 571.374755859375 469.3728942871094 694.751708984375 681.0884399414062 
296
1 876.433349609375 491.6790771484375 1046.1883544921875 769.396728515625 
2 580.6524047851562 466.9306945800781 705.0870971679688 681.9780883789062 
297
1 894.81884765625 487.97442626953125 1046.3416748046875 779.248779296875 
2 599.1062622070312 465.342041015625 716.8948364257812 682.1619262695312 
298
1 900.9977416992188 488.21484375 1044.8653564453125 778.019287109375 
2 609.1094360351562 465.1868896484375 730.3721923828125 683.7450561523438 
299
1 909.24365234375 488.6923828125 1064.4638671875 777.9559936523438 
2 621.43798828125 465.19866943359375 746.3955078125 684.2562255859375 
300
1 920.1756591796875 489.5390625 1083.4215087890625 778.3140869140625 
2 630.789306640625 464.30963134765625 758.8360595703125 684.5311279296875 
301
1 924.7504272460938 490.86083984375 1111.626708984375 774.4728393554688 
2 652.3788452148438 460.87164306640625 782.27978515625 685.4544067382812 
302
1 936.391357421875 491.1480712890625 1135.7867431640625 771.70068359375 
2 663.4539184570312 461.67010498046875 788.9585571289062 684.4754028320312 
303
1 950.427001953125 491.41986083984375 1155.1240234375 771.67431640625 
2 674.7330932617188 457.3239440917969 796.3403930664062 684.21337890625 
304
1 960.097412109375 490.260986328125 1170.936279296875 771.2318115234375 
2 686.2688598632812 456.46160888671875 810.8146362304688 684.281494140625 
305
1 978.6636352539062 485.54937744140625 1176.3802490234375 763.7393798828125 
2 708.2864379882812 455.4122314453125 837.1044921875 685.215576171875 
306
1 989.2686767578125 485.745849609375 1175.7421875 767.32275390625 
2 722.9835205078125 453.5980529785156 848.5756225585938 686.1370849609375 
307
1 996.9286499023438 484.47735595703125 1174.3541259765625 764.8870849609375 
2 735.63037109375 453.2552185058594 859.7140502929688 684.9798583984375 
308
2 1008.6771240234375 481.1007080078125 1173.406494140625 761.4464111328125 
2 747.550048828125 452.44305419921875 875.6641845703125 683.4540405273438 
309
1 1031.644287109375 477.43450927734375 1166.0247802734375 763.4314575195312 
2 771.114013671875 449.05157470703125 897.8236694335938 685.4390258789062 
310
1 1043.7449951171875 476.9091796875 1164.97998046875 768.1980590820312 
2 783.4411010742188 450.11224365234375 910.2206420898438 684.8685913085938 
311
1 1064.3095703125 476.0404052734375 1190.93359375 762.9375 
2 808.3018188476562 448.0653076171875 943.5516357421875 685.4730834960938 
312
2 820.5975341796875 447.05328369140625 953.7657470703125 687.1132202148438 
1 1074.6124267578125 475.9486083984375 1212.32080078125 763.8094482421875 
313
1 1087.460693359375 476.1806640625 1225.004150390625 766.295654296875 
2 836.406005859375 445.76666259765625 968.1956787109375 686.2632446289062 
314
1 1099.34326171875 475.6214599609375 1244.879638671875 766.3888549804688 
2 855.253173828125 445.733642578125 980.8507080078125 686.3695678710938 
315
1 1111.7081298828125 475.0574951171875 1267.3282470703125 766.94384765625 
2 867.9192504882812 444.63238525390625 996.807373046875 686.1680908203125 
316
1 1119.631103515625 474.67230224609375 1278.652099609375 766.2119750976562 
2 885.5559692382812 444.0684509277344 1007.638427734375 686.3182983398438 
317
1 1139.7889404296875 470.3607482910156 1300.494873046875 763.840576171875 
2 915.7603149414062 443.36639404296875 1038.5078125 686.955078125 
318
1 1151.7852783203125 466.75921630859375 1312.903564453125 762.9241943359375 
2 928.2152099609375 441.427490234375 1052.4415283203125 686.8027954101562 
319
2 946.4451293945312 441.2845764160156 1067.083251953125 686.6442260742188 
2 1161.53564453125 464.1412048339844 1315.0113525390625 752.3729858398438 
320
2 961.6953125 437.1463623046875 1084.2855224609375 685.281005859375 
2 1176.2274169921875 462.6890869140625 1304.161376953125 734.81591796875 
321
2 997.3790893554688 436.126708984375 1115.4169921875 685.4564819335938 
2 1203.1251220703125 457.1055603027344 1326.0706787109375 738.2838134765625 
322
2 1217.383056640625 453.67742919921875 1339.9132080078125 737.919677734375 
2 1014.0037231445312 436.968994140625 1134.084716796875 684.8378295898438 
323
2 1228.6846923828125 453.8343505859375 1352.686279296875 735.000732421875 
2 1031.2830810546875 437.2537841796875 1152.81494140625 683.8735961914062 
324
2 1242.6568603515625 449.01934814453125 1367.6988525390625 731.8446655273438 
2 1048.9654541015625 434.9941711425781 1169.7193603515625 683.8037109375 
325
2 1083.134033203125 432.13421630859375 1205.1651611328125 682.4173583984375 
2 1254.0552978515625 448.7732238769531 1394.907958984375 724.6420288085938 
2 1254.3348388671875 448.28509521484375 1396.0093994140625 722.7452392578125 
326
2 1256.08642578125 448.9479675292969 1411.2969970703125 722.8333129882812 
2 1101.4150390625 437.4750061035156 1220.9002685546875 681.6036376953125 
327
2 1117.3414306640625 427.2286376953125 1237.4658203125 681.4199829101562 
2 1269.716552734375 447.6639404296875 1428.02490234375 721.013916015625 
328
2 1284.7396240234375 447.34765625 1443.3055419921875 718.7388916015625 
2 1137.279052734375 431.07244873046875 1260.0947265625 679.2662353515625 
329
2 1315.0142822265625 441.757080078125 1468.6495361328125 714.9345092773438 
2 1172.135498046875 424.84222412109375 1303.0379638671875 677.2779541015625 
2 1319.099365234375 442.0555419921875 1469.2119140625 715.4912719726562 
330
2 1328.041748046875 440.2072448730469 1485.8040771484375 714.2442626953125 
2 1189.52685546875 425.39605712890625 1319.68505859375 677.6595458984375 
331
2 1341.3046875 439.72454833984375 1495.3192138671875 714.0003662109375 
2 1206.94677734375 422.0527648925781 1332.9248046875 673.15234375 
332
2 1356.79931640625 437.6656799316406 1512.7998046875 713.513916015625 
2 1225.5770263671875 421.5266418457031 1354.4149169921875 671.934814453125 
333
2 1257.4571533203125 421.08233642578125 1388.4759521484375 671.2137451171875 
2 1379.987060546875 437.1828308105469 1540.6181640625 711.349609375 
2 1381.617919921875 436.2193908691406 1540.6705322265625 711.4409790039062 
334
2 1403.42724609375 436.37457275390625 1556.450927734375 709.6278686523438 
2 1274.2115478515625 421.41326904296875 1407.0748291015625 671.9727783203125 
335
2 1415.4647216796875 438.4178466796875 1565.7196044921875 707.4736328125 
2 1287.7269287109375 421.85003662109375 1421.89111328125 672.9432983398438 
336
2 1448.3505859375 439.470458984375 1595.096435546875 700.5759887695312 
2 1318.616455078125 425.7436828613281 1450.0706787109375 674.5652465820312 
337
2 1335.12060546875 425.8426513671875 1478.0682373046875 673.59521484375 
2 1467.44189453125 439.2718811035156 1622.807373046875 700.3959350585938 
338
2 1486.1629638671875 438.9945983886719 1627.9437255859375 698.047119140625 
2 1351.6319580078125 425.197265625 1487.1676025390625 671.853515625 
339
2 1518.3165283203125 438.10479736328125 1658.87109375 697.2085571289062 
2 1381.6171875 425.093505859375 1519.347900390625 668.6463623046875 
340
2 1544.68212890625 437.26806640625 1675.103759765625 698.55712890625 
2 1396.5390625 425.3692626953125 1546.0301513671875 668.9719848632812 
341
2 1559.1964111328125 438.6827392578125 1689.4061279296875 696.2030029296875 
2 1411.1785888671875 426.3946533203125 1554.752197265625 668.67236328125 
2 1411.0281982421875 426.79083251953125 1555.4747314453125 669.4526977539062 
342
2 1577.2447509765625 438.4466552734375 1701.4351806640625 693.4043579101562 
2 1419.498291015625 429.55474853515625 1571.210205078125 668.372314453125 
343
2 1431.41748046875 429.5808410644531 1584.4354248046875 668.323486328125 
2 1588.2137451171875 437.098388671875 1715.8543701171875 687.2387084960938 
344
2 1625.539794921875 439.2677307128906 1743.781005859375 684.7266235351562 
2 1447.525634765625 433.10711669921875 1618.057861328125 668.048095703125 
345
2 1633.8297119140625 439.439208984375 1760.4610595703125 685.043212890625 
2 1455.101806640625 436.19024658203125 1636.16064453125 666.7323608398438 
346
2 1460.440185546875 438.8968811035156 1653.4385986328125 667.2354125976562 
2 1650.4803466796875 439.2596130371094 1774.3033447265625 680.1415405273438 
347
2 1472.3173828125 439.39990234375 1675.731689453125 668.3707275390625 
2 1663.535888671875 440.4569396972656 1790.683349609375 684.9459228515625 
348
2 1681.52490234375 442.69598388671875 1818.5341796875 686.6382446289062 
2 1494.0235595703125 444.62109375 1694.331298828125 667.6820678710938 
349
2 1690.8292236328125 443.02203369140625 1832.75341796875 684.1973266601562 
2 1507.7276611328125 445.9682312011719 1703.8505859375 667.2033081054688 
350
2 1520.53466796875 449.8477783203125 1709.839111328125 666.1272583007812 
2 1711.9364013671875 444.67120361328125 1847.998779296875 678.78955078125 
351
2 1536.736328125 449.0937194824219 1713.685791015625 665.5838623046875 
2 1733.600830078125 443.423828125 1865.697021484375 675.1630859375 
352
2 1551.3134765625 450.4287109375 1720.8251953125 664.4901733398438 
2 1750.568359375 444.0592041015625 1875.4681396484375 676.8604125976562 
353
2 1775.41064453125 446.5669860839844 1898.2750244140625 672.857666015625 
2 1580.035888671875 457.8869934082031 1742.2032470703125 664.9945678710938 
354
2 1594.7835693359375 459.623046875 1747.1728515625 665.6473999023438 
2 1789.6488037109375 449.6579284667969 1910.9300537109375 671.919677734375 
355
2 1608.951171875 460.3655090332031 1761.3111572265625 666.1649780273438 
2 1802.4791259765625 447.3262939453125 1923.8538818359375 672.301513671875 
356
2 1624.1925048828125 462.80035400390625 1775.74169921875 665.3441162109375 
2 1814.779296875 447.7000732421875 1935.80908203125 667.0873413085938 
357
2 1835.714599609375 449.4021301269531 1958.610595703125 669.0317993164062 
2 1648.8792724609375 467.86285400390625 1803.2674560546875 666.3688354492188 
358
2 1848.255859375 449.4602355957031 1969.317626953125 665.64697265625 
2 1663.8045654296875 471.92852783203125 1813.97705078125 663.872802734375 
359
2 1675.639404296875 474.108642578125 1823.665283203125 664.5962524414062 
2 1858.32958984375 452.5852355957031 1981.0653076171875 665.3704833984375 
360
2 1689.908203125 482.34185791015625 1836.1357421875 662.1583251953125 
2 1867.6036376953125 453.2773742675781 1990.4681396484375 666.9774780273438 
361
3 1895.27587890625 455.43072509765625 2011.5487060546875 664.2284545898438 
2 1715.0906982421875 493.11920166015625 1857.130859375 664.998779296875 
362
2 1724.9373779296875 495.36907958984375 1868.51513671875 663.0716552734375 
3 1907.6995849609375 455.7847595214844 2023.005126953125 663.6905517578125 
363
3 1915.995849609375 454.5453186035156 2036.1356201171875 661.8698120117188 
2 1743.6156005859375 491.1151123046875 1888.360595703125 659.4714965820312 
364
3 1926.5855712890625 456.4101257324219 2048.76806640625 662.630859375 
2 1755.506591796875 491.17352294921875 1896.6138916015625 660.6129760742188 
365
2 1780.0545654296875 501.4927978515625 1918.0557861328125 660.3846435546875 
3 1948.5472412109375 458.1343688964844 2071.345703125 662.537109375 
366
3 1957.2193603515625 457.6901550292969 2088.0576171875 659.8339233398438 
2 1790.6041259765625 504.2928466796875 1924.6424560546875 661.2681884765625 
367
3 1962.718994140625 459.16400146484375 2100.23046875 663.3726806640625 
2 1803.4102783203125 506.89862060546875 1930.64453125 659.7615966796875 
3 0.027862548828125 735.4884033203125 51.78960418701172 826.4404296875 
368
2 1812.266845703125 507.15283203125 1941.556640625 657.3721313476562 
3 1971.2471923828125 460.5670166015625 2108.71240234375 662.24658203125 
3 0.07347965240478516 731.68408203125 59.31645202636719 833.7595825195312 
369
3 1982.6435546875 460.0948791503906 2117.016845703125 661.754150390625 
2 1838.9940185546875 508.4290771484375 1962.443115234375 654.2232055664062 
3 0.11655616760253906 727.6210327148438 54.29705810546875 825.447021484375 
370
3 1997.503173828125 459.6160583496094 2124.16259765625 662.0155639648438 
2 1851.3292236328125 509.17803955078125 1971.110595703125 654.0582275390625 
3 0.0 724.7269897460938 73.536376953125 856.8012084960938 
371
3 2004.0377197265625 459.0835266113281 2130.462646484375 665.5951538085938 
2 1861.80712890625 509.056640625 1994.9638671875 652.092041015625 
372
3 2005.080078125 462.7186279296875 2136.861083984375 663.8954467773438 
2 1873.634521484375 508.26495361328125 1988.71533203125 652.5208740234375 
3 0.0 715.5963745117188 83.03981018066406 860.64501953125 
373
3 1892.1103515625 509.65966796875 2002.334716796875 651.135498046875 
3 2019.2523193359375 464.30517578125 2145.2666015625 658.0222778320312 
3 1.5554962158203125 744.9295043945312 86.7095947265625 866.0108642578125 
3 0.041248321533203125 705.7833862304688 85.57937622070312 862.7039184570312 
374
3 2028.524169921875 464.922119140625 2150.26953125 655.1830444335938 
3 1904.55859375 512.5584106445312 2011.89697265625 650.29833984375 
3 0.0 696.0636596679688 88.8267822265625 867.4545288085938 
375
3 1923.0421142578125 515.6861572265625 2031.347900390625 657.1073608398438 
3 2039.9586181640625 470.5038146972656 2159.918212890625 656.5584716796875 
3 0.08056640625 683.3587646484375 92.76472473144531 869.39697265625 
376
3 2046.896484375 471.4378967285156 2164.720947265625 656.2568969726562 
3 1933.26318359375 517.4721069335938 2037.7952880859375 656.7339477539062 
3 0.14067840576171875 677.0277099609375 74.85675048828125 824.6514282226562 
377
3 2053.701416015625 472.3419494628906 2168.6357421875 656.427978515625 
3 1937.965087890625 517.263427734375 2046.4224853515625 654.9344482421875 
3 0.02870941162109375 681.1177368164062 78.44004821777344 826.103515625 
378
3 2067.715087890625 471.0645751953125 2180.411865234375 652.190673828125 
3 1962.267578125 515.9638671875 2063.75927734375 651.1597290039062 
3 0.42940521240234375 670.4205932617188 79.71013641357422 820.058349609375 
379
3 2076.301513671875 472.29718017578125 2183.1171875 651.433837890625 
3 1967.465087890625 514.0847778320312 2070.2978515625 648.680419921875 
3 0.3582267761230469 665.2073974609375 78.21393585205078 813.9593505859375 
380
3 2081.88525390625 471.54217529296875 2187.73779296875 650.7081298828125 
3 1975.08984375 515.6923828125 2077.09130859375 647.5196533203125 
3 0.0782613754272461 664.2207641601562 80.23942565917969 812.7398071289062 
381
3 2086.797119140625 472.8441162109375 2191.8291015625 655.4581909179688 
3 1984.60791015625 522.123046875 2082.315185546875 649.20263671875 
3 0.03590965270996094 660.4478759765625 79.91410827636719 809.8241577148438 
3 2064.24267578125 504.00201416015625 2121.662841796875 590.088623046875 
382
3 2089.577880859375 472.7362060546875 2195.296875 654.525146484375 
3 1990.569580078125 523.4965209960938 2087.58642578125 652.9808959960938 
3 0.486785888671875 656.6417846679688 81.42131042480469 811.57421875 
3 2067.25830078125 505.08038330078125 2122.63916015625 599.0719604492188 
383
3 2096.655029296875 474.1282043457031 2194.92626953125 654.9248046875 
3 1997.4285888671875 519.1981201171875 2093.73046875 648.6482543945312 
3 0.2594146728515625 658.1248168945312 105.34567260742188 811.109375 
384
3 2103.6083984375 473.669921875 2200.83837890625 651.47998046875 
3 2006.083251953125 520.9028930664062 2103.425537109375 647.5306396484375 
3 0.27105712890625 664.2416381835938 107.23945617675781 809.5714721679688 
385
3 2117.55419921875 477.533203125 2209.6015625 648.2734985351562 
3 2021.5218505859375 535.9175415039062 2113.89306640625 647.6748657226562 
3 6.443386077880859 653.25 96.8083724975586 804.8975830078125 
386
3 2122.804443359375 477.92486572265625 2214.438232421875 647.7908325195312 
3 2030.6959228515625 524.0445556640625 2123.58154296875 647.83642578125 
3 2102.273681640625 504.4835205078125 2159.014404296875 607.6475219726562 
387
3 2129.301025390625 478.2730712890625 2221.93896484375 648.1961669921875 
3 2037.574462890625 519.8895263671875 2129.88818359375 648.8171997070312 
3 13.082942962646484 653.345703125 89.29405975341797 793.263427734375 
388
3 2134.904296875 481.2933349609375 2226.0615234375 652.5328979492188 
3 2045.4464111328125 525.4596557617188 2135.99755859375 648.4544067382812 
389
3 2142.810791015625 482.01708984375 2233.752197265625 650.0502319335938 
3 2057.244140625 530.3980712890625 2145.57568359375 647.4375610351562 
390
3 2148.1337890625 485.154541015625 2240.16650390625 650.3631591796875 
3 2061.929931640625 527.7169799804688 2150.899169921875 647.7450561523438 
391
3 2151.290771484375 486.37945556640625 2243.16845703125 650.3568115234375 
3 2068.75830078125 529.127685546875 2154.704833984375 649.9088745117188 
3 28.49433135986328 658.3500366210938 134.800537109375 815.8093872070312 
392
3 2156.856201171875 488.102783203125 2246.361083984375 650.0779418945312 
3 2075.84521484375 528.5592041015625 2160.09765625 647.080810546875 
3 2149.809814453125 517.4539184570312 2192.95654296875 602.9778442382812 
3 30.842918395996094 658.2044067382812 105.08847045898438 810.4492797851562 
393
3 2088.5380859375 534.2512817382812 2172.61962890625 645.0590209960938 
3 2170.632080078125 490.83416748046875 2256.724853515625 650.3716430664062 
3 33.59138488769531 663.69873046875 123.38595581054688 814.7661743164062 
394
3 34.746299743652344 666.8094482421875 141.75527954101562 811.1495971679688 
3 2176.224853515625 488.770263671875 2262.093994140625 646.2940673828125 
3 2094.306396484375 532.0817260742188 2177.71484375 643.9338989257812 
3 2158.110595703125 503.65301513671875 2210.06689453125 599.59130859375 
395
3 2180.156982421875 485.00274658203125 2265.47021484375 648.6251220703125 
3 2100.099365234375 527.38623046875 2183.310791015625 643.8887939453125 
3 37.43039321899414 670.9387817382812 145.40061950683594 819.9261474609375 
396
3 2184.711181640625 483.77081298828125 2270.5966796875 648.9869384765625 
3 2106.29931640625 528.12255859375 2188.548583984375 649.9238891601562 
3 40.43860626220703 671.6383666992188 146.95382690429688 813.1360473632812 
397
3 2196.71142578125 489.83013916015625 2276.83056640625 648.2789916992188 
3 2116.1533203125 528.3609619140625 2202.623779296875 653.27587890625 
3 43.12762451171875 684.2153930664062 152.70074462890625 812.1383056640625 
398
3 2196.104248046875 490.60693359375 2279.6103515625 652.8138427734375 
3 45.94622802734375 685.9006958007812 153.88706970214844 809.9026489257812 
3 2121.256591796875 532.447509765625 2205.2041015625 655.2593994140625 
399
3 2205.577880859375 490.6998291015625 2285.58642578125 650.31103515625 
3 2128.490234375 533.9197387695312 2213.3212890625 654.2755737304688 
3 50.131370544433594 690.6084594726562 140.62603759765625 810.1110229492188 
400
3 2211.716796875 488.88970947265625 2291.7861328125 646.2559814453125 
3 2135.779296875 530.9854736328125 2222.31396484375 649.772705078125 
3 52.13501739501953 691.603271484375 158.81605529785156 812.6332397460938 
401
3 2221.0546875 493.937255859375 2298.243896484375 645.7861938476562 
3 2147.781494140625 538.9647827148438 2229.657470703125 647.922119140625 
3 57.27607727050781 695.9713134765625 166.99954223632812 811.5323486328125 
3 2196.047119140625 506.54156494140625 2260.546142578125 600.51953125 
402
3 2230.082275390625 492.38897705078125 2307.413330078125 643.1812744140625 
3 2155.290283203125 537.6949462890625 2233.531982421875 646.5322875976562 
3 60.25305938720703 698.7991943359375 169.8280792236328 814.06201171875 
3 2203.382080078125 513.4940185546875 2259.296875 627.43701171875 
403
3 2231.390625 492.95751953125 2316.059814453125 644.862060546875 
3 2160.037353515625 538.5118408203125 2242.879150390625 648.228759765625 
3 61.42040252685547 698.184326171875 174.63308715820312 811.7335205078125 
404
3 2242.4345703125 495.89617919921875 2321.904052734375 649.6328125 
3 2173.60888671875 533.6582641601562 2253.65478515625 651.3953247070312 
3 68.29527282714844 697.5733642578125 184.29737854003906 810.6286010742188 
405
3 2242.29638671875 496.37811279296875 2325.986328125 646.79345703125 
3 2176.597412109375 534.826416015625 2258.893798828125 652.0925903320312 
3 70.90379333496094 698.4063720703125 176.91009521484375 807.3715209960938 
406
3 2247.220458984375 500.45684814453125 2329.327880859375 651.266845703125 
3 2185.32763671875 544.9334716796875 2261.296875 657.1512451171875 
3 74.67298889160156 695.6524047851562 191.39419555664062 807.3898315429688 
407
3 2259.827392578125 500.234619140625 2333.48876953125 645.533203125 
3 2190.164794921875 535.625732421875 2267.716064453125 653.9337158203125 
3 77.10403442382812 699.8831787109375 199.85324096679688 811.240478515625 
408
3 2259.335693359375 499.92559814453125 2338.155517578125 647.0033569335938 
3 2194.65771484375 540.46142578125 2271.065185546875 651.6116333007812 
3 80.96154022216797 699.0325317382812 203.05279541015625 811.2075805664062 
409
3 2266.069580078125 500.85784912109375 2346.17724609375 652.4501953125 
3 84.53160095214844 698.7434692382812 189.9490509033203 811.0419921875 
3 2205.296630859375 537.2673950195312 2283.21875 650.314208984375 
3 2205.188232421875 536.5499267578125 2282.672119140625 650.683349609375 
410
3 2206.589111328125 541.0196533203125 2281.70263671875 651.9605102539062 
3 2266.9296875 502.16339111328125 2348.27880859375 648.89794921875 
3 85.04902648925781 695.015869140625 190.93264770507812 811.5582275390625 
411
3 2275.81396484375 504.32623291015625 2351.928955078125 647.2296752929688 
3 2211.900634765625 545.7039794921875 2289.107421875 655.8076171875 
3 89.04743957519531 692.34814453125 192.58203125 813.220947265625 
412
3 2279.48388671875 504.812744140625 2353.5390625 649.260009765625 
3 2216.951904296875 546.5430908203125 2292.740478515625 655.3836059570312 
3 89.808837890625 691.66552734375 199.67042541503906 813.38232421875 
3 90.67411041259766 692.117919921875 225.00975036621094 813.7568359375 
413
3 94.51029968261719 687.6036376953125 241.493896484375 821.06396484375 
3 2224.643310546875 544.2489013671875 2298.979248046875 653.7041625976562 
3 2285.767822265625 496.08074951171875 2364.738037109375 653.0865478515625 
414
3 2227.9013671875 547.7673950195312 2302.307373046875 651.409912109375 
3 2289.0810546875 508.73626708984375 2365.709228515625 649.9534301757812 
3 97.05291748046875 685.0584716796875 240.84385681152344 819.5814208984375 
3 96.49752044677734 685.146240234375 196.6747589111328 816.7498779296875 
415
3 2235.2490234375 548.8069458007812 2304.427978515625 651.7202758789062 
3 2295.469970703125 509.074951171875 2366.743896484375 650.8864135742188 
3 98.55062103271484 681.86181640625 210.5425262451172 821.010009765625 
3 98.28838348388672 680.8635864257812 237.1666259765625 822.6220092773438 
416
3 2238.749267578125 542.167236328125 2313.470947265625 650.8143310546875 
3 2294.122802734375 498.65948486328125 2371.703857421875 649.7421875 
3 100.57420349121094 673.784912109375 250.20114135742188 819.89453125 
3 100.93569946289062 673.9567260742188 198.04562377929688 814.090576171875 
417
3 105.28701782226562 661.7719116210938 252.9093780517578 814.3912963867188 
3 2249.388671875 547.2131958007812 2319.987060546875 653.7506103515625 
3 2304.8662109375 513.0093383789062 2381.174072265625 653.5233764648438 
418
3 2253.120849609375 546.3899536132812 2326.645751953125 650.2259521484375 
3 2310.830078125 512.0012817382812 2385.323486328125 647.1710815429688 
3 106.42094421386719 655.6028442382812 259.5784912109375 817.1427612304688 
419
3 2258.684814453125 543.0635375976562 2333.717041015625 652.4871826171875 
3 2311.525390625 512.0810546875 2391.37353515625 650.9544067382812 
3 112.90019989013672 649.543701171875 225.7469024658203 819.2052612304688 
420
3 117.62427520751953 642.42919921875 262.4974670410156 818.7476806640625 
3 2315.3603515625 512.9417724609375 2395.84619140625 648.30615234375 
3 2265.541748046875 538.922119140625 2344.5634765625 648.8831787109375 
421
3 119.54011535644531 635.5186767578125 266.4847717285156 820.1558227539062 
3 2324.04736328125 512.7830810546875 2399.264892578125 645.693115234375 
3 2271.460693359375 542.7549438476562 2345.396240234375 652.1781005859375 
422
3 122.31473541259766 631.7931518554688 264.02813720703125 818.433837890625 
3 2324.321533203125 516.8673706054688 2403.583740234375 651.2299194335938 
3 2276.517333984375 546.3530883789062 2349.485595703125 645.9786376953125 
423
3 124.34844970703125 628.2349243164062 268.96978759765625 820.4965209960938 
3 2327.78466796875 516.376708984375 2408.43701171875 655.2100830078125 
3 2282.364990234375 545.4471435546875 2351.2158203125 646.6781005859375 
424
3 133.75047302246094 626.9535522460938 273.5068359375 819.5650634765625 
3 2287.142822265625 551.4011840820312 2353.77099609375 642.7924194335938 
3 2333.320068359375 519.337890625 2410.718505859375 649.5423583984375 
425
3 150.1764373779297 625.98779296875 295.22344970703125 826.0048828125 
3 2347.87451171875 520.1241455078125 2422.76025390625 654.591552734375 
3 2301.39892578125 558.3662719726562 2366.869384765625 647.469970703125 
426
3 157.5043487548828 622.170654296875 303.9890441894531 826.4677124023438 
3 2355.799072265625 521.4577026367188 2427.54931640625 657.0740966796875 
3 2308.08837890625 554.7119140625 2375.143310546875 645.8179931640625 
427
3 2366.817626953125 526.4247436523438 2434.642822265625 651.34375 
3 2316.4189453125 557.777587890625 2381.226806640625 660.6892700195312 
3 170.67466735839844 617.6376953125 307.5870361328125 815.6338500976562 
428
3 177.76995849609375 609.3954467773438 331.2879943847656 812.5865478515625 
3 2370.46435546875 530.8235473632812 2441.321044921875 662.8292846679688 
3 2318.06884765625 559.4735107421875 2389.157470703125 661.4384155273438 
429
3 195.70440673828125 598.8681030273438 338.1169128417969 801.9559936523438 
3 2378.4833984375 538.9486694335938 2449.91162109375 667.5908203125 
3 2331.624755859375 563.1015625 2402.107177734375 667.0870971679688 
430
3 205.62673950195312 593.649658203125 353.77386474609375 792.5829467773438 
3 2385.018798828125 541.8330078125 2456.08154296875 668.9833374023438 
3 2340.749267578125 566.489013671875 2410.78955078125 664.2850952148438 
431
3 214.50283813476562 586.68896484375 368.2576599121094 797.916015625 
3 2346.631103515625 570.0270385742188 2412.705322265625 662.3590698242188 
3 2388.24365234375 545.3794555664062 2460.5703125 669.5346069335938 
432
3 223.02685546875 583.3012084960938 389.1899719238281 792.9598388671875 
3 2396.8623046875 547.9085693359375 2465.70849609375 669.7164306640625 
3 2352.48291015625 571.3484497070312 2417.427734375 666.7119140625 
433
3 248.7444305419922 574.2109375 431.08367919921875 793.6451416015625 
3 2410.28564453125 550.8687744140625 2477.76953125 675.5411376953125 
3 2364.934814453125 576.0123901367188 2432.097900390625 677.9827880859375 
434
3 260.03887939453125 569.2098388671875 440.8825988769531 792.5337524414062 
3 2413.735595703125 552.6041870117188 2482.2353515625 678.1002807617188 
3 2369.313720703125 577.2389526367188 2436.398681640625 679.8789672851562 
435
3 272.50341796875 565.089111328125 456.9732666015625 790.22509765625 
3 2376.6708984375 588.3057250976562 2441.32421875 673.654052734375 
3 2428.400634765625 557.8519287109375 2487.013916015625 677.1092529296875 
3 2420.990234375 556.8001708984375 2487.395263671875 676.3263549804688 
436
3 287.7489013671875 558.3759155273438 471.85107421875 788.45947265625 
3 2432.129150390625 563.2451171875 2491.174072265625 678.2608642578125 
3 2387.626220703125 588.7115478515625 2444.697265625 672.4530029296875 
437
3 316.03826904296875 548.0895385742188 499.7862243652344 783.2551879882812 
3 2392.3408203125 594.2498779296875 2456.667236328125 691.7901000976562 
3 2440.60791015625 568.9368896484375 2501.341796875 686.6028442382812 
438
3 330.5502014160156 545.9068603515625 514.2882690429688 779.2308349609375 
3 2398.806396484375 597.6385498046875 2460.04345703125 688.6708984375 
439
3 348.9985046386719 538.9348754882812 533.3953247070312 774.5385131835938 
440
3 362.72198486328125 534.7586669921875 548.928955078125 775.1571655273438 
441
3 391.7945861816406 524.124755859375 576.455810546875 767.5785522460938 
442
3 406.8249206542969 519.1653442382812 593.002685546875 761.2628173828125 
3 2427.549072265625 614.6822509765625 2502.9326171875 701.2667236328125 
443
3 424.89483642578125 513.5692138671875 608.6749877929688 758.85791015625 
3 2432.458251953125 620.00146484375 2493.65673828125 702.0322875976562 
444
2 442.24041748046875 509.4866943359375 628.1124267578125 756.4849853515625 
3 2440.0439453125 624.867919921875 2495.68798828125 696.0858154296875 
3 640.2133178710938 315.004150390625 671.9715576171875 362.42901611328125 
445
2 474.88336181640625 503.95458984375 661.2486572265625 752.8350219726562 
446
2 492.7852783203125 497.54351806640625 679.7734375 748.8422241210938 
447
2 510.48199462890625 493.740478515625 696.2107543945312 748.3538818359375 
448
2 526.8145141601562 489.631591796875 716.9739990234375 742.84716796875 
449
2 557.4307861328125 478.7354736328125 752.8058471679688 735.28125 
450
2 571.1426391601562 473.9613342285156 765.0962524414062 735.8379516601562 
451
2 589.588623046875 470.06640625 784.152587890625 731.141845703125 
452
2 610.50927734375 467.0952453613281 807.2799072265625 731.3538818359375 
453
2 655.5452880859375 465.62725830078125 843.4083251953125 730.0964965820312 
454
2 675.8146362304688 462.2218017578125 857.8526000976562 730.7652587890625 
455
2 696.857421875 460.1861572265625 873.0355834960938 730.9115600585938 
456
2 717.6621704101562 456.78448486328125 889.19580078125 727.9177856445312 
457
2 752.6138916015625 443.3410339355469 919.3834838867188 716.0877685546875 
458
2 767.7093505859375 437.9780578613281 927.35400390625 702.6052856445312 
459
2 783.4949340820312 433.67889404296875 946.720458984375 715.0166625976562 
460
2 805.1937866210938 426.6750183105469 966.395263671875 699.07373046875 
461
2 847.442626953125 424.51190185546875 1021.7091674804688 709.427001953125 
462
2 870.578125 422.1666564941406 1037.2996826171875 694.3411865234375 
463
2 891.033935546875 421.2001647949219 1055.4678955078125 708.4428100585938 
464
2 915.9688720703125 422.2386169433594 1079.666748046875 695.7330932617188 
465
2 962.9871826171875 422.3450012207031 1120.2432861328125 703.263671875 
466
2 990.1033325195312 421.24481201171875 1141.9053955078125 703.7261962890625 
467
2 1014.7831420898438 417.0131530761719 1165.906982421875 702.3728637695312 
468
2 1037.862548828125 414.9510498046875 1183.917236328125 700.4207763671875 
2 1039.4495849609375 414.9293212890625 1186.38232421875 702.6531982421875 
469
2 1087.376220703125 412.8126220703125 1236.305908203125 695.110595703125 
470
2 1110.256103515625 411.58306884765625 1256.94873046875 696.667724609375 
471
2 1136.205078125 408.77398681640625 1282.4736328125 698.1951904296875 
472
2 1158.205322265625 405.3109130859375 1301.7286376953125 685.0569458007812 
473
2 1204.9652099609375 400.62774658203125 1345.1668701171875 691.330810546875 
474
2 1228.231689453125 399.8316955566406 1364.2120361328125 679.3297119140625 
475
2 1248.1630859375 401.1119079589844 1383.7044677734375 688.0389404296875 
2 1249.2958984375 401.2726745605469 1382.537353515625 685.00048828125 
476
2 1274.9423828125 399.7417297363281 1405.0240478515625 669.6700439453125 
477
2 1317.4083251953125 398.20745849609375 1445.689453125 683.7172241210938 
478
2 1338.54443359375 398.46929931640625 1466.741455078125 670.9882202148438 
479
2 1360.683837890625 400.38604736328125 1486.382568359375 680.269775390625 
480
2 1377.59765625 400.7477722167969 1503.218017578125 678.630859375 
481
2 1421.36572265625 404.5907897949219 1542.3424072265625 681.6209106445312 
482
2 1438.1617431640625 402.330810546875 1558.9744873046875 666.1297607421875 
483
2 1452.6268310546875 401.23040771484375 1576.8797607421875 669.4483642578125 
484
2 1468.1195068359375 401.62939453125 1588.349365234375 675.9486083984375 
3 1325.537841796875 263.7718811035156 1352.0101318359375 313.2105407714844 
485
2 1503.2127685546875 402.76947021484375 1621.328125 672.0055541992188 
486
2 1519.193603515625 404.41094970703125 1637.09228515625 657.50732421875 
3 1356.5828857421875 263.8837890625 1382.15087890625 310.5845642089844 
487
2 1534.6219482421875 402.8240966796875 1650.4754638671875 669.1943359375 
2 1535.1536865234375 403.93499755859375 1651.197021484375 671.0415649414062 
488
2 1566.4368896484375 402.373779296875 1684.7291259765625 670.7940673828125 
489
2 1579.6495361328125 404.82501220703125 1700.4649658203125 669.23974609375 
490
2 1591.518310546875 402.64886474609375 1712.8887939453125 670.9158935546875 
3 1408.930908203125 263.37603759765625 1431.6453857421875 310.96734619140625 
491
2 1605.149658203125 407.1043395996094 1726.2952880859375 666.4266357421875 
3 1416.7381591796875 262.2506103515625 1439.3404541015625 311.1490478515625 
492
3 1425.2646484375 265.5866394042969 1447.1219482421875 312.6414489746094 
2 1614.2801513671875 405.9057922363281 1735.65478515625 670.9278564453125 
493
2 1645.8760986328125 409.29986572265625 1774.895751953125 667.8614501953125 
494
2 1657.158935546875 408.66973876953125 1782.260986328125 669.992919921875 
495
2 1672.530517578125 410.95941162109375 1793.3497314453125 663.195556640625 
496
2 1683.826416015625 411.2954406738281 1806.07666015625 660.63818359375 
497
2 1713.0616455078125 410.38922119140625 1834.45068359375 664.9451293945312 
498
2 1728.893798828125 409.2290954589844 1847.9541015625 653.8289794921875 
499
2 1742.655517578125 410.18853759765625 1858.9720458984375 658.778076171875 
500
2 1769.0594482421875 409.0037536621094 1886.210693359375 658.9990844726562 
501
2 1780.050537109375 409.9433288574219 1894.3668212890625 657.2300415039062 
502
2 1791.1240234375 414.0866394042969 1905.761474609375 655.78955078125 
503
2 1800.13818359375 417.31512451171875 1915.8304443359375 659.065185546875 
504
2 1812.210693359375 418.7239990234375 1928.560302734375 654.563232421875 
505
2 1838.1165771484375 423.3860778808594 1951.5020751953125 657.1983032226562 
506
2 1847.545654296875 423.48565673828125 1960.022705078125 658.4955444335938 
507
2 1857.6063232421875 425.4554443359375 1970.70361328125 654.41796875 
508
2 1867.36181640625 428.3932800292969 1981.049072265625 651.0488891601562 
509
2 1888.2840576171875 430.34326171875 2002.027099609375 659.9606323242188 
510
3 1896.366455078125 434.5748291015625 2008.6793212890625 661.9699096679688 
511
3 1905.037353515625 436.677978515625 2015.153564453125 657.88818359375 
512
3 1911.331787109375 440.03521728515625 2024.3677978515625 653.2828979492188 
513
3 1925.8321533203125 449.1009216308594 2037.18115234375 663.5716552734375 
514
3 1935.527587890625 451.93157958984375 2044.30078125 662.84912109375 
515
3 1946.671630859375 450.4761962890625 2056.875244140625 661.9871826171875 
516
3 1957.88818359375 450.7188415527344 2069.84130859375 667.817626953125 
517
3 1972.925048828125 446.6938781738281 2086.407470703125 660.7972412109375 
518
3 1981.1707763671875 446.23431396484375 2094.908447265625 655.328125 
519
3 1989.775634765625 450.0439758300781 2102.6875 655.334228515625 
520
3 1997.4832763671875 447.890380859375 2113.46435546875 651.2373046875 
521
3 2011.08544921875 452.6659851074219 2124.7646484375 652.753662109375 
522
3 2017.0689697265625 456.73455810546875 2127.69140625 652.783447265625 
523
3 2024.116455078125 460.2354736328125 2134.9990234375 665.7782592773438 
524
3 2030.6573486328125 462.8922424316406 2138.3056640625 663.3727416992188 
525
3 2047.3819580078125 461.54229736328125 2156.746337890625 657.3171997070312 
526
3 2052.48876953125 462.20574951171875 2161.173828125 656.9736938476562 
527
3 2056.978271484375 462.2989501953125 2166.490966796875 657.0286865234375 
528
3 2062.958984375 460.9159240722656 2176.46044921875 656.277099609375 
529
3 2069.924072265625 460.3639831542969 2178.369140625 647.5155639648438 
530
3 2072.142578125 467.0699768066406 2181.87890625 654.7725219726562 
531
3 2077.78515625 468.09912109375 2194.197021484375 651.3717651367188 
532
3 2082.3505859375 471.2794494628906 2197.4365234375 656.0006103515625 
533
3 2094.5380859375 472.6265563964844 2204.3779296875 654.03125 
534
3 2099.006103515625 473.7725524902344 2214.74365234375 652.51123046875 
535
3 2102.3251953125 470.8760986328125 2213.67138671875 653.0846557617188 
536
3 2104.613525390625 472.8697204589844 2217.573974609375 656.4752807617188 
537
3 2111.056640625 474.5826416015625 2219.971435546875 649.33544921875 
538
3 2114.84130859375 477.55206298828125 2226.880126953125 663.9739379882812 
539
3 2120.123046875 478.1431884765625 2231.015625 659.8406982421875 
