0
1
3 1480.83642578125 437.7586669921875 1514.939697265625 530.7945556640625 
2
3
3 1469.8077392578125 441.12451171875 1510.245849609375 532.4640502929688 
4
3 1470.7899169921875 440.2008972167969 1508.300048828125 533.9835205078125 
5
6
7
3 1458.4429931640625 442.3199462890625 1493.7650146484375 533.149658203125 
8
9
10
3 1443.0859375 441.75750732421875 1479.6114501953125 535.6404418945312 
11
3 1439.2197265625 443.2181701660156 1478.5765380859375 536.5967407226562 
12
3 1438.4508056640625 442.854248046875 1476.353271484375 536.2685546875 
13
14
3 1429.8299560546875 439.38592529296875 1467.754638671875 535.5499877929688 
15
3 1428.008056640625 439.501708984375 1466.3424072265625 535.68798828125 
16
3 1427.0455322265625 445.5286560058594 1461.255615234375 535.1240234375 
17
18
3 1419.5965576171875 441.7052001953125 1455.99853515625 536.0066528320312 
19
3 1415.744140625 439.7373352050781 1454.2152099609375 537.1608276367188 
20
3 1412.083984375 441.8749084472656 1452.9827880859375 535.74853515625 
21
3 1407.268310546875 444.5760498046875 1447.532470703125 536.2958984375 
22
3 1406.0648193359375 451.7357177734375 1446.2965087890625 536.8092651367188 
23
3 1403.868408203125 442.85858154296875 1444.375 537.1939086914062 
24
3 1398.6014404296875 440.7229309082031 1443.5582275390625 539.0927734375 
25
3 1397.8280029296875 442.2110595703125 1439.4639892578125 539.734130859375 
26
27
28
29
30
31
32
33
34
35
36
37
38
39
40
41
42
43
44
45
46
47
48
49
50
51
52
53
54
55
56
57
58
59
60
61
62
63
64
65
66
67
68
69
70
71
72
73
74
75
76
77
3 1396.3248291015625 498.145751953125 1421.182861328125 558.2421875 
78
79
80
81
82
83
3 1402.5556640625 495.33221435546875 1430.4114990234375 569.0899658203125 
84
85
86
3 1407.68505859375 498.922607421875 1433.6331787109375 559.9810791015625 
87
3 1409.7572021484375 498.61181640625 1434.248046875 558.44287109375 
88
89
90
91
92
93
94
95
96
97
98
99
3 1434.3680419921875 501.964599609375 1460.0609130859375 563.8993530273438 
100
101
102
103
104
105
3 1450.0054931640625 504.135498046875 1476.0611572265625 569.446533203125 
106
3 1451.390380859375 505.06573486328125 1476.9251708984375 570.4440307617188 
107
108
109
110
111
112
3 1458.5439453125 502.797119140625 1489.961181640625 572.0698852539062 
113
3 1462.577880859375 503.9334716796875 1491.86669921875 572.4866333007812 
114
3 1463.537109375 505.69488525390625 1493.021728515625 570.7169189453125 
115
116
3 1467.7054443359375 505.5665283203125 1496.3408203125 573.7070922851562 
117
118
3 1472.9947509765625 503.61431884765625 1501.2996826171875 576.9736938476562 
119
3 1474.806884765625 503.73602294921875 1502.7705078125 575.4658203125 
120
3 1475.49658203125 505.0794677734375 1505.0751953125 575.4232177734375 
121
3 1476.387939453125 505.14202880859375 1506.630126953125 577.6728515625 
122
3 1477.1597900390625 504.72833251953125 1506.666015625 574.1299438476562 
123
124
3 1480.133544921875 505.89501953125 1512.017578125 574.7984008789062 
125
3 1482.8341064453125 505.11517333984375 1516.6680908203125 573.9351806640625 
126
127
128
129
130
131
132
133
134
135
136
137
138
139
140
141
142
143
144
145
146
147
148
149
150
151
152
153
154
155
156
157
158
159
160
161
162
163
164
165
166
167
168
169
170
171
172
3 1457.9229736328125 556.1665649414062 1489.236328125 623.7830810546875 
173
174
175
2 1454.6571044921875 567.4609375 1486.5533447265625 637.8221435546875 
176
2 1454.358154296875 566.4513549804688 1486.3984375 638.5791625976562 
177
2 1454.125 568.4640502929688 1487.4609375 638.1226806640625 
178
2 1460.1357421875 572.04443359375 1492.2078857421875 646.2124633789062 
179
180
181
182
183
184
185
186
187
188
2 1449.642578125 597.4085083007812 1485.985595703125 671.5845336914062 
189
190
191
192
193
194
2 1447.87744140625 606.86328125 1484.1871337890625 690.31103515625 
195
2 1441.28759765625 617.1190185546875 1479.48291015625 697.7301635742188 
196
2 1439.8360595703125 622.1696166992188 1475.9339599609375 690.283203125 
197
198
199
200
201
202
203
2 1435.2978515625 631.8043212890625 1474.08154296875 725.5751342773438 
204
205
206
207
208
209
2 1427.71337890625 658.6101684570312 1464.1976318359375 730.5994262695312 
210
2 1427.4456787109375 660.8327026367188 1465.382568359375 741.4465942382812 
211
212
213
214
215
216
217
2 1423.1375732421875 661.93017578125 1460.877197265625 744.623046875 
218
219
220
221
2 1420.04296875 664.52490234375 1451.338623046875 742.8340454101562 
222
223
2 1419.0506591796875 665.2154541015625 1454.08203125 773.0204467773438 
224
1 1414.2359619140625 669.4447631835938 1451.1485595703125 778.830078125 
225
2 1416.340087890625 665.2156982421875 1451.8155517578125 760.653076171875 
226
2 1416.0596923828125 664.974365234375 1451.9888916015625 755.4353637695312 
227
2 1416.3084716796875 665.525146484375 1453.089111328125 753.590087890625 
228
1 1415.076904296875 670.4501953125 1460.3248291015625 787.6846923828125 
229
1 1415.090576171875 670.6625366210938 1460.273681640625 789.8438110351562 
230
1 1416.9285888671875 664.993896484375 1464.849609375 782.231201171875 
2 1416.85498046875 665.3925170898438 1458.44580078125 771.480712890625 
231
1 1416.352294921875 667.0035400390625 1463.5892333984375 779.64306640625 
2 1416.20361328125 667.4307861328125 1458.6522216796875 771.0758056640625 
232
1 1414.604736328125 674.97802734375 1460.04150390625 791.08154296875 
233
1 1415.099609375 676.5226440429688 1464.026123046875 786.5631713867188 
234
235
2 1415.650390625 670.9089965820312 1469.9796142578125 770.8687744140625 
236
2 1414.2120361328125 676.1829223632812 1470.4151611328125 775.986083984375 
237
238
1 1413.7635498046875 696.947265625 1468.47509765625 797.265625 
239
1 1415.0904541015625 696.1260375976562 1465.0567626953125 789.5394897460938 
240
241
242
243
1 1409.4864501953125 695.2091064453125 1459.474609375 781.4013671875 
244
1 1408.87451171875 698.3585815429688 1458.99462890625 782.677001953125 
245
1 1409.990478515625 702.9781494140625 1468.1591796875 818.2770385742188 
1 1411.2310791015625 702.7860107421875 1460.0814208984375 787.5626220703125 
246
1 1404.2696533203125 697.1705932617188 1457.54443359375 784.0862426757812 
247
1 1406.9835205078125 691.5535888671875 1458.8701171875 777.6693115234375 
248
249
1 1405.7564697265625 704.3657836914062 1458.87255859375 796.7164916992188 
250
1 1406.52783203125 701.6730346679688 1463.5584716796875 801.097900390625 
251
1 1411.74462890625 697.60009765625 1467.1070556640625 818.13818359375 
252
1 1411.7022705078125 696.6514282226562 1466.1571044921875 808.4288940429688 
253
1 1412.52490234375 705.71044921875 1472.734375 836.88623046875 
254
1 1411.20849609375 700.7982177734375 1474.4010009765625 833.3176879882812 
255
1 1413.9500732421875 694.9208374023438 1476.937255859375 826.4947509765625 
256
1 1417.213623046875 691.0436401367188 1468.265625 786.89306640625 
257
1 1418.2608642578125 688.4398193359375 1467.6319580078125 783.5401611328125 
258
1 1418.70263671875 687.634521484375 1472.1258544921875 787.8377075195312 
259
1 1421.98583984375 688.3432006835938 1474.6712646484375 787.2037353515625 
260
1 1426.0894775390625 689.5407104492188 1476.9090576171875 786.7686157226562 
261
262
263
1 1439.043701171875 676.99560546875 1494.2467041015625 782.5528564453125 
264
1 1441.1162109375 678.3836059570312 1494.00439453125 785.6532592773438 
265
1 1443.1685791015625 682.125732421875 1495.154296875 790.2249755859375 
266
1 1445.4010009765625 676.7792358398438 1497.0704345703125 788.88818359375 
267
1 1447.5223388671875 673.5974731445312 1498.02099609375 783.7591552734375 
268
1 1451.072021484375 672.7464599609375 1500.863525390625 784.2146606445312 
269
1 1451.78271484375 674.3072509765625 1500.21484375 793.2240600585938 
270
1 1452.397705078125 673.699462890625 1500.97314453125 793.0043334960938 
271
1 1451.76806640625 671.2435302734375 1502.0770263671875 781.3404541015625 
272
1 1454.653076171875 670.2493286132812 1503.159423828125 781.8032836914062 
273
1 1462.58251953125 669.5191650390625 1510.2816162109375 784.0302124023438 
274
275
276
277
278
279
2 1483.4339599609375 661.5118408203125 1519.532470703125 754.11376953125 
280
2 1486.59521484375 660.567626953125 1526.3626708984375 760.0089721679688 
281
2 1490.698486328125 657.1197509765625 1529.5125732421875 757.9830932617188 
282
283
284
285
286
287
288
289
290
291
292
293
294
295
296
297
298
2 1520.0093994140625 638.3550415039062 1576.6260986328125 742.662841796875 
299
2 1496.07080078125 638.0860595703125 1577.88037109375 738.99853515625 
300
2 1515.7198486328125 639.0924682617188 1577.5684814453125 751.0362548828125 
301
2 1519.92724609375 640.8658447265625 1580.7117919921875 756.2642211914062 
302
2 1517.2384033203125 640.5804443359375 1580.9039306640625 758.4644775390625 
303
304
305
306
307
308
1 1522.9930419921875 653.0364379882812 1590.3870849609375 787.2966918945312 
309
2 1515.229248046875 652.3784790039062 1581.966064453125 766.1449584960938 
310
2 1514.9400634765625 654.426025390625 1581.6802978515625 775.492919921875 
311
2 1524.3428955078125 657.6768798828125 1578.0126953125 769.1229248046875 
312
313
314
1 1526.4752197265625 661.935302734375 1581.9752197265625 783.4879760742188 
315
1 1525.4620361328125 662.673095703125 1584.3858642578125 786.7466430664062 
316
317
318
319
320
1 1526.0726318359375 673.7728881835938 1597.1640625 803.820068359375 
321
322
1 1533.727783203125 680.4267578125 1599.25 810.953857421875 
323
1 1534.0833740234375 684.5278930664062 1600.9658203125 814.1658935546875 
324
1 1532.701416015625 683.1964111328125 1606.697998046875 814.4618530273438 
325
1 1534.2156982421875 683.8484497070312 1606.690673828125 818.0928955078125 
326
1 1540.0196533203125 684.917724609375 1605.875244140625 821.0958251953125 
327
1 1540.075927734375 685.3951416015625 1606.2928466796875 823.8206787109375 
328
1 1542.2413330078125 690.9554443359375 1607.5609130859375 827.1775512695312 
329
330
1 1542.5960693359375 701.125 1625.3438720703125 848.447265625 
331
1 1546.1031494140625 702.9878540039062 1622.212158203125 838.5858154296875 
332
1 1549.627685546875 704.2957763671875 1621.823974609375 841.6170654296875 
333
1 1555.2069091796875 705.8839111328125 1623.9249267578125 846.1845703125 
334
1 1556.5899658203125 709.85791015625 1623.9693603515625 846.3555908203125 
335
1 1553.8209228515625 710.3096923828125 1625.1171875 849.5704956054688 
336
337
1 1556.13671875 715.5443115234375 1629.0533447265625 857.3843994140625 
338
1 1556.8095703125 720.0780639648438 1635.9068603515625 866.4078369140625 
339
1 1560.893310546875 721.4636840820312 1642.13427734375 870.7184448242188 
340
1 1560.1884765625 721.0909423828125 1643.617431640625 870.2576293945312 
341
1 1560.9207763671875 723.1112670898438 1643.58935546875 874.9564819335938 
342
1 1565.387939453125 727.9370727539062 1647.019287109375 878.6316528320312 
343
1 1571.743408203125 729.9149780273438 1650.7606201171875 878.6123657226562 
344
1 1571.529052734375 731.854736328125 1653.5875244140625 883.1263427734375 
345
1 1578.425537109375 742.764892578125 1661.5826416015625 890.1661987304688 
346
347
1 1570.7244873046875 742.728759765625 1668.0137939453125 898.3575439453125 
348
1 1577.5262451171875 744.2948608398438 1669.76025390625 901.759033203125 
349
1 1575.166259765625 750.8468017578125 1674.1912841796875 905.6021728515625 
1 1591.61962890625 752.1199340820312 1673.4866943359375 905.0938110351562 
350
1 1564.4334716796875 752.9866943359375 1679.3465576171875 917.46875 
1 1597.9815673828125 754.1654052734375 1679.17578125 916.2718505859375 
351
1 1598.2579345703125 756.1720581054688 1682.82958984375 917.9019775390625 
352
1 1599.03369140625 756.3455810546875 1686.1920166015625 923.4780883789062 
353
0 1605.062255859375 766.032958984375 1693.840576171875 928.049560546875 
354
0 1603.1932373046875 767.0610961914062 1697.6861572265625 930.82373046875 
355
0 1607.6602783203125 771.3574829101562 1697.3302001953125 941.579345703125 
356
0 1610.9913330078125 775.3626098632812 1702.944580078125 947.1278686523438 
357
0 1610.6080322265625 783.7496948242188 1708.12158203125 957.5700073242188 
358
0 1618.652587890625 787.8108520507812 1714.7762451171875 961.3795166015625 
359
0 1625.4969482421875 788.4599609375 1721.1298828125 966.2178344726562 
360
361
0 1630.3270263671875 800.3261108398438 1730.54736328125 984.0405883789062 
362
0 1632.349365234375 804.396728515625 1734.253662109375 994.827880859375 
363
0 1634.87939453125 807.6521606445312 1738.66015625 992.404296875 
364
0 1639.73193359375 809.89794921875 1742.8072509765625 991.240478515625 
365
0 1646.407958984375 818.5930786132812 1752.9036865234375 994.1136474609375 
366
0 1645.33837890625 819.9130249023438 1755.0633544921875 998.4820556640625 
367
0 1646.2962646484375 822.568603515625 1758.5843505859375 1007.0003662109375 
368
0 1651.12353515625 826.29150390625 1764.5675048828125 1015.2684326171875 
369
0 1656.37890625 837.3895874023438 1773.85205078125 1024.5218505859375 
370
0 1662.3846435546875 843.188232421875 1778.4892578125 1035.180419921875 
371
0 1668.4654541015625 847.5459594726562 1783.2410888671875 1037.7060546875 
372
0 1668.060302734375 850.466796875 1787.3759765625 1040.4517822265625 
373
0 1680.3634033203125 856.4585571289062 1795.694091796875 1046.5953369140625 
374
0 1686.60546875 861.4429321289062 1801.7823486328125 1047.7911376953125 
375
376
377
378
0 1704.337890625 885.6355590820312 1821.9398193359375 1060.2801513671875 
379
0 1705.2735595703125 890.8333740234375 1829.799560546875 1062.569091796875 
380
0 1702.0648193359375 893.4249877929688 1843.436279296875 1065.4576416015625 
381
0 1707.4732666015625 901.3469848632812 1846.778564453125 1068.645751953125 
382
383
384
0 1716.467041015625 912.8040161132812 1852.6907958984375 1071.4326171875 
385
386
387
388
389
390
391
392
393
394
395
396
397
398
399
