0
3 35.61592102050781 141.1988525390625 78.75967407226562 195.3238983154297 
3 51.455379486083984 141.67269897460938 94.26004028320312 197.0897979736328 
1
3 35.615516662597656 141.1993408203125 78.75727844238281 195.32650756835938 
3 51.453956604003906 141.67227172851562 94.23070526123047 197.08712768554688 
2
3 128.94537353515625 100.925048828125 156.82818603515625 162.22726440429688 
3
3 128.83383178710938 101.19552612304688 159.05381774902344 162.33216857910156 
3 36.72983169555664 140.9609832763672 78.6059799194336 194.58457946777344 
4
3 53.287315368652344 141.1204833984375 81.40581512451172 194.020751953125 
5
3 56.744140625 158.94851684570312 82.24143981933594 194.36947631835938 
6
3 55.78376007080078 157.6103973388672 86.08402252197266 192.71897888183594 
7
3 55.29148864746094 139.03912353515625 88.63025665283203 193.738037109375 
3 131.26722717285156 104.009521484375 158.73988342285156 160.91366577148438 
3 40.25428009033203 137.62557983398438 87.69709777832031 194.12303161621094 
3 76.25057220458984 133.83953857421875 116.50249481201172 190.37013244628906 
8
3 39.98871612548828 137.4735107421875 86.84823608398438 193.98814392089844 
3 131.26144409179688 102.19644165039062 158.873779296875 160.84275817871094 
3 71.93534851074219 133.4026641845703 116.05628967285156 188.6436767578125 
9
3 41.08456802368164 136.35525512695312 83.10366821289062 194.4946746826172 
3 127.69178771972656 104.086181640625 159.24203491210938 160.5567626953125 
3 74.15479278564453 129.48043823242188 117.0680160522461 190.59423828125 
10
3 56.98040008544922 138.6739501953125 92.91133117675781 193.504150390625 
3 41.76201248168945 139.47019958496094 87.70443725585938 194.15347290039062 
11
3 42.29573059082031 134.73036193847656 79.72948455810547 195.2876739501953 
3 54.09254455566406 134.10565185546875 94.9227066040039 194.74879455566406 
3 73.22245788574219 127.85847473144531 116.4515380859375 190.21131896972656 
3 122.66960144042969 102.96711730957031 159.85501098632812 156.39755249023438 
12
3 129.83444213867188 102.55642700195312 161.98074340820312 159.48587036132812 
3 50.305152893066406 133.6118621826172 94.79623413085938 195.2529754638672 
13
3 44.42285919189453 131.8706512451172 93.35791778564453 194.8009490966797 
3 116.79837036132812 104.36691284179688 158.35203552246094 160.44244384765625 
3 72.98687744140625 128.94483947753906 116.68242645263672 188.86312866210938 
14
3 48.46065139770508 134.81866455078125 92.87069702148438 193.86851501464844 
3 73.51205444335938 130.3096466064453 120.22786712646484 188.2239990234375 
15
3 47.761653900146484 133.46875 91.11497497558594 193.30055236816406 
3 74.36494445800781 129.1808624267578 119.22085571289062 188.39862060546875 
16
3 47.351661682128906 130.974609375 90.98059844970703 192.73146057128906 
3 76.05264282226562 127.09855651855469 118.18572998046875 188.19561767578125 
3 117.27771759033203 108.16815185546875 145.3958740234375 153.00741577148438 
17
3 47.828369140625 129.71279907226562 90.2065658569336 190.26605224609375 
3 76.46159362792969 127.175048828125 119.87216186523438 187.33065795898438 
18
3 49.36096954345703 133.022705078125 91.04447174072266 188.3683319091797 
3 78.61007690429688 130.40406799316406 121.60750579833984 186.58157348632812 
19
3 49.2841911315918 131.82591247558594 91.05068969726562 187.8904571533203 
3 79.40943908691406 127.19650268554688 117.41312408447266 186.177001953125 
20
3 49.38865280151367 130.00186157226562 91.40550994873047 187.58143615722656 
3 79.56260681152344 125.12615966796875 126.01318359375 185.8380889892578 
21
3 49.81024169921875 130.7005615234375 91.09300231933594 187.90907287597656 
22
3 51.625457763671875 128.85220336914062 92.33915710449219 188.2439727783203 
23
3 50.71982192993164 125.89631652832031 91.1004638671875 187.85528564453125 
24
3 50.90636444091797 130.41510009765625 92.19280242919922 187.55508422851562 
25
3 51.928253173828125 132.53126525878906 92.26679992675781 187.79579162597656 
3 90.46041870117188 115.65487670898438 130.466552734375 180.56748962402344 
3 178.83880615234375 88.5692367553711 211.48402404785156 141.59759521484375 
26
3 52.85663604736328 131.59906005859375 95.03533935546875 188.0640106201172 
3 93.10628509521484 105.96328735351562 136.21847534179688 179.799560546875 
27
3 52.558204650878906 128.6061248779297 94.3292236328125 188.51283264160156 
3 93.7420654296875 108.76492309570312 134.5517578125 179.8388214111328 
3 143.15939331054688 95.02349853515625 171.8403778076172 156.6396026611328 
3 177.42230224609375 88.64230346679688 211.13800048828125 136.53012084960938 
28
3 53.71343994140625 131.5959014892578 97.43916320800781 188.732421875 
3 92.1106948852539 105.00869750976562 135.19769287109375 176.97569274902344 
29
3 55.11170959472656 129.4645233154297 98.4161376953125 188.4415283203125 
3 91.91171264648438 106.1776123046875 135.4327392578125 179.46246337890625 
30
3 90.83306121826172 111.22886657714844 137.12660217285156 179.77163696289062 
3 55.65174865722656 130.22286987304688 98.13274383544922 187.54470825195312 
3 182.4280548095703 89.16246795654297 218.69114685058594 139.60549926757812 
3 123.35205078125 105.035400390625 161.8064422607422 158.30445861816406 
3 144.3374786376953 111.70510864257812 167.38876342773438 157.3256072998047 
31
3 56.61903381347656 128.87277221679688 102.04875183105469 186.995361328125 
3 122.34516906738281 105.22796630859375 156.90414428710938 158.104736328125 
3 145.5756072998047 112.442626953125 168.25511169433594 157.58946228027344 
3 91.12232971191406 111.93185424804688 137.45260620117188 176.63308715820312 
32
3 92.23883056640625 110.75515747070312 138.65013122558594 178.37095642089844 
3 58.52332305908203 125.50602722167969 101.86819458007812 186.93719482421875 
3 145.46786499023438 108.34120178222656 169.95770263671875 157.76991271972656 
3 123.0931396484375 103.74513244628906 162.38934326171875 158.44947814941406 
33
3 93.42613983154297 114.67935180664062 139.03663635253906 179.25570678710938 
3 57.2197151184082 130.04275512695312 101.131103515625 186.68624877929688 
3 123.85769653320312 102.75526428222656 162.98866271972656 159.1515655517578 
3 146.844482421875 110.0443115234375 169.088134765625 157.70680236816406 
34
3 58.29050064086914 128.76837158203125 101.31816864013672 186.4451141357422 
3 93.30853271484375 116.76333618164062 142.63156127929688 178.5956268310547 
35
3 60.20497131347656 124.52604675292969 104.15589904785156 184.32302856445312 
3 96.95268249511719 115.99725341796875 139.1469268798828 177.1109161376953 
36
3 67.21027374267578 125.77125549316406 104.09500122070312 184.3681182861328 
37
3 64.24662017822266 116.14761352539062 104.93143463134766 182.84132385253906 
3 99.35667419433594 113.78019714355469 137.52737426757812 178.32443237304688 
38
3 64.19444274902344 115.42671203613281 104.56623840332031 181.77996826171875 
39
3 64.030517578125 115.74357604980469 105.07752990722656 181.37088012695312 
40
3 64.2617416381836 115.28274536132812 105.15398406982422 181.33648681640625 
41
3 65.26660919189453 114.79412841796875 105.99475860595703 179.6022491455078 
42
3 65.47554779052734 113.39012145996094 107.80194091796875 180.681884765625 
3 101.21485137939453 106.55268859863281 146.51327514648438 174.45068359375 
43
3 66.02640533447266 115.15914916992188 108.25221252441406 181.06198120117188 
3 102.00308227539062 109.46290588378906 146.7412567138672 173.98916625976562 
44
3 69.76972198486328 113.362060546875 110.47694396972656 181.39613342285156 
45
3 70.25102996826172 114.78970336914062 111.1185073852539 181.55934143066406 
46
3 66.6079330444336 113.32504272460938 115.49003601074219 179.79296875 
3 103.28704833984375 110.22294616699219 147.33189392089844 172.63531494140625 
3 191.8590087890625 81.2138900756836 231.5299072265625 131.9450225830078 
3 133.62667846679688 89.68739318847656 178.70582580566406 153.6295166015625 
47
3 67.24114990234375 115.98324584960938 117.20126342773438 181.07431030273438 
3 192.0733642578125 79.81057739257812 235.01193237304688 130.93392944335938 
3 133.3094482421875 88.74147033691406 179.72804260253906 157.3021240234375 
48
3 67.6640396118164 116.49589538574219 117.68761444091797 181.6626434326172 
3 192.52134704589844 79.59176635742188 235.32354736328125 130.50662231445312 
49
3 69.63219451904297 118.45248413085938 118.78683471679688 182.02371215820312 
3 195.5596466064453 80.20304107666016 232.72409057617188 131.95529174804688 
50
3 69.4824447631836 117.9639892578125 119.37613677978516 180.18280029296875 
3 114.54353332519531 110.91796875 161.6058807373047 170.0805206298828 
51
3 70.0797119140625 118.91459655761719 118.03057098388672 179.85488891601562 
3 111.80194091796875 111.78804016113281 158.93597412109375 171.4029541015625 
52
3 70.53057861328125 117.62147521972656 117.57284545898438 178.96376037597656 
3 110.689697265625 112.94541931152344 160.7480010986328 171.67471313476562 
53
3 71.9151611328125 118.41641235351562 117.76729583740234 178.7003936767578 
3 197.52798461914062 76.74073028564453 234.46224975585938 132.4323272705078 
3 130.20394897460938 113.54269409179688 165.44700622558594 169.2818145751953 
54
3 72.96331787109375 122.31288146972656 117.90138244628906 176.17604064941406 
3 110.76641082763672 105.02619934082031 159.43960571289062 170.44956970214844 
3 197.33177185058594 75.17023468017578 234.16281127929688 127.46144104003906 
55
3 73.18120574951172 122.53173828125 117.55265808105469 175.83944702148438 
3 112.16647338867188 105.73704528808594 159.58157348632812 170.86920166015625 
56
3 74.62217712402344 122.4840087890625 116.1674575805664 175.86087036132812 
3 131.61672973632812 104.6905517578125 163.54795837402344 166.9268341064453 
3 84.9076156616211 119.13412475585938 121.02702331542969 175.66685485839844 
57
3 134.4876251220703 102.75392150878906 164.582275390625 162.6998748779297 
3 75.38178253173828 120.23445129394531 115.94769287109375 175.0215301513672 
3 201.82186889648438 75.86550903320312 234.58868408203125 127.34822082519531 
3 85.67839813232422 114.64633178710938 120.22918701171875 174.55679321289062 
58
3 75.63059997558594 120.24783325195312 115.3685531616211 175.44613647460938 
59
3 76.63013458251953 119.65254211425781 114.82241821289062 174.8414306640625 
3 87.86814880371094 119.15541076660156 118.03164672851562 174.88946533203125 
60
3 115.8076400756836 108.039306640625 155.71664428710938 165.94090270996094 
3 87.70503997802734 120.43618774414062 117.93046569824219 173.58621215820312 
3 77.67262268066406 119.6796875 115.32373809814453 174.09902954101562 
61
62
3 76.78962707519531 124.40179443359375 115.85556030273438 174.74642944335938 
63
3 77.13751983642578 123.18876647949219 114.87055969238281 174.484619140625 
64
3 77.71231079101562 121.87071228027344 115.30543518066406 174.68434143066406 
65
3 79.97953033447266 120.3895263671875 118.07240295410156 175.0863494873047 
3 119.01443481445312 111.1571044921875 146.13775634765625 159.4108428955078 
66
3 79.65756225585938 117.83963012695312 118.2500228881836 173.5450897216797 
3 138.14219665527344 101.11688232421875 168.11672973632812 161.86610412597656 
67
3 79.56387329101562 112.93275451660156 120.9655990600586 174.89617919921875 
3 137.0897979736328 91.75894927978516 172.6197509765625 162.50262451171875 
3 137.6039581298828 102.54840087890625 171.08428955078125 162.37637329101562 
68
3 79.97692108154297 115.16873168945312 122.1717758178711 174.58111572265625 
3 136.499267578125 92.3255615234375 172.012451171875 162.1246337890625 
3 135.79489135742188 105.69708251953125 169.0784454345703 162.06893920898438 
69
3 80.77760314941406 118.72541809082031 121.66861724853516 174.73243713378906 
3 138.3948974609375 100.00384521484375 172.45462036132812 161.78884887695312 
70
3 80.60011291503906 118.91366577148438 124.99676513671875 172.3178253173828 
3 127.33055114746094 104.74259948730469 171.181640625 161.98748779296875 
71
3 80.5208740234375 117.29376220703125 125.03872680664062 172.54812622070312 
3 127.4554214477539 104.01396179199219 172.25564575195312 163.05224609375 
72
3 81.35474395751953 118.47039794921875 124.9721908569336 171.13815307617188 
3 126.38139343261719 103.502685546875 169.510986328125 162.320068359375 
3 153.8037872314453 88.94242858886719 184.88677978515625 157.2858428955078 
73
3 81.69795989990234 120.66702270507812 124.80638885498047 171.24806213378906 
3 151.62229919433594 89.95138549804688 182.890869140625 158.06436157226562 
3 127.0837173461914 107.39434814453125 164.9755096435547 160.96250915527344 
74
3 81.2229995727539 117.50584411621094 125.1314926147461 167.499267578125 
3 128.53916931152344 104.51791381835938 159.4160614013672 160.05776977539062 
75
3 80.96571350097656 118.95805358886719 125.41826629638672 168.1787872314453 
76
3 90.89532470703125 118.84715270996094 128.52117919921875 168.28414916992188 
3 150.69198608398438 89.23828887939453 184.30844116210938 156.168701171875 
77
3 102.33778381347656 119.00999450683594 129.32473754882812 166.30154418945312 
3 145.03880310058594 87.96916198730469 185.37191772460938 154.09014892578125 
78
3 150.32774353027344 87.47804260253906 185.66531372070312 154.27952575683594 
3 96.1681137084961 116.69685363769531 129.09011840820312 161.39520263671875 
79
3 106.34904479980469 117.4896240234375 129.7544403076172 165.05526733398438 
80
3 102.37846374511719 120.95420837402344 128.7897491455078 165.55653381347656 
81
3 88.82830810546875 116.0458984375 131.03404235839844 166.83460998535156 
82
3 91.50530242919922 106.93292236328125 141.75303649902344 167.26553344726562 
3 152.63478088378906 91.61251831054688 181.8409423828125 154.14828491210938 
83
3 89.12457275390625 108.48223876953125 138.4584503173828 167.68106079101562 
84
3 88.87973022460938 104.17848205566406 140.5922088623047 167.65304565429688 
85
3 88.59831237792969 105.26382446289062 144.7683563232422 167.21853637695312 
86
3 89.12852478027344 106.8916015625 146.85572814941406 167.3048858642578 
3 110.52369689941406 107.98175048828125 149.26170349121094 163.0064697265625 
87
3 88.71409606933594 105.04208374023438 144.35736083984375 166.8389892578125 
3 155.47296142578125 89.16136169433594 186.1903076171875 154.5041046142578 
88
3 90.31044006347656 107.79296875 139.502685546875 166.60894775390625 
3 154.65185546875 88.3749008178711 185.6422576904297 154.62646484375 
89
3 91.29014587402344 105.47378540039062 126.75592803955078 166.65065002441406 
90
3 92.86013793945312 103.99046325683594 127.38294219970703 167.06996154785156 
3 149.8600616455078 88.12157440185547 188.1117401123047 155.28839111328125 
91
3 95.0584716796875 101.98600769042969 127.49690246582031 165.91416931152344 
3 146.4762420654297 88.21479034423828 187.54107666015625 154.96609497070312 
3 118.9175796508789 104.27853393554688 153.6067657470703 162.17886352539062 
92
3 115.65846252441406 105.74298095703125 154.4496307373047 162.79461669921875 
3 95.04096221923828 105.58052062988281 128.19659423828125 164.998779296875 
93
94
3 97.00959777832031 102.70431518554688 146.75323486328125 162.2606201171875 
3 119.6476058959961 105.80027770996094 151.85780334472656 160.09317016601562 
95
3 96.85429382324219 102.22354125976562 136.2615966796875 161.70651245117188 
3 121.1566162109375 106.8001708984375 154.7316131591797 160.1335906982422 
96
3 98.27530670166016 104.36843872070312 142.14254760742188 161.14608764648438 
3 119.15162658691406 109.25788879394531 149.48336791992188 159.970947265625 
97
98
3 100.05690002441406 104.94073486328125 143.17955017089844 160.7202606201172 
99
3 102.15510559082031 105.23330688476562 143.07000732421875 160.3372039794922 
3 115.02503204345703 111.54515075683594 144.61280822753906 159.75628662109375 
100
3 115.5689697265625 115.16331481933594 144.20880126953125 160.4252166748047 
3 2461.77783203125 360.0338134765625 2558.827392578125 452.2975158691406 
3 105.26538848876953 107.41719055175781 142.86080932617188 160.65223693847656 
101
3 2450.9482421875 359.2834167480469 2558.961669921875 441.6840515136719 
3 103.5262680053711 106.17756652832031 143.7158966064453 159.02540588378906 
102
3 2441.123046875 353.3948974609375 2558.974853515625 437.7994079589844 
3 103.07125854492188 106.87863159179688 142.74380493164062 158.29962158203125 
103
3 2448.059326171875 335.0062255859375 2559.182373046875 439.4830322265625 
3 103.51181030273438 104.74740600585938 143.41183471679688 158.8903350830078 
104
3 2443.61572265625 324.2538146972656 2559.14453125 440.426025390625 
3 102.72290802001953 104.2208251953125 144.7735137939453 159.16146850585938 
3 146.3114013671875 87.61334228515625 194.95999145507812 149.8890380859375 
105
3 2432.0048828125 319.072998046875 2559.055908203125 482.75042724609375 
3 102.38031005859375 104.70913696289062 144.73370361328125 159.0780792236328 
106
3 2417.6025390625 301.55596923828125 2558.986572265625 481.062744140625 
3 102.8418197631836 105.21853637695312 143.2901611328125 158.62295532226562 
107
3 102.91057586669922 103.01309204101562 143.42710876464844 159.05198669433594 
3 2420.022705078125 289.8525390625 2559.002685546875 479.45947265625 
3 242.42990112304688 59.74504089355469 284.3681945800781 107.59457397460938 
108
3 2436.318603515625 288.0679931640625 2559.025390625 480.62750244140625 
3 101.8489990234375 103.36509704589844 143.48382568359375 159.09109497070312 
109
3 2424.337646484375 265.5730285644531 2558.87744140625 475.44427490234375 
3 101.10263061523438 103.8157958984375 142.27548217773438 158.79803466796875 
3 117.5400161743164 121.36917114257812 143.15977478027344 158.4533233642578 
110
3 2420.69482421875 260.30291748046875 2558.877685546875 460.0382080078125 
3 100.3044662475586 103.26632690429688 141.31906127929688 159.49020385742188 
111
3 2421.094970703125 250.22830200195312 2558.888916015625 457.77880859375 
3 99.49546813964844 104.10920715332031 141.3461456298828 159.3006591796875 
3 117.83235931396484 121.11705017089844 143.0001220703125 158.43751525878906 
112
3 2423.773681640625 241.4637451171875 2558.9853515625 440.8115539550781 
3 99.64846801757812 103.85012817382812 141.6649627685547 159.04537963867188 
3 117.55894470214844 117.84762573242188 143.7467498779297 158.44784545898438 
113
3 2424.990966796875 220.02279663085938 2558.8935546875 435.1204833984375 
3 118.08074188232422 119.63926696777344 144.37493896484375 158.84017944335938 
114
3 2416.57373046875 209.7258758544922 2559.110595703125 445.0432434082031 
3 118.02099609375 120.61395263671875 143.06707763671875 158.47789001464844 
115
3 2424.398681640625 199.65200805664062 2558.661376953125 436.41094970703125 
3 117.13279724121094 121.51376342773438 143.27952575683594 158.3739776611328 
116
3 2422.902099609375 205.7742919921875 2558.51953125 433.7192077636719 
3 117.47217559814453 121.01554870605469 143.92762756347656 158.65220642089844 
117
3 97.48993682861328 103.83773803710938 141.84500122070312 159.65048217773438 
118
3 2345.806640625 188.72506713867188 2559.189453125 427.6348571777344 
3 97.63127899169922 104.77793884277344 140.2859649658203 159.36782836914062 
3 116.0075454711914 105.19367980957031 149.84677124023438 157.27723693847656 
119
3 2324.3818359375 191.29510498046875 2557.40625 438.0530090332031 
3 97.50856018066406 103.540283203125 140.18246459960938 159.45384216308594 
120
3 2318.888916015625 186.23712158203125 2558.724365234375 440.18817138671875 
3 97.24744415283203 104.30047607421875 139.1725616455078 159.59036254882812 
121
3 2325.016845703125 183.49365234375 2558.024169921875 438.5457458496094 
3 97.45824432373047 104.38453674316406 141.32809448242188 159.3907012939453 
3 115.7095718383789 105.9818115234375 145.09219360351562 158.25204467773438 
122
3 2311.187255859375 181.87847900390625 2544.550048828125 432.82659912109375 
3 97.48377227783203 103.94439697265625 141.52626037597656 159.2587432861328 
3 115.17938232421875 104.73501586914062 144.9922637939453 158.01878356933594 
123
3 2304.889404296875 180.57080078125 2536.293701171875 429.1875 
3 97.28599548339844 103.65057373046875 138.17100524902344 159.25848388671875 
124
3 2302.453857421875 174.564697265625 2529.922607421875 425.32763671875 
3 97.19365692138672 103.94459533691406 139.05010986328125 159.443115234375 
125
3 2313.821044921875 170.178466796875 2524.18505859375 417.9040222167969 
3 97.69143676757812 104.6873779296875 139.79051208496094 159.3888702392578 
126
3 2305.965576171875 166.71905517578125 2517.601806640625 410.1044616699219 
3 97.36406707763672 104.50936889648438 140.82235717773438 159.5108642578125 
127
3 2313.864013671875 161.48281860351562 2510.79931640625 409.0675964355469 
3 97.15017700195312 103.74386596679688 139.980712890625 159.35565185546875 
128
3 2312.34375 159.99058532714844 2501.966796875 409.7965087890625 
3 97.39359283447266 104.30865478515625 139.82968139648438 159.45008850097656 
129
3 2309.5634765625 156.88079833984375 2496.211669921875 405.8830871582031 
3 97.7529296875 104.1256103515625 140.75613403320312 159.39010620117188 
130
3 2309.679443359375 152.85592651367188 2488.90478515625 405.36993408203125 
3 97.52442932128906 103.57083129882812 141.9154052734375 159.01272583007812 
131
3 2302.802734375 150.25759887695312 2480.697021484375 401.7179870605469 
3 97.75498962402344 103.36268615722656 142.60838317871094 158.7812042236328 
132
3 2272.789794921875 149.57461547851562 2473.39599609375 397.460693359375 
3 98.23137664794922 104.80937194824219 143.1345977783203 158.7638397216797 
133
3 2251.659423828125 148.8142852783203 2461.9384765625 404.23583984375 
3 99.67247009277344 106.47213745117188 141.8867645263672 158.94744873046875 
134
3 2229.187255859375 145.55239868164062 2456.41259765625 401.59637451171875 
3 99.76142120361328 106.07720947265625 140.74908447265625 158.92230224609375 
135
3 2218.76806640625 143.9224090576172 2446.244140625 402.7714538574219 
3 101.31427001953125 105.57698059082031 139.47239685058594 158.9806365966797 
136
3 2206.89013671875 142.48822021484375 2435.64501953125 404.57318115234375 
3 102.52266693115234 107.65455627441406 138.9918670654297 159.01657104492188 
137
3 2200.82568359375 140.0124969482422 2425.77392578125 401.70245361328125 
3 101.61514282226562 107.31918334960938 138.3294219970703 159.17820739746094 
138
3 2193.6904296875 138.34783935546875 2418.178955078125 405.10693359375 
3 102.17315673828125 106.37724304199219 138.2281036376953 159.47207641601562 
139
3 2183.60400390625 136.5867156982422 2407.85107421875 402.3984375 
3 103.34457397460938 106.08201599121094 137.84877014160156 159.58335876464844 
140
3 2182.260986328125 134.53097534179688 2396.04052734375 399.37353515625 
3 102.10005187988281 105.80328369140625 137.65786743164062 159.38771057128906 
141
3 2181.005615234375 130.30642700195312 2388.9912109375 397.01361083984375 
3 100.98228454589844 105.46868896484375 138.37765502929688 158.77923583984375 
142
3 2181.00732421875 124.04931640625 2381.058349609375 396.22784423828125 
3 100.77450561523438 105.47402954101562 138.42233276367188 158.4365692138672 
143
3 2181.111328125 121.4691162109375 2372.042724609375 392.84552001953125 
3 101.73384094238281 105.89662170410156 138.52618408203125 158.50198364257812 
144
3 2180.880859375 118.66506958007812 2367.80029296875 384.692626953125 
3 99.81975555419922 106.56381225585938 139.63563537597656 158.74935913085938 
145
3 2182.7958984375 116.82327270507812 2361.715087890625 376.86572265625 
3 100.31590270996094 107.42486572265625 140.1975860595703 158.92025756835938 
146
3 2182.798828125 113.32264709472656 2352.0673828125 367.8522644042969 
3 101.02874755859375 108.31095886230469 140.3916778564453 158.814697265625 
147
3 2181.009765625 110.32087707519531 2344.664306640625 363.67364501953125 
3 101.11275482177734 107.73112487792969 140.15960693359375 158.545166015625 
148
3 2175.14404296875 109.67845153808594 2336.177734375 370.68292236328125 
3 101.58892822265625 106.14657592773438 139.72569274902344 158.34548950195312 
149
3 2151.048828125 107.8560791015625 2329.584716796875 369.4633483886719 
3 101.88878631591797 106.89926147460938 139.57566833496094 158.31219482421875 
150
3 2128.619384765625 105.52923583984375 2321.07861328125 366.79443359375 
3 101.95173645019531 107.9857177734375 139.58645629882812 158.4749755859375 
151
3 2103.193359375 105.65269470214844 2312.367431640625 366.5166015625 
3 103.30518341064453 108.628173828125 139.3394317626953 157.7392578125 
152
3 2114.14306640625 104.90377807617188 2305.4970703125 365.29913330078125 
3 116.6963119506836 109.4500732421875 140.1008758544922 156.6714324951172 
153
2 2084.1767578125 104.48822021484375 2297.571533203125 366.19134521484375 
3 105.76179504394531 105.79428100585938 140.4715118408203 158.0943603515625 
3 115.4815673828125 107.4967041015625 140.9275360107422 157.20529174804688 
154
2 2075.92138671875 101.63688659667969 2287.19580078125 364.10552978515625 
3 106.12544250488281 105.242919921875 140.81553649902344 157.50375366210938 
3 115.52271270751953 106.49693298339844 141.20777893066406 156.7388916015625 
155
2 2078.614501953125 100.87216186523438 2279.916015625 359.1724853515625 
156
2 2064.51904296875 100.97930908203125 2269.772216796875 356.0577697753906 
3 117.69207000732422 107.57591247558594 141.05735778808594 153.97103881835938 
157
2 2065.632568359375 99.91828918457031 2262.528564453125 352.1114196777344 
3 105.57867431640625 104.124267578125 141.44589233398438 154.2313232421875 
158
2 2065.17529296875 93.68373107910156 2257.52392578125 347.4373779296875 
3 104.86933135986328 103.66334533691406 141.38601684570312 153.3870849609375 
159
2 2069.03564453125 90.40377807617188 2247.733642578125 345.026123046875 
3 116.70711517333984 108.23928833007812 141.44264221191406 154.63424682617188 
3 106.6773681640625 103.83088684082031 141.3887481689453 154.8400115966797 
160
2 2062.543212890625 88.59617614746094 2242.5263671875 341.98077392578125 
3 116.47932434082031 108.54640197753906 141.8794403076172 154.33139038085938 
161
2 2060.2578125 86.44026184082031 2234.117431640625 339.9794921875 
3 104.24176788330078 103.76898193359375 141.48655700683594 153.7476043701172 
162
2 2066.7705078125 82.0969009399414 2224.49267578125 338.1128845214844 
3 103.51402282714844 102.33006286621094 141.1776885986328 152.6812286376953 
163
2 2072.360595703125 79.08837127685547 2216.664794921875 336.3858947753906 
2 2077.283935546875 79.92619323730469 2216.710693359375 331.50390625 
3 118.46395111083984 113.44143676757812 140.7816162109375 153.02674865722656 
164
2 2064.13623046875 78.47445678710938 2207.436279296875 338.32562255859375 
2 2068.72802734375 80.1629638671875 2206.6376953125 336.3997802734375 
3 118.61708068847656 114.85919189453125 140.85610961914062 153.50758361816406 
165
2 2051.66162109375 76.0052719116211 2202.151611328125 338.6725158691406 
3 135.1980743408203 92.259521484375 171.86639404296875 146.3932342529297 
3 119.1969985961914 111.2611083984375 141.447998046875 152.98464965820312 
166
2 2039.5887451171875 74.15953063964844 2192.3828125 337.9991149902344 
3 136.33584594726562 91.19489288330078 173.565185546875 145.75486755371094 
3 118.93875885009766 114.31761169433594 141.0125732421875 152.8708038330078 
3 176.21661376953125 85.18927001953125 209.32151794433594 130.53167724609375 
167
2 2004.3427734375 73.61133575439453 2182.681640625 338.5329284667969 
3 137.17919921875 92.9217529296875 173.5355682373047 142.81861877441406 
3 119.87982177734375 119.16572570800781 140.66966247558594 153.3155517578125 
168
2 1985.83154296875 72.89087677001953 2173.565673828125 338.1953125 
3 120.388916015625 118.89369201660156 140.93211364746094 153.30506896972656 
3 137.55050659179688 93.79678344726562 172.19442749023438 142.32081604003906 
169
2 1968.5396728515625 71.43209838867188 2167.85205078125 338.6229248046875 
3 120.66374206542969 116.89468383789062 141.14671325683594 152.96908569335938 
3 178.89064025878906 84.52644348144531 213.8622283935547 134.51344299316406 
170
2 1961.01953125 70.32252502441406 2156.57470703125 336.7062683105469 
3 120.64916229248047 118.61253356933594 141.0953369140625 153.01316833496094 
171
2 1954.71142578125 68.78790283203125 2146.260498046875 335.591552734375 
3 120.10446166992188 116.70269775390625 141.31068420410156 153.00274658203125 
3 178.2096405029297 84.31675720214844 215.5569305419922 134.6930389404297 
3 136.2851104736328 92.36500549316406 175.21539306640625 141.3567352294922 
172
2 1951.306640625 75.61527252197266 2138.229248046875 337.47125244140625 
3 119.91606903076172 115.91693115234375 141.6043701171875 153.8283233642578 
173
2 1944.338134765625 68.76830291748047 2128.707763671875 334.1497802734375 
3 178.75567626953125 82.16534423828125 214.73773193359375 133.52236938476562 
3 119.96501159667969 115.17127990722656 141.76934814453125 153.15728759765625 
3 135.84239196777344 90.77971649169922 176.01931762695312 140.28677368164062 
174
2 1943.571044921875 64.08493041992188 2120.673095703125 329.75054931640625 
3 119.21275329589844 111.95721435546875 141.71286010742188 153.05191040039062 
3 178.93887329101562 82.75405883789062 213.7606964111328 132.4637451171875 
3 134.7982177734375 91.83958435058594 175.82977294921875 139.60374450683594 
175
2 1940.1312255859375 61.079811096191406 2111.61767578125 332.4598388671875 
3 117.86922454833984 110.96505737304688 141.99365234375 152.8978271484375 
3 134.1239013671875 91.3665542602539 174.03416442871094 139.84974670410156 
3 178.108154296875 83.23551940917969 212.0850372314453 130.9048614501953 
176
2 1944.2152099609375 59.572357177734375 2104.351806640625 325.48175048828125 
3 117.73039245605469 108.79017639160156 142.775390625 151.888916015625 
3 133.92849731445312 92.01702880859375 173.38687133789062 139.72067260742188 
3 178.02635192871094 83.05535888671875 214.8740997314453 130.65757751464844 
177
2 1942.4700927734375 57.756256103515625 2096.866943359375 323.1550598144531 
3 133.9882354736328 90.839599609375 174.280029296875 140.06173706054688 
3 179.0322265625 83.64032745361328 216.18028259277344 132.99354553222656 
3 104.1935043334961 103.24114990234375 141.67481994628906 152.115966796875 
3 115.98941802978516 108.67921447753906 142.6009521484375 151.61019897460938 
178
2 1940.1314697265625 54.99212646484375 2089.5615234375 320.26837158203125 
3 133.35552978515625 91.0103530883789 174.8522491455078 141.3216552734375 
3 178.78370666503906 84.02354431152344 218.63809204101562 134.00643920898438 
179
3 1942.1748046875 52.359352111816406 2080.056884765625 312.6034851074219 
3 178.71511840820312 83.76608276367188 219.56141662597656 134.97491455078125 
3 116.60319519042969 109.34603881835938 142.9573211669922 152.6279296875 
3 133.04747009277344 91.44119262695312 174.71446228027344 141.26681518554688 
180
3 1944.645263671875 51.505340576171875 2074.286376953125 299.465087890625 
3 179.69381713867188 83.20886993408203 218.10719299316406 133.26358032226562 
3 116.22716522216797 105.39630126953125 144.42642211914062 152.5814208984375 
181
3 1938.237548828125 48.73377990722656 2064.94873046875 299.9295349121094 
3 180.66651916503906 83.22027587890625 217.3926544189453 133.0000457763672 
3 1937.8577880859375 48.94093322753906 2065.189453125 298.6490783691406 
3 116.06681060791016 104.40609741210938 144.22836303710938 151.32373046875 
3 103.48694610595703 102.55606079101562 141.55258178710938 152.50653076171875 
182
3 1924.6959228515625 46.127899169921875 2058.64501953125 302.3481750488281 
3 180.40682983398438 82.81796264648438 218.7789764404297 133.79196166992188 
3 116.04547119140625 104.88055419921875 142.78155517578125 151.18740844726562 
3 104.2464370727539 102.46823120117188 141.86245727539062 152.06309509277344 
183
3 1903.2425537109375 44.700767517089844 2048.168701171875 298.4919128417969 
3 180.8096923828125 82.82581329345703 218.43649291992188 134.5705108642578 
3 116.39219665527344 104.64971923828125 143.70562744140625 151.96434020996094 
3 155.23675537109375 92.62342834472656 184.33975219726562 139.737548828125 
184
3 1880.2127685546875 44.852996826171875 2041.7091064453125 295.8786315917969 
185
3 1851.04345703125 46.850982666015625 2033.006103515625 297.40338134765625 
186
3 1837.42626953125 43.876922607421875 2025.1953125 299.14251708984375 
187
3 1834.0838623046875 41.8541259765625 2015.8349609375 300.866455078125 
188
3 1835.14404296875 42.55364990234375 2005.2257080078125 299.306396484375 
3 2513.795166015625 218.22483825683594 2558.999755859375 392.038818359375 
189
3 1817.8192138671875 41.5968017578125 1996.19091796875 298.2706298828125 
3 2514.248046875 206.936767578125 2559.0185546875 391.4736328125 
190
3 1815.1392822265625 40.37913513183594 1989.219482421875 292.2366027832031 
3 2504.20068359375 184.9228515625 2559.101318359375 382.4892578125 
191
3 1813.8656005859375 38.216636657714844 1984.0848388671875 288.8459777832031 
3 2497.580078125 179.8966064453125 2559.0927734375 386.87646484375 
192
3 1808.279052734375 37.04168701171875 1979.5985107421875 285.6656494140625 
3 2433.26220703125 171.77301025390625 2558.9091796875 383.34588623046875 
3 2492.2392578125 174.14093017578125 2558.824951171875 383.05120849609375 
193
3 1807.5909423828125 33.667999267578125 1969.5345458984375 285.03948974609375 
3 2434.652587890625 169.51148986816406 2558.87060546875 380.8358154296875 
194
3 1807.07568359375 31.402313232421875 1955.168701171875 279.49066162109375 
3 2438.585205078125 163.9375 2558.750244140625 374.8386535644531 
195
3 1806.3927001953125 29.2672119140625 1947.4056396484375 277.4046936035156 
3 1808.6158447265625 32.921600341796875 1947.519775390625 276.9264221191406 
3 2435.703369140625 161.19644165039062 2558.673095703125 372.8273010253906 
196
3 2435.474365234375 157.27462768554688 2558.7529296875 369.1033935546875 
3 1822.720458984375 28.127105712890625 1941.7552490234375 273.5468444824219 
3 1815.4288330078125 26.74359893798828 1941.4183349609375 273.1522521972656 
197
3 2435.373779296875 155.73858642578125 2558.79833984375 365.9220886230469 
3 1810.5189208984375 25.61211395263672 1934.22509765625 274.8356628417969 
3 186.07456970214844 78.07306671142578 221.90036010742188 125.4453125 
198
3 1806.4805908203125 20.655616760253906 1927.592041015625 275.72113037109375 
3 2434.1728515625 153.73046875 2558.68310546875 369.8157958984375 
3 185.7958984375 77.28028869628906 222.327880859375 125.83320617675781 
199
3 1801.400146484375 21.876861572265625 1920.0111083984375 273.84552001953125 
3 2430.12646484375 150.55465698242188 2557.66455078125 368.8914794921875 
3 185.51235961914062 77.46916198730469 221.9892120361328 126.09764099121094 
200
3 2398.193115234375 151.06900024414062 2549.89990234375 366.1888427734375 
3 2393.11865234375 150.43304443359375 2551.426025390625 365.45013427734375 
3 1786.378662109375 23.134910583496094 1913.2808837890625 273.09698486328125 
3 185.2301025390625 78.15789031982422 223.0411376953125 125.16795349121094 
201
3 1763.74755859375 22.761642456054688 1904.9178466796875 278.55419921875 
3 184.73875427246094 77.90538024902344 223.74560546875 125.94979858398438 
3 285.77557373046875 29.33056640625 330.2459716796875 99.97970581054688 
3 2431.704345703125 150.56747436523438 2542.70263671875 364.1471252441406 
3 133.89878845214844 90.779296875 173.16046142578125 138.676025390625 
202
3 1750.836669921875 20.574386596679688 1897.5460205078125 271.8651428222656 
3 184.970947265625 77.6332015991211 223.35740661621094 129.0970001220703 
3 2372.79150390625 149.33262634277344 2536.001220703125 347.31109619140625 
3 135.33206176757812 90.024658203125 173.93038940429688 139.48692321777344 
203
3 1739.5758056640625 20.750823974609375 1892.3448486328125 275.175537109375 
3 184.8965301513672 77.2115249633789 222.27880859375 128.14425659179688 
3 2446.303466796875 147.12490844726562 2530.1162109375 278.0338439941406 
204
3 1735.0037841796875 22.080467224121094 1888.231689453125 273.5355224609375 
3 2431.406494140625 149.09866333007812 2524.316162109375 309.96612548828125 
205
3 1727.8836669921875 22.35619354248047 1886.834228515625 273.93353271484375 
3 2425.447998046875 147.32012939453125 2519.410400390625 320.3682861328125 
3 184.88711547851562 78.95223999023438 222.74008178710938 126.67025756835938 
206
3 1721.9466552734375 19.229087829589844 1877.46728515625 275.0869140625 
3 184.21363830566406 78.16310119628906 223.0520477294922 127.94548034667969 
3 2419.10986328125 145.61819458007812 2510.107666015625 326.83544921875 
3 285.0680847167969 28.012725830078125 329.9399108886719 100.00521850585938 
207
3 1721.945068359375 18.308868408203125 1871.5477294921875 274.6045227050781 
3 2409.41357421875 142.55099487304688 2502.985595703125 340.84051513671875 
3 184.4092559814453 78.76012420654297 220.77215576171875 124.78050231933594 
208
3 1721.1744384765625 17.287460327148438 1869.0140380859375 274.14605712890625 
3 2403.740966796875 142.1342010498047 2497.666015625 333.58477783203125 
209
3 1718.5230712890625 16.559280395507812 1858.1622314453125 269.670166015625 
3 2392.905517578125 141.1737060546875 2489.516845703125 338.88946533203125 
3 2346.041748046875 140.40370178222656 2490.0400390625 337.56475830078125 
210
3 1718.6070556640625 13.156341552734375 1846.0771484375 263.3781433105469 
3 2350.732666015625 135.46755981445312 2486.62158203125 341.57745361328125 
3 183.98165893554688 78.64378356933594 222.3879852294922 126.91465759277344 
211
3 1718.330078125 13.026924133300781 1838.5860595703125 257.7890625 
3 2338.378662109375 133.57919311523438 2481.051513671875 342.7703552246094 
3 184.14404296875 78.20939636230469 222.82469177246094 126.75538635253906 
212
3 2333.39599609375 133.10865783691406 2474.88134765625 338.72882080078125 
3 1718.4337158203125 10.919937133789062 1833.5472412109375 254.8739013671875 
3 185.3760986328125 78.82852172851562 222.10885620117188 126.97413635253906 
213
3 1711.38671875 10.694931030273438 1829.23974609375 241.94467163085938 
3 2335.272216796875 130.151123046875 2470.053466796875 336.46539306640625 
3 185.90505981445312 78.0496597290039 221.78160095214844 126.07829284667969 
214
3 1702.6309814453125 7.769195556640625 1823.4539794921875 243.517822265625 
3 2335.371826171875 126.86343383789062 2466.5908203125 337.1669006347656 
3 184.60317993164062 78.51871490478516 221.9904022216797 126.77249145507812 
215
3 1695.9991455078125 7.13775634765625 1820.646728515625 246.63275146484375 
3 2336.5244140625 125.16546630859375 2462.085205078125 336.72412109375 
216
3 1684.48681640625 6.495635986328125 1815.548095703125 245.14019775390625 
3 2335.680419921875 123.32980346679688 2456.934326171875 338.35626220703125 
217
3 1669.27587890625 4.830169677734375 1810.2535400390625 243.41650390625 
3 2322.299072265625 122.18484497070312 2451.78173828125 337.38336181640625 
218
3 2331.710693359375 121.4686279296875 2444.949462890625 336.0967712402344 
3 1646.936767578125 3.0239486694335938 1810.1734619140625 244.06085205078125 
3 1648.6195068359375 3.9613189697265625 1810.07421875 243.7425537109375 
219
3 2335.697021484375 120.49371337890625 2438.450927734375 336.69317626953125 
3 1630.7808837890625 2.318023681640625 1807.6025390625 244.31744384765625 
220
3 2333.38818359375 120.06869506835938 2432.681396484375 336.9355773925781 
3 1624.5401611328125 2.91705322265625 1802.1837158203125 242.979736328125 
221
3 1622.392822265625 2.141632080078125 1798.7630615234375 243.29168701171875 
3 2328.13671875 118.9752197265625 2425.78369140625 337.169677734375 
222
3 1615.8370361328125 2.43194580078125 1792.5047607421875 243.27273559570312 
3 2329.04833984375 118.15359497070312 2417.218017578125 335.50140380859375 
223
3 2327.75927734375 117.52178955078125 2408.431884765625 334.1149597167969 
3 1621.461181640625 2.742218017578125 1787.4783935546875 242.79635620117188 
224
3 1612.946533203125 2.4685592651367188 1783.9454345703125 243.6326904296875 
3 2319.046875 117.61392211914062 2401.811279296875 333.8681640625 
225
3 1612.3603515625 2.5657958984375 1777.703857421875 242.7381591796875 
3 286.27288818359375 26.575897216796875 331.3001708984375 100.17514038085938 
3 2227.872314453125 114.63778686523438 2394.40673828125 331.27069091796875 
3 181.84109497070312 77.53024291992188 223.6331024169922 124.06594848632812 
3 2297.69287109375 114.18051147460938 2394.514892578125 330.24151611328125 
3 99.6635971069336 105.64692687988281 139.91038513183594 154.238037109375 
226
3 2295.530517578125 110.74246215820312 2386.836669921875 331.4769287109375 
3 1621.0540771484375 1.86370849609375 1772.8095703125 242.3048095703125 
3 107.24143981933594 120.15657043457031 138.85107421875 153.98056030273438 
227
3 2233.712890625 109.17948913574219 2381.289306640625 327.6777038574219 
3 1616.396484375 1.8440399169921875 1770.015869140625 241.97592163085938 
3 1620.0146484375 0.5492706298828125 1770.8184814453125 242.23495483398438 
3 107.05574035644531 120.94357299804688 138.6355438232422 154.33489990234375 
228
3 1613.676025390625 3.016448974609375 1766.497802734375 242.13067626953125 
3 2231.664306640625 106.51969909667969 2375.845947265625 325.55877685546875 
3 106.5178451538086 120.24021911621094 136.95321655273438 154.59010314941406 
229
3 2228.434326171875 105.23088073730469 2369.3955078125 319.55718994140625 
3 1611.5888671875 1.4946136474609375 1760.3974609375 243.07696533203125 
3 284.092041015625 26.58216094970703 330.4691162109375 99.78067016601562 
3 1612.7957763671875 1.51348876953125 1760.796875 242.08676147460938 
3 182.712890625 77.29653930664062 222.9189453125 124.28570556640625 
3 105.91262817382812 116.86445617675781 134.69305419921875 153.9762420654297 
230
3 2228.98388671875 102.66384887695312 2365.264892578125 315.6353759765625 
3 1612.4296875 0.2835235595703125 1760.9105224609375 242.16375732421875 
3 1618.12255859375 0.7945098876953125 1762.1370849609375 240.9715576171875 
3 286.1980285644531 26.196876525878906 330.8088073730469 99.76730346679688 
3 183.68809509277344 77.6805419921875 222.02316284179688 124.40139770507812 
3 105.62212371826172 114.43843078613281 134.68963623046875 153.74745178222656 
3 134.08921813964844 94.09390258789062 174.50357055664062 145.02835083007812 
231
3 1612.224365234375 0.0 1756.4974365234375 243.12765502929688 
3 2230.996337890625 99.03158569335938 2359.662109375 312.3227233886719 
3 184.82659912109375 77.84529876708984 222.6266326904297 124.260986328125 
3 106.15017700195312 117.95248413085938 132.27896118164062 153.75320434570312 
3 285.85162353515625 26.716800689697266 331.4625244140625 100.62417602539062 
3 134.18211364746094 95.86415100097656 172.40353393554688 145.1375732421875 
3 103.64837646484375 101.5426025390625 135.30447387695312 153.6624298095703 
232
3 2231.7373046875 96.8485107421875 2354.0634765625 310.48883056640625 
3 1613.0518798828125 0.0 1754.76953125 239.930908203125 
3 1613.1072998046875 0.0 1754.625244140625 240.00228881835938 
3 106.59977722167969 118.78233337402344 131.03196716308594 153.49891662597656 
233
3 1606.6475830078125 0.0 1754.30615234375 237.007568359375 
3 2230.31884765625 93.47067260742188 2347.81298828125 307.9345703125 
3 284.7386169433594 25.934356689453125 329.9687805175781 100.46327209472656 
3 105.29508972167969 116.38542175292969 131.282958984375 154.0197296142578 
3 133.2835693359375 97.21168518066406 171.8121795654297 145.2494354248047 
3 185.13674926757812 78.54654693603516 221.90679931640625 123.85879516601562 
234
3 2223.0703125 92.6617431640625 2341.23828125 304.9860534667969 
3 104.61797332763672 115.78326416015625 131.056640625 154.52626037597656 
3 186.55355834960938 78.71080780029297 222.02752685546875 123.28890991210938 
3 284.82073974609375 27.41122055053711 329.90936279296875 100.43048095703125 
3 1606.3470458984375 0.426300048828125 1749.8505859375 236.9725341796875 
3 1605.0426025390625 0.3123779296875 1751.678466796875 237.37673950195312 
3 133.03318786621094 97.54925537109375 170.68687438964844 145.34365844726562 
235
3 2201.772216796875 90.60989379882812 2335.0888671875 304.7770690917969 
3 105.80620574951172 115.40945434570312 130.0232391357422 154.538330078125 
3 1603.9774169921875 0.0 1746.744140625 234.73651123046875 
3 187.1019744873047 78.3596420288086 222.8272247314453 123.20135498046875 
236
3 1598.0419921875 0.0 1745.7554931640625 236.48223876953125 
3 2179.76025390625 91.49932861328125 2328.435546875 306.133056640625 
3 105.2421646118164 115.273681640625 130.19650268554688 155.1942901611328 
3 187.63893127441406 78.01235961914062 222.03811645507812 124.3428955078125 
237
3 2150.800048828125 89.94001007080078 2321.374755859375 305.70892333984375 
3 1598.877685546875 0.0 1742.2044677734375 235.61212158203125 
3 284.2640075683594 28.224205017089844 328.2188720703125 99.79945373535156 
3 105.17720031738281 115.71055603027344 129.18609619140625 154.4026641845703 
3 186.8861846923828 77.44352722167969 222.08799743652344 125.7578125 
3 97.28726959228516 100.90292358398438 129.58184814453125 155.04489135742188 
238
3 1602.1007080078125 0.0 1741.2681884765625 230.74746704101562 
3 2155.684326171875 92.74819946289062 2313.027587890625 306.521240234375 
3 92.93333435058594 100.31997680664062 128.69700622558594 155.37353515625 
3 103.23992919921875 118.29853820800781 128.73858642578125 154.616943359375 
3 185.71868896484375 78.23246002197266 221.80665588378906 125.69001770019531 
239
3 1602.5908203125 0.0 1739.63330078125 228.5322265625 
3 2224.385009765625 90.51856231689453 2306.20458984375 305.7899475097656 
3 186.68267822265625 76.36994934082031 222.33612060546875 125.3868408203125 
3 93.10025024414062 99.83627319335938 129.25767517089844 155.84535217285156 
3 103.18347930908203 119.40248107910156 129.8398895263672 155.26205444335938 
240
3 1602.783935546875 0.0 1735.8870849609375 236.05587768554688 
3 2155.302734375 89.41710662841797 2300.080078125 307.2074279785156 
3 188.02301025390625 75.86734008789062 222.33596801757812 124.92518615722656 
3 92.66944122314453 99.67286682128906 128.64450073242188 155.1817626953125 
3 103.43231964111328 119.79527282714844 129.17819213867188 154.5067901611328 
241
3 1607.016357421875 0.0 1734.748779296875 230.46939086914062 
3 2145.20556640625 89.49105072021484 2293.272705078125 304.82958984375 
3 187.46954345703125 77.15258026123047 223.10430908203125 124.14083862304688 
3 92.5909652709961 100.11117553710938 128.4245147705078 154.2821807861328 
3 103.40156555175781 117.13104248046875 128.5546875 153.7818603515625 
242
3 2132.30126953125 85.67060852050781 2285.18505859375 302.3927917480469 
3 1609.3494873046875 0.0 1733.095947265625 232.60787963867188 
3 186.75570678710938 77.35157775878906 221.9200897216797 124.67607116699219 
243
3 2126.997314453125 85.57633209228516 2279.1708984375 299.2117614746094 
3 1609.6180419921875 0.0 1730.9984130859375 228.090576171875 
3 186.8729705810547 76.76902770996094 221.56304931640625 125.20172119140625 
244
3 2129.976318359375 84.23048400878906 2274.5634765625 297.7191162109375 
3 1612.0321044921875 0.0 1730.133056640625 228.49838256835938 
3 187.3301544189453 77.33036804199219 221.88900756835938 126.47137451171875 
245
3 2132.7626953125 81.21900177001953 2269.02294921875 292.45977783203125 
3 1609.9403076171875 0.0 1730.0697021484375 236.2855224609375 
3 186.7213897705078 76.88729095458984 222.24041748046875 123.31950378417969 
246
3 2132.48388671875 77.25939178466797 2262.343994140625 285.546142578125 
3 1605.9869384765625 0.0 1730.259521484375 237.65060424804688 
247
3 2132.714599609375 72.91085815429688 2256.711181640625 284.8113708496094 
3 1605.698974609375 0.0 1730.224609375 240.119384765625 
248
3 2132.366943359375 71.8416976928711 2252.6357421875 287.3371887207031 
3 1607.625 0.0 1730.052978515625 240.8587646484375 
249
3 2132.537353515625 70.51153564453125 2247.929931640625 286.34246826171875 
3 1606.72216796875 0.0 1730.9248046875 242.0963134765625 
3 187.59909057617188 76.83350372314453 221.734375 122.81517028808594 
250
3 2130.664306640625 70.06627655029297 2241.95654296875 284.3207702636719 
3 1605.054931640625 0.0 1731.215087890625 241.92474365234375 
3 186.00450134277344 78.39569091796875 220.41360473632812 122.67402648925781 
3 131.72654724121094 93.34548950195312 174.3283233642578 140.51962280273438 
3 92.11160278320312 98.31129455566406 131.39788818359375 152.59181213378906 
251
3 2125.886962890625 69.89148712158203 2236.640869140625 284.9981689453125 
3 1605.9859619140625 0.0 1734.290283203125 241.71148681640625 
3 1607.6151123046875 0.0 1733.5987548828125 242.07418823242188 
3 187.30670166015625 78.44718933105469 220.39401245117188 123.30711364746094 
3 132.49232482910156 93.73970031738281 173.9389190673828 140.258056640625 
3 99.63604736328125 100.2945556640625 134.06092834472656 152.09205627441406 
252
3 1608.8060302734375 0.0 1734.5859375 241.79965209960938 
3 2106.89599609375 69.2944564819336 2230.14892578125 284.5751647949219 
3 188.080078125 76.96125793457031 221.18238830566406 122.8033447265625 
3 132.57850646972656 93.684326171875 174.08424377441406 140.32235717773438 
3 99.86884307861328 100.48245239257812 134.54388427734375 153.624267578125 
253
3 1609.73486328125 0.0 1736.246826171875 242.0552978515625 
3 188.00209045410156 76.78851318359375 221.22317504882812 128.8156280517578 
3 2077.800537109375 67.79554748535156 2224.012451171875 286.6596984863281 
3 1608.3726806640625 0.0 1737.1746826171875 241.5423583984375 
3 98.05838775634766 101.48130798339844 130.5910186767578 152.39646911621094 
3 132.81192016601562 93.2462158203125 174.21217346191406 141.37353515625 
254
3 2062.88427734375 65.3458251953125 2216.52099609375 286.182373046875 
3 1606.641357421875 0.0 1738.698486328125 242.342041015625 
3 1604.92138671875 0.0 1739.8162841796875 240.65982055664062 
3 184.88912963867188 78.7618408203125 219.5138397216797 123.36404418945312 
255
3 2062.388916015625 66.12882232666016 2209.921630859375 285.44677734375 
3 184.31536865234375 79.35308837890625 219.94911193847656 122.58375549316406 
256
3 1610.9237060546875 0.0 1742.248779296875 241.45068359375 
3 2056.9130859375 65.16387939453125 2204.011962890625 278.92242431640625 
257
3 1612.898193359375 0.0 1742.89013671875 241.9813232421875 
3 2050.06982421875 64.48778533935547 2196.523681640625 286.1600341796875 
3 184.04708862304688 77.40030670166016 221.39605712890625 121.57327270507812 
3 95.65748596191406 105.49761962890625 130.74668884277344 155.3543243408203 
258
3 2041.9718017578125 63.582550048828125 2188.88037109375 285.9160461425781 
3 1609.024169921875 0.0 1743.3271484375 242.264892578125 
3 184.44744873046875 76.32109832763672 221.0412139892578 123.0185546875 
259
3 1610.978759765625 0.0 1743.2462158203125 242.0823974609375 
3 2031.3448486328125 63.335655212402344 2182.862060546875 283.8890380859375 
3 184.1902313232422 76.18170928955078 221.06692504882812 122.71482849121094 
260
3 1612.093994140625 0.0 1743.476318359375 241.93649291992188 
3 2021.8306884765625 65.2544937133789 2180.46875 281.905029296875 
3 184.48667907714844 76.5510025024414 221.09426879882812 122.5546875 
261
3 1612.128173828125 0.0 1743.501708984375 241.79119873046875 
3 2025.4697265625 61.73517608642578 2177.698486328125 280.2074279785156 
3 184.2464141845703 77.45063781738281 221.84999084472656 122.44161987304688 
262
3 1607.33203125 0.0 1743.14697265625 242.01467895507812 
3 2028.623291015625 57.198570251464844 2170.953857421875 275.861328125 
3 182.94924926757812 76.43524169921875 221.44766235351562 122.29269409179688 
3 87.32413482666016 98.14579772949219 130.11575317382812 155.16139221191406 
263
3 1611.0616455078125 0.0 1742.8482666015625 242.003662109375 
3 2028.0018310546875 54.190467834472656 2159.875244140625 275.2853698730469 
3 182.98953247070312 76.00637817382812 220.1151580810547 122.68087768554688 
264
3 1612.024169921875 0.0 1743.35302734375 241.2386474609375 
3 2027.36279296875 51.99119567871094 2149.08984375 271.6213073730469 
3 184.01248168945312 76.09278869628906 220.8277587890625 122.05880737304688 
265
3 1610.81005859375 0.02091217041015625 1743.1942138671875 241.72512817382812 
3 2026.814453125 49.32684326171875 2143.497802734375 266.7549133300781 
3 183.88165283203125 77.5657958984375 220.12841796875 121.30218505859375 
266
3 1607.255859375 0.0 1742.7442626953125 241.78720092773438 
3 2026.759033203125 45.38365173339844 2137.71337890625 263.1686706542969 
267
3 1605.795654296875 0.0 1742.5054931640625 241.896728515625 
3 2027.8961181640625 44.73370361328125 2130.9921875 255.368896484375 
3 183.2294464111328 76.53507995605469 220.63478088378906 124.19680786132812 
268
3 2026.0419921875 43.900421142578125 2126.213134765625 256.5052490234375 
3 1602.252197265625 0.0 1741.325439453125 242.34463500976562 
3 1604.7867431640625 0.0 1741.8472900390625 242.334716796875 
3 183.67294311523438 75.83708190917969 220.228759765625 122.89028930664062 
269
3 1603.46728515625 0.0 1740.204345703125 243.1993408203125 
3 2011.627197265625 42.209320068359375 2120.4619140625 256.5133972167969 
270
3 1989.103759765625 41.650909423828125 2113.849365234375 254.51953125 
3 1596.4305419921875 0.0 1737.323974609375 242.59716796875 
3 1599.05859375 0.0 1738.45849609375 241.63897705078125 
3 182.32957458496094 76.50287628173828 219.78665161132812 124.6212158203125 
271
3 1969.9935302734375 41.735260009765625 2109.260498046875 255.2945556640625 
3 1589.8746337890625 0.0 1736.314697265625 242.40139770507812 
3 182.6962432861328 77.5958251953125 219.09033203125 123.94903564453125 
3 1589.6846923828125 0.0 1738.2449951171875 241.25955200195312 
272
3 1587.17333984375 0.0 1736.7470703125 241.85501098632812 
3 1975.5303955078125 40.19530487060547 2101.88671875 254.6773681640625 
3 1587.0206298828125 0.0 1738.78515625 241.59091186523438 
3 182.81837463378906 77.82374572753906 219.32913208007812 123.19207763671875 
273
3 1584.8001708984375 0.0 1733.3419189453125 242.44100952148438 
3 1945.7769775390625 39.681907653808594 2095.351318359375 255.15646362304688 
3 182.7825164794922 76.74205017089844 219.51051330566406 122.30880737304688 
274
3 1581.1778564453125 0.0 1732.10986328125 242.0899658203125 
3 1940.406494140625 39.96893310546875 2088.2822265625 255.3531494140625 
3 182.44447326660156 77.61161804199219 219.3772735595703 122.6337890625 
275
3 1581.1519775390625 0.0 1732.1571044921875 242.18045043945312 
3 1927.291259765625 40.26078796386719 2081.009033203125 255.6131591796875 
3 286.4482116699219 25.920730590820312 331.9173583984375 100.8299560546875 
276
3 1581.809814453125 0.0 1732.861328125 242.31939697265625 
3 1917.516845703125 40.249732971191406 2073.859375 255.46136474609375 
3 1583.3160400390625 0.0 1734.7210693359375 240.77597045898438 
277
3 1581.8851318359375 0.0 1738.42822265625 242.23614501953125 
3 1908.772705078125 37.990478515625 2072.31640625 254.82666015625 
3 287.0440368652344 25.362228393554688 330.15618896484375 100.33660888671875 
3 94.02615356445312 114.81317138671875 121.74281311035156 156.3675537109375 
278
3 1582.7276611328125 0.04430389404296875 1744.833984375 242.08212280273438 
3 1915.3355712890625 37.74726867675781 2070.9677734375 251.35498046875 
279
3 1921.067138671875 34.66740417480469 2069.3017578125 246.8253173828125 
3 1581.0927734375 0.0 1749.850341796875 242.0048828125 
280
3 1580.8963623046875 0.0 1754.210205078125 242.34719848632812 
3 1921.20947265625 33.91136169433594 2064.650146484375 246.0445556640625 
3 1922.088623046875 33.04524230957031 2064.046142578125 246.43829345703125 
3 183.3987579345703 77.34198760986328 220.00807189941406 122.74998474121094 
281
3 1923.2208251953125 32.99122619628906 2052.65185546875 242.71090698242188 
3 1582.3626708984375 0.0 1758.24853515625 241.94082641601562 
3 92.27015686035156 112.41001892089844 125.36590576171875 156.04429626464844 
3 183.28594970703125 77.48640441894531 220.3824005126953 122.77214050292969 
282
3 1923.4500732421875 30.72698974609375 2043.8941650390625 237.0858154296875 
3 1582.165283203125 0.0 1705.8172607421875 239.85598754882812 
283
3 1923.7462158203125 27.364830017089844 2030.6678466796875 234.8017578125 
3 1586.408447265625 0.0 1699.6170654296875 238.6881103515625 
3 183.89637756347656 76.30654907226562 221.09945678710938 127.17047119140625 
284
3 1925.455810546875 25.886795043945312 2023.4189453125 233.94699096679688 
3 1584.35888671875 0.0 1702.964599609375 238.27371215820312 
3 1582.4501953125 0.0 1769.858642578125 238.802734375 
3 184.7510223388672 77.22942352294922 221.04522705078125 126.68594360351562 
285
3 1924.36328125 24.696640014648438 2018.6610107421875 234.4072265625 
3 1584.0303955078125 0.0 1697.3935546875 238.18765258789062 
3 93.31753540039062 112.35307312011719 131.2230224609375 156.06700134277344 
286
3 1922.021240234375 22.70191192626953 2012.2598876953125 234.927001953125 
3 1588.3028564453125 0.0 1693.963623046875 236.15570068359375 
3 181.74591064453125 77.58729553222656 220.474365234375 129.54025268554688 
287
3 1910.556640625 21.94292449951172 2007.201416015625 234.833251953125 
3 1587.061767578125 0.0 1692.5150146484375 234.39581298828125 
3 182.12081909179688 78.13414001464844 219.15487670898438 126.9742431640625 
288
3 1888.211181640625 22.72882080078125 2001.2265625 235.536376953125 
3 1572.68701171875 0.0005340576171875 1689.8070068359375 234.7210693359375 
289
3 1866.4287109375 21.61028289794922 1994.356689453125 236.542724609375 
3 1570.611328125 0.0 1687.5863037109375 231.31658935546875 
290
3 1862.6005859375 21.355972290039062 1987.3143310546875 235.21420288085938 
3 1587.873291015625 0.0 1685.8946533203125 230.05154418945312 
291
3 1858.2642822265625 21.583717346191406 1981.969970703125 234.40817260742188 
3 1588.989013671875 0.08061981201171875 1684.0128173828125 228.50906372070312 
3 182.24163818359375 77.16596984863281 219.0391082763672 124.9869384765625 
292
3 1838.0064697265625 21.786598205566406 1975.922607421875 234.6524658203125 
3 1577.6248779296875 0.0 1683.7320556640625 231.0101318359375 
3 182.56137084960938 78.88123321533203 218.15850830078125 125.4676513671875 
3 93.60353088378906 109.95680236816406 133.08395385742188 153.68006896972656 
293
3 1841.0509033203125 21.860244750976562 1973.11962890625 235.36282348632812 
3 1583.8179931640625 0.0 1684.3623046875 230.397705078125 
3 94.8362045288086 111.42218017578125 124.35130310058594 155.36097717285156 
294
3 1592.7283935546875 0.0 1683.5230712890625 228.20993041992188 
3 1867.3680419921875 20.7784423828125 1972.3709716796875 233.55081176757812 
3 93.19203186035156 111.64067077636719 121.7782211303711 155.14500427246094 
3 181.42010498046875 77.97669219970703 216.64036560058594 124.19569396972656 
295
3 1827.50341796875 18.01952362060547 1970.22216796875 232.71343994140625 
3 1593.2921142578125 0.188690185546875 1682.660888671875 226.00772094726562 
3 93.82014465332031 111.13032531738281 123.74823760986328 155.04087829589844 
3 181.80442810058594 78.59123229980469 216.52220153808594 124.23532104492188 
296
3 1825.0015869140625 17.29601287841797 1967.1087646484375 230.33917236328125 
3 1589.060791015625 0.309326171875 1683.6973876953125 229.89642333984375 
3 94.60222625732422 110.81565856933594 124.1624755859375 155.88613891601562 
297
3 1827.431396484375 15.026382446289062 1964.929931640625 229.67218017578125 
3 1591.4857177734375 0.49649810791015625 1684.9644775390625 228.7664794921875 
3 1680.5474853515625 21.458393096923828 1734.75048828125 72.76380920410156 
298
3 1824.8228759765625 12.274909973144531 1958.2635498046875 226.66815185546875 
3 1593.0595703125 1.0650711059570312 1684.3262939453125 227.6806640625 
3 1679.872314453125 19.081493377685547 1732.9229736328125 72.97845458984375 
3 90.74220275878906 109.712158203125 120.72350311279297 156.42236328125 
299
3 1826.38671875 9.6954345703125 1944.4229736328125 221.9107666015625 
3 1595.00244140625 0.4463348388671875 1683.8302001953125 223.55938720703125 
3 91.30497741699219 110.0255126953125 121.6655044555664 157.23753356933594 
3 1680.8265380859375 18.57183837890625 1731.923583984375 73.08768463134766 
300
3 1825.845947265625 9.96142578125 1936.04052734375 218.51193237304688 
3 1592.4195556640625 0.4365692138671875 1684.54248046875 227.50381469726562 
3 1680.1890869140625 22.707866668701172 1735.1649169921875 104.31851196289062 
3 92.25850677490234 111.52310180664062 121.88436889648438 157.518310546875 
301
3 1826.12939453125 6.5040283203125 1922.164306640625 213.3557891845703 
3 1589.04296875 0.0 1686.275390625 227.28170776367188 
3 1682.2608642578125 22.131195068359375 1734.2010498046875 104.07171630859375 
3 93.57515716552734 111.12489318847656 121.89892578125 157.38104248046875 
302
3 1826.368896484375 4.700447082519531 1915.6993408203125 211.4449462890625 
3 1591.3077392578125 0.0 1688.5994873046875 219.697509765625 
3 1683.415283203125 24.842872619628906 1733.403076171875 101.18815612792969 
3 88.89694213867188 108.89286804199219 119.67537689208984 157.3103790283203 
303
3 1825.7763671875 3.97760009765625 1911.376708984375 208.33384704589844 
3 1589.4276123046875 0.0 1688.5323486328125 221.34512329101562 
3 1683.3822021484375 26.623435974121094 1735.405029296875 103.38749694824219 
3 89.06575012207031 109.2691650390625 119.82902526855469 157.83047485351562 
304
3 1585.554931640625 0.0 1691.451171875 224.72930908203125 
3 1822.2962646484375 3.5725173950195312 1904.7706298828125 209.54446411132812 
3 89.21847534179688 108.77333068847656 120.56594848632812 157.4373779296875 
305
3 1583.9012451171875 0.0 1690.1380615234375 224.64337158203125 
3 1811.5382080078125 2.1134262084960938 1899.5054931640625 207.63531494140625 
3 92.1158447265625 110.17477416992188 121.03250122070312 157.0537872314453 
3 1683.4852294921875 27.307701110839844 1735.4359130859375 103.36158752441406 
306
3 1793.0965576171875 2.3288955688476562 1894.5767822265625 206.7008819580078 
3 1586.357177734375 0.0 1691.139892578125 218.34849548339844 
3 88.33323669433594 107.56582641601562 118.8556900024414 157.07383728027344 
307
3 1580.10888671875 0.0 1691.5931396484375 221.27294921875 
3 1770.9912109375 1.1201095581054688 1889.171142578125 206.33132934570312 
3 91.02290344238281 110.56546020507812 120.00463104248047 156.9889678955078 
308
3 1583.993408203125 0.0 1691.424072265625 219.74880981445312 
3 1759.8046875 2.1754684448242188 1884.34912109375 206.20443725585938 
3 92.79851531982422 112.67304992675781 121.34796142578125 157.0097198486328 
309
3 1582.2139892578125 0.0 1691.104248046875 219.99636840820312 
3 1762.6942138671875 3.6256484985351562 1878.529541015625 207.72305297851562 
3 93.50878143310547 112.66650390625 121.43852996826172 156.68289184570312 
310
3 1583.592041015625 0.0 1689.286865234375 218.7323455810547 
3 1745.0377197265625 2.5302886962890625 1873.953857421875 207.91921997070312 
311
3 1580.399169921875 0.0 1689.25390625 219.06884765625 
3 1748.7008056640625 3.3360671997070312 1873.60546875 208.12698364257812 
312
3 1580.17431640625 0.0 1685.0849609375 219.3144073486328 
3 1739.2208251953125 3.694122314453125 1873.596923828125 207.28213500976562 
313
3 1733.8740234375 3.185211181640625 1872.6219482421875 204.2832489013672 
3 1579.8089599609375 0.0 1681.5018310546875 221.215087890625 
314
3 1579.13232421875 0.3339996337890625 1679.7025146484375 221.03155517578125 
3 1727.4986572265625 1.6609420776367188 1871.499755859375 203.08815002441406 
315
3 1579.5723876953125 0.0 1678.6756591796875 221.18972778320312 
3 1726.44775390625 0.19775390625 1869.028564453125 201.18136596679688 
316
3 1728.7205810546875 0.0 1860.1610107421875 198.93951416015625 
3 1579.34326171875 0.04235076904296875 1684.3614501953125 222.16729736328125 
317
3 1728.8182373046875 0.0 1854.69091796875 194.83192443847656 
3 1579.4822998046875 0.0 1674.926025390625 221.44427490234375 
318
3 1731.554931640625 0.0 1837.653076171875 190.9222412109375 
3 1579.1612548828125 0.0 1672.7059326171875 220.74618530273438 
319
3 1730.58349609375 0.0 1828.0943603515625 189.64254760742188 
3 1577.77392578125 0.0 1671.2955322265625 220.693115234375 
320
3 1730.5263671875 0.0 1819.7147216796875 191.35997009277344 
3 1577.275634765625 0.0 1666.8106689453125 220.88665771484375 
321
3 1731.11669921875 0.0 1815.9727783203125 190.46786499023438 
3 1575.3656005859375 0.05771636962890625 1663.70947265625 222.59039306640625 
322
3 1730.9056396484375 0.0 1811.328369140625 189.74212646484375 
3 1569.560302734375 0.0 1660.344970703125 219.9280548095703 
323
3 1729.9974365234375 0.0 1807.655029296875 190.3821563720703 
3 1566.9776611328125 0.233184814453125 1659.7398681640625 217.4649658203125 
324
3 1565.599853515625 0.8175125122070312 1659.8172607421875 216.4827880859375 
3 1727.524658203125 0.0 1804.4383544921875 191.45425415039062 
325
3 1565.55859375 0.7064743041992188 1659.9114990234375 212.4326171875 
3 1725.295654296875 0.666748046875 1801.890625 190.48419189453125 
326
3 1563.3673095703125 0.07994842529296875 1655.456298828125 209.900146484375 
3 1723.9249267578125 0.03472137451171875 1797.1549072265625 189.5738525390625 
3 1688.781494140625 0.0 1797.228515625 190.44415283203125 
327
3 1685.380615234375 0.0 1794.33251953125 191.22337341308594 
3 1563.1678466796875 0.0 1649.1533203125 208.65145874023438 
328
3 1681.485107421875 0.41298675537109375 1791.04052734375 190.73751831054688 
3 1552.930908203125 0.0 1637.86376953125 207.97998046875 
329
3 1552.7183837890625 0.0 1631.4522705078125 205.16244506835938 
3 1721.876953125 2.6804275512695312 1786.60693359375 189.9579315185547 
330
3 1677.77197265625 0.1322174072265625 1782.0234375 189.75714111328125 
3 1551.376220703125 0.0 1625.0352783203125 200.3817901611328 
331
3 1548.59716796875 0.0 1624.11474609375 204.1082763671875 
3 1670.663330078125 0.0 1778.3883056640625 190.14781188964844 
332
3 1667.760986328125 0.887420654296875 1776.25 190.2550048828125 
3 1542.3603515625 0.0 1620.69580078125 208.73727416992188 
333
3 1537.7137451171875 0.0 1616.693115234375 207.73141479492188 
3 1701.955078125 0.0 1775.1075439453125 190.8680419921875 
334
3 1528.613037109375 0.0 1623.607177734375 205.94366455078125 
3 1649.1536865234375 0.0 1776.5679931640625 191.35348510742188 
3 1516.2783203125 0.0 1622.7138671875 207.22544860839844 
3 1695.8349609375 0.0 1774.47314453125 188.53024291992188 
335
3 1654.3751220703125 0.30673980712890625 1773.9200439453125 188.1048583984375 
3 1510.55615234375 0.0 1616.0426025390625 210.33486938476562 
336
3 1657.8121337890625 0.0 1771.4716796875 189.2625274658203 
3 1527.194091796875 0.06549072265625 1618.5394287109375 207.46127319335938 
337
3 1658.5445556640625 0.0 1768.9112548828125 186.2316131591797 
3 1506.7774658203125 0.0 1602.0543212890625 200.98782348632812 
338
3 1656.88720703125 0.0 1765.4456787109375 186.5937957763672 
3 1511.468505859375 0.0 1601.860595703125 192.7238311767578 
3 1520.452392578125 0.0 1617.4478759765625 193.84243774414062 
339
3 1650.00537109375 0.0 1759.5211181640625 185.58737182617188 
3 1490.9342041015625 0.0 1598.1856689453125 197.55706787109375 
340
3 1488.35888671875 0.1862335205078125 1619.985595703125 204.97103881835938 
3 1646.31982421875 0.0759735107421875 1753.3026123046875 184.39564514160156 
341
3 1645.96875 0.0 1754.7574462890625 179.68106079101562 
3 1479.8331298828125 0.0 1621.47021484375 193.28005981445312 
342
3 1647.630859375 0.0 1741.691650390625 175.69644165039062 
3 1481.027099609375 0.0 1588.2861328125 186.04644775390625 
3 1479.665771484375 0.0 1597.113525390625 186.79629516601562 
343
3 1655.622314453125 0.0 1735.1575927734375 172.37852478027344 
3 1478.2139892578125 0.0 1602.2047119140625 181.23252868652344 
344
3 1655.6085205078125 0.0 1728.65673828125 170.16229248046875 
3 1497.648681640625 0.0 1590.2635498046875 180.86363220214844 
345
3 1478.8629150390625 0.0 1591.4351806640625 180.82379150390625 
3 1652.852294921875 0.0 1725.261962890625 164.7853546142578 
3 1640.1605224609375 0.0618438720703125 1725.322998046875 167.16775512695312 
346
3 1642.97998046875 0.5657196044921875 1720.229736328125 163.27523803710938 
3 1476.3724365234375 0.0 1576.149169921875 186.0701904296875 
347
3 1640.2884521484375 0.44066619873046875 1717.8709716796875 165.8748779296875 
3 1478.1893310546875 0.0 1569.6683349609375 184.41964721679688 
348
3 1637.828369140625 0.0 1714.8948974609375 163.41787719726562 
3 1477.960205078125 0.0 1564.4326171875 184.60781860351562 
349
3 1634.7427978515625 0.1312255859375 1712.2850341796875 159.6221923828125 
3 1475.6025390625 0.9671478271484375 1561.8497314453125 182.55409240722656 
350
3 1472.0125732421875 0.527252197265625 1559.82666015625 177.8695068359375 
3 1623.4937744140625 0.440216064453125 1708.2398681640625 159.22640991210938 
351
3 1467.2945556640625 0.3184814453125 1558.6734619140625 179.4976806640625 
3 1630.114501953125 0.0 1706.1431884765625 160.8272247314453 
352
3 1460.178955078125 0.286102294921875 1557.51220703125 178.50299072265625 
3 1626.403076171875 0.0 1704.173583984375 160.70455932617188 
353
3 1614.4422607421875 0.0 1699.3492431640625 160.42440795898438 
3 1444.668212890625 0.764556884765625 1549.75341796875 179.18431091308594 
354
3 1593.859619140625 0.115020751953125 1696.2335205078125 160.16650390625 
3 1435.341552734375 0.0 1546.8509521484375 178.52027893066406 
355
3 1593.208984375 0.30020904541015625 1692.661376953125 160.43136596679688 
3 1439.306640625 0.0 1544.9844970703125 182.3603973388672 
356
3 1592.76318359375 0.172119140625 1690.20068359375 160.64422607421875 
3 1434.18310546875 0.0 1543.8819580078125 182.20651245117188 
357
3 1591.6405029296875 0.3830718994140625 1689.9444580078125 160.33560180664062 
3 1434.1629638671875 0.8994674682617188 1543.6378173828125 178.3600616455078 
358
3 1593.9979248046875 0.0 1690.2052001953125 160.26585388183594 
3 1424.2083740234375 0.20667266845703125 1543.3056640625 177.82276916503906 
359
3 1410.1490478515625 0.0 1542.096435546875 177.083251953125 
3 1591.4910888671875 0.0 1689.598876953125 159.8601531982422 
360
3 1411.425048828125 0.0 1538.769775390625 176.4671173095703 
3 1590.0736083984375 0.0 1689.8179931640625 160.7168426513672 
361
3 1411.5380859375 0.0 1534.97509765625 172.08370971679688 
3 1589.360107421875 0.0 1689.8057861328125 158.57351684570312 
362
3 1415.2257080078125 0.0 1529.2960205078125 169.91705322265625 
3 1589.1881103515625 0.0 1687.7593994140625 153.74884033203125 
363
3 1409.8348388671875 0.25957489013671875 1518.3677978515625 167.0894775390625 
3 1588.401123046875 0.0 1683.74853515625 150.45753479003906 
364
3 1584.9805908203125 0.0 1681.2081298828125 149.96780395507812 
3 1409.3685302734375 0.7627105712890625 1506.87451171875 165.57028198242188 
365
3 1401.193603515625 0.0047149658203125 1497.212890625 164.90335083007812 
3 1571.606689453125 0.214263916015625 1673.0853271484375 146.21649169921875 
366
3 1569.6007080078125 0.0949249267578125 1669.1796875 144.84872436523438 
3 1394.4537353515625 0.0 1484.4896240234375 164.66876220703125 
367
3 1568.64892578125 0.0 1661.5323486328125 142.96336364746094 
3 1381.3153076171875 0.14354705810546875 1480.9505615234375 166.38833618164062 
368
3 1377.7945556640625 0.8643646240234375 1478.19091796875 166.08074951171875 
3 1569.702880859375 0.03495025634765625 1648.3616943359375 141.8655548095703 
369
3 1377.545654296875 1.2820968627929688 1476.3319091796875 164.65879821777344 
3 1564.9854736328125 0.410003662109375 1640.9398193359375 142.2971954345703 
370
3 1374.103271484375 0.7592086791992188 1477.66015625 164.46751403808594 
3 1556.0159912109375 0.4898223876953125 1628.6768798828125 139.46133422851562 
371
3 1367.9620361328125 0.475616455078125 1474.8560791015625 165.36813354492188 
3 1545.3321533203125 0.186920166015625 1621.64501953125 141.3424530029297 
372
3 1364.06298828125 0.6710052490234375 1475.3387451171875 165.98133850097656 
3 1541.1326904296875 0.1808013916015625 1618.3756103515625 143.21864318847656 
373
3 1537.3203125 0.118133544921875 1614.194091796875 143.47450256347656 
3 1380.4849853515625 0.34246826171875 1466.6026611328125 163.5855255126953 
374
3 1377.0050048828125 0.0 1467.1009521484375 162.60140991210938 
3 1534.0914306640625 0.32253265380859375 1608.7769775390625 143.66551208496094 
375
3 1376.0029296875 0.2002105712890625 1463.5079345703125 162.3597412109375 
3 1533.697509765625 0.0 1605.977294921875 144.0521697998047 
376
3 1374.75830078125 0.0522613525390625 1457.0257568359375 163.2168426513672 
3 1528.301025390625 0.47013092041015625 1605.5606689453125 143.45281982421875 
377
3 1345.63818359375 0.0 1454.9296875 157.24649047851562 
3 1515.1990966796875 0.25945281982421875 1606.4339599609375 142.39956665039062 
378
3 1346.86572265625 0.0 1451.38623046875 155.5946044921875 
3 1508.3466796875 0.3356475830078125 1606.41357421875 141.7897491455078 
379
3 1346.0167236328125 0.0 1446.5758056640625 155.77964782714844 
3 1503.5054931640625 0.731903076171875 1606.014404296875 142.07632446289062 
380
3 1348.4888916015625 0.00164794921875 1441.9124755859375 150.82119750976562 
3 1497.9747314453125 0.1337432861328125 1605.02490234375 142.71011352539062 
381
3 1341.6458740234375 0.0 1438.390380859375 151.3402099609375 
3 1495.34765625 0.22974395751953125 1606.350341796875 141.9801483154297 
382
3 1344.2724609375 0.0 1433.5565185546875 145.77767944335938 
3 1495.513427734375 0.477386474609375 1570.8558349609375 135.7781219482422 
383
3 1342.2904052734375 0.0 1430.4053955078125 138.85328674316406 
3 1498.4176025390625 0.152008056640625 1567.10400390625 134.56179809570312 
384
3 1336.12158203125 0.0 1426.40234375 137.90994262695312 
3 1500.854736328125 0.0395965576171875 1564.971923828125 124.718505859375 
385
3 1335.678955078125 0.0 1425.911376953125 144.57870483398438 
3 1495.443115234375 0.12009429931640625 1561.5283203125 132.59719848632812 
386
3 1334.27783203125 0.0 1425.5316162109375 144.22866821289062 
3 1492.771484375 0.0 1558.416748046875 130.37411499023438 
387
3 1331.90087890625 0.0 1421.7724609375 142.03482055664062 
3 1487.1898193359375 0.24250030517578125 1555.55126953125 133.9541015625 
388
3 1482.72119140625 0.30771636962890625 1551.41357421875 134.0821533203125 
3 1326.7025146484375 0.0 1417.656005859375 144.77923583984375 
389
3 1481.0567626953125 0.137237548828125 1548.2191162109375 133.5539093017578 
3 1325.0361328125 0.0 1413.5166015625 144.20867919921875 
390
3 1472.4066162109375 0.6979446411132812 1545.2783203125 133.31219482421875 
3 1313.5672607421875 0.0 1408.7999267578125 143.39508056640625 
391
3 1469.4609375 0.1850128173828125 1541.22802734375 134.9805145263672 
3 1308.1263427734375 0.0 1403.7843017578125 142.24929809570312 
392
3 1309.8736572265625 0.0 1402.40966796875 142.1213836669922 
3 1458.3338623046875 0.0 1536.400390625 134.90316772460938 
393
3 1443.3453369140625 0.24427032470703125 1533.111328125 134.79678344726562 
3 1303.753662109375 0.04750823974609375 1402.33740234375 139.57229614257812 
394
3 1438.433349609375 0.67236328125 1530.73095703125 134.03488159179688 
3 1309.6246337890625 0.0 1401.3038330078125 137.2570343017578 
395
3 1434.3157958984375 0.150360107421875 1530.8485107421875 135.8002471923828 
3 1306.3609619140625 0.0 1400.55029296875 138.33462524414062 
396
3 1429.849853515625 0.4308319091796875 1529.627685546875 136.71995544433594 
3 1301.8787841796875 0.0 1400.090576171875 135.4387969970703 
397
3 1300.4462890625 0.0 1399.036865234375 135.98785400390625 
3 1424.7872314453125 0.1128387451171875 1529.9813232421875 134.32937622070312 
398
3 1423.76318359375 0.0720367431640625 1528.947021484375 133.69808959960938 
3 1299.03271484375 0.0 1397.277587890625 138.1234893798828 
399
3 1294.142333984375 0.0 1396.3182373046875 135.04238891601562 
3 1423.3612060546875 0.23248291015625 1528.082763671875 132.45016479492188 
400
3 1289.9796142578125 0.0 1394.1756591796875 132.90208435058594 
3 1422.0966796875 0.408233642578125 1527.679931640625 130.16204833984375 
401
3 1421.7410888671875 0.5954437255859375 1519.1585693359375 127.01109313964844 
3 1283.101318359375 0.0 1386.541259765625 130.8430633544922 
402
3 1421.4620361328125 0.6684951782226562 1513.64990234375 126.60298156738281 
3 1280.5279541015625 0.0 1379.559814453125 128.82211303710938 
403
3 1418.3245849609375 0.4234161376953125 1505.5648193359375 123.63706970214844 
3 1272.120361328125 0.0 1372.3707275390625 127.7510986328125 
404
3 1268.1583251953125 0.0 1366.5858154296875 128.96676635742188 
3 1417.96435546875 0.6025238037109375 1497.21240234375 122.15280151367188 
405
3 1415.46337890625 0.0 1487.2960205078125 121.57272338867188 
3 1262.695556640625 0.0 1361.529296875 125.06852722167969 
406
3 1410.8504638671875 0.0 1478.6689453125 121.34318542480469 
3 1283.870361328125 1.227874755859375 1353.7705078125 123.78315734863281 
3 1263.124755859375 0.3247833251953125 1353.5382080078125 125.709228515625 
407
3 1408.2076416015625 0.0 1474.30615234375 121.83152770996094 
3 1271.783203125 0.0 1347.073974609375 126.43756103515625 
408
3 1405.190673828125 0.17279052734375 1469.848388671875 122.64399719238281 
3 1279.786865234375 0.0 1345.037841796875 127.29620361328125 
409
3 1400.042724609375 0.0 1467.7864990234375 122.21717834472656 
3 1278.31982421875 0.0 1342.5078125 124.25323486328125 
410
3 1397.472412109375 0.0 1465.236083984375 122.04780578613281 
3 1271.8502197265625 0.0 1340.4595947265625 123.90054321289062 
411
3 1395.8074951171875 0.0 1460.847900390625 122.49517822265625 
3 1272.2691650390625 0.0 1339.22216796875 126.90641784667969 
412
3 1389.9942626953125 0.0069122314453125 1458.9991455078125 121.89653015136719 
3 1271.5545654296875 0.0 1338.8829345703125 127.13455200195312 
413
3 1375.8865966796875 0.0 1456.955078125 122.57272338867188 
3 1271.488525390625 0.0 1338.5240478515625 127.76567077636719 
414
3 1375.518798828125 0.0 1456.898193359375 122.66673278808594 
3 1269.245849609375 0.0 1334.688720703125 125.24659729003906 
415
3 1372.28125 0.0 1455.9339599609375 122.85598754882812 
3 1267.533935546875 0.0 1331.905029296875 122.4815673828125 
416
3 1377.8533935546875 0.0 1456.1617431640625 122.06393432617188 
3 1264.8426513671875 0.0 1335.6353759765625 124.79776000976562 
417
3 1370.02001953125 0.0 1452.0286865234375 120.30780029296875 
3 1259.10986328125 0.0 1334.462646484375 125.63908386230469 
418
3 1367.9317626953125 0.31604766845703125 1445.34033203125 119.00889587402344 
3 1257.603759765625 0.0 1334.231689453125 124.23355102539062 
419
3 1367.3953857421875 0.5527725219726562 1444.6966552734375 119.98527526855469 
3 1251.2032470703125 0.0 1333.403076171875 126.30868530273438 
420
3 1365.7032470703125 0.0 1434.801025390625 116.01885986328125 
3 1255.6959228515625 0.0 1327.179931640625 124.25382995605469 
421
3 1363.2313232421875 0.0 1429.9715576171875 114.15577697753906 
3 1239.8685302734375 0.0 1328.4814453125 124.3394775390625 
422
3 1356.331298828125 0.0 1426.1904296875 110.861083984375 
3 1239.696044921875 0.0 1322.6153564453125 124.93327331542969 
423
3 1354.1505126953125 0.0 1423.2686767578125 109.65806579589844 
3 1239.115234375 0.0 1322.3280029296875 127.23594665527344 
424
3 1350.6800537109375 0.0 1422.108154296875 108.421630859375 
3 1230.2666015625 0.0 1313.908935546875 123.33723449707031 
425
3 1349.125732421875 0.0 1418.912109375 108.88652038574219 
3 1229.0535888671875 0.0 1307.0479736328125 123.27729797363281 
426
3 1346.6722412109375 0.0 1418.748779296875 107.94775390625 
3 1230.2205810546875 0.0 1305.5709228515625 121.17240905761719 
427
3 1342.5557861328125 0.0 1415.365478515625 107.37748718261719 
3 1228.473876953125 0.0 1304.1353759765625 122.69071960449219 
428
3 1228.0184326171875 0.0 1304.883056640625 123.52171325683594 
3 1336.83935546875 0.378204345703125 1410.092041015625 107.83966064453125 
429
3 1327.0311279296875 0.0 1406.8140869140625 106.19937133789062 
3 1225.8455810546875 0.0 1303.6134033203125 123.1282958984375 
430
3 1224.1317138671875 0.0 1302.5347900390625 123.91627502441406 
3 1322.7799072265625 0.0 1404.934814453125 106.12355041503906 
431
3 1212.428466796875 0.0 1303.2728271484375 124.66705322265625 
3 1319.4473876953125 0.0 1402.438232421875 107.78659057617188 
432
3 1309.0152587890625 0.0 1400.9910888671875 106.36822509765625 
3 1205.696044921875 0.0370025634765625 1303.2105712890625 124.37445068359375 
433
3 1310.4786376953125 0.0 1400.4566650390625 106.75961303710938 
3 1212.2099609375 0.0 1302.1873779296875 124.25390625 
434
3 1308.957275390625 0.0 1399.8690185546875 107.00576782226562 
3 1204.0242919921875 0.0479736328125 1301.8427734375 124.48562622070312 
435
3 1308.3223876953125 0.29618072509765625 1400.00732421875 107.27543640136719 
3 1200.922607421875 0.45069122314453125 1300.898193359375 124.34744262695312 
436
3 1201.4202880859375 0.0 1300.39697265625 122.82585144042969 
3 1309.00927734375 0.0 1400.74853515625 106.94273376464844 
437
3 1197.9208984375 0.0 1296.766845703125 119.03207397460938 
3 1307.626220703125 0.0 1395.8323974609375 105.16583251953125 
438
3 1190.8226318359375 0.0 1292.9879150390625 119.13430786132812 
3 1305.6097412109375 0.0 1393.364013671875 103.33184814453125 
439
3 1185.2593994140625 0.0 1290.0869140625 116.65023803710938 
3 1303.625732421875 0.0 1388.02587890625 103.12924194335938 
440
3 1300.6634521484375 0.0 1382.5731201171875 100.77339172363281 
3 1177.4410400390625 0.0 1281.2027587890625 114.46931457519531 
441
3 1299.4635009765625 0.0 1375.2740478515625 98.56436157226562 
3 1171.2237548828125 0.0 1272.87109375 114.02145385742188 
442
3 1296.18408203125 0.0 1369.8624267578125 98.36741638183594 
3 1190.516845703125 0.0 1265.0120849609375 112.69184875488281 
443
3 1293.5196533203125 0.0 1362.3316650390625 97.81210327148438 
3 1190.5938720703125 0.13965606689453125 1257.911865234375 112.46755981445312 
444
3 1186.237060546875 0.0 1249.81103515625 112.0819091796875 
3 1291.88037109375 0.0 1360.1795654296875 96.37686157226562 
445
3 1288.067626953125 0.0 1355.2938232421875 97.848388671875 
3 1181.466552734375 0.0 1248.316162109375 114.30520629882812 
446
3 1286.2603759765625 0.0 1353.42529296875 98.07330322265625 
3 1178.4927978515625 0.0 1247.05029296875 114.33657836914062 
447
3 1283.63427734375 0.0 1352.105224609375 97.93106079101562 
3 1175.96142578125 0.0 1240.724365234375 114.108154296875 
448
3 1174.6710205078125 0.0 1240.2386474609375 114.62818908691406 
3 1283.40478515625 0.0 1350.58544921875 97.35086059570312 
3 1235.951171875 0.0 1292.6658935546875 86.44136047363281 
449
3 1280.1998291015625 0.16207122802734375 1346.2894287109375 98.11720275878906 
3 1171.52783203125 0.0 1238.5362548828125 115.29753112792969 
450
3 1168.1007080078125 0.0 1236.8055419921875 114.79081726074219 
3 1279.3255615234375 0.2316741943359375 1344.07958984375 97.5760498046875 
3 1233.927978515625 0.0 1286.143798828125 84.97467041015625 
451
3 1164.9410400390625 0.0 1236.3909912109375 113.89285278320312 
3 1273.151123046875 0.28855133056640625 1341.3162841796875 98.05377197265625 
452
3 1162.815673828125 0.0 1236.34033203125 114.34017944335938 
3 1271.4495849609375 0.0 1340.0941162109375 97.13394165039062 
3 284.5669250488281 28.20478057861328 330.4914855957031 99.74107360839844 
453
3 1160.258056640625 0.0 1234.4425048828125 114.30262756347656 
3 1267.44580078125 0.0 1339.06982421875 98.99993896484375 
3 284.26971435546875 27.750843048095703 330.68023681640625 99.80441284179688 
454
3 1158.5867919921875 0.0 1232.3968505859375 113.16482543945312 
3 1266.6988525390625 0.0 1339.2166748046875 99.12799072265625 
455
3 1263.8353271484375 0.0 1336.91259765625 99.40141296386719 
3 1155.449462890625 0.0 1229.8382568359375 113.05221557617188 
456
3 1262.7652587890625 0.0 1332.4427490234375 98.25933837890625 
3 1152.4317626953125 0.0 1223.25390625 111.71821594238281 
457
3 1258.2066650390625 0.0 1329.083740234375 95.95150756835938 
3 1129.3106689453125 0.0 1221.8687744140625 106.94528198242188 
458
3 1126.67529296875 0.0 1218.1585693359375 105.39643859863281 
3 1253.623046875 0.0 1326.09716796875 94.9146728515625 
459
3 1253.307861328125 0.0 1323.7452392578125 94.36614990234375 
3 1125.5751953125 0.0 1211.0487060546875 106.33761596679688 
460
3 1252.490478515625 0.0 1321.4722900390625 90.99923706054688 
3 1130.330322265625 0.0 1206.5401611328125 102.88175964355469 
461
3 1250.1400146484375 0.0 1319.772216796875 89.92933654785156 
3 1124.789306640625 0.0 1203.73193359375 103.979248046875 
462
3 1123.0748291015625 0.0 1200.5716552734375 104.73175048828125 
3 1247.885009765625 0.0 1317.36572265625 88.7640380859375 
463
3 1122.3834228515625 0.0 1196.9349365234375 103.14079284667969 
3 1244.4586181640625 0.0 1312.6181640625 89.5094985961914 
464
3 1122.53173828125 0.010318756103515625 1195.7662353515625 102.62696838378906 
3 1242.700927734375 0.0 1310.9512939453125 89.00342559814453 
465
3 1121.2886962890625 0.0 1194.991455078125 103.00164794921875 
3 1241.1463623046875 0.0 1308.0550537109375 87.28327941894531 
466
3 1112.93408203125 0.25206756591796875 1193.8348388671875 102.50437927246094 
3 1237.4007568359375 0.0 1307.0693359375 87.20744323730469 
467
3 1235.509521484375 0.0 1305.82421875 87.82319641113281 
3 1114.6485595703125 0.117767333984375 1193.70166015625 102.65615844726562 
468
3 1106.5418701171875 0.071807861328125 1194.631103515625 102.8050537109375 
3 1229.5693359375 0.0 1304.2945556640625 88.04219055175781 
469
3 1104.292236328125 0.0 1194.3505859375 102.7476806640625 
3 1224.4951171875 0.0 1300.01708984375 85.64822387695312 
470
3 1103.7415771484375 0.0 1194.1524658203125 102.63969421386719 
3 1218.8680419921875 0.0 1297.92724609375 86.1021957397461 
471
3 1103.2705078125 0.005096435546875 1192.84228515625 101.65046691894531 
3 1219.9146728515625 0.0 1296.84326171875 86.24910736083984 
472
3 1101.276611328125 0.16501617431640625 1189.115478515625 100.4971923828125 
3 1218.30224609375 0.0 1296.1680908203125 86.76994323730469 
473
3 1097.016357421875 0.4393043518066406 1187.2845458984375 100.02523803710938 
3 1217.05126953125 0.0 1297.154296875 86.39057159423828 
474
3 1092.7783203125 0.23968505859375 1184.7364501953125 99.08953857421875 
3 1215.8643798828125 0.0 1294.8345947265625 86.40678405761719 
475
3 1087.7369384765625 0.5115242004394531 1177.00927734375 98.08351135253906 
3 1214.4300537109375 0.0 1293.3741455078125 86.54986572265625 
476
3 1084.43408203125 0.4030265808105469 1169.48779296875 98.45964050292969 
3 1210.6614990234375 0.0 1290.323974609375 86.72074890136719 
3 284.7633361816406 28.585861206054688 330.2261962890625 100.00283813476562 
477
3 1078.8802490234375 0.22991943359375 1162.7093505859375 98.359130859375 
3 1206.57568359375 0.0 1288.2198486328125 85.17768096923828 
478
3 1203.873291015625 0.0 1285.556884765625 83.66339111328125 
3 1077.311767578125 0.555572509765625 1156.6929931640625 98.48139953613281 
479
3 1203.542236328125 0.0 1279.93017578125 81.908203125 
3 1086.004638671875 0.5244178771972656 1150.853271484375 98.36332702636719 
3 1086.3038330078125 0.5364723205566406 1151.6357421875 97.84494018554688 
480
3 1201.6773681640625 0.0 1274.009765625 82.14860534667969 
3 1085.072998046875 0.5941505432128906 1147.70703125 98.66542053222656 
481
3 1082.4696044921875 1.1649971008300781 1139.676025390625 98.86801147460938 
3 1198.9835205078125 0.0 1267.4906005859375 81.71894073486328 
482
3 1079.4853515625 0.4421043395996094 1140.6375732421875 98.87452697753906 
3 1197.8685302734375 0.0 1265.48046875 80.67268371582031 
483
3 1194.49462890625 0.0 1259.4989013671875 81.33673095703125 
3 1077.035888671875 0.3440589904785156 1139.5360107421875 97.95632934570312 
484
3 1193.3394775390625 0.0 1258.3212890625 81.21673583984375 
3 1075.7054443359375 0.21592330932617188 1136.7845458984375 98.212158203125 
485
3 1074.1380615234375 0.0 1137.7548828125 99.10337829589844 
3 1190.4249267578125 0.0 1256.9290771484375 82.3108139038086 
486
3 1072.7945556640625 0.0 1138.0269775390625 98.67253112792969 
3 1189.2083740234375 0.0 1254.985595703125 82.49006652832031 
487
3 1069.71484375 0.07426834106445312 1136.4991455078125 98.38543701171875 
3 1187.4847412109375 0.0 1253.7706298828125 82.20758819580078 
488
3 1069.9920654296875 0.13376235961914062 1137.548828125 98.27096557617188 
3 1185.9095458984375 0.0 1252.847900390625 82.38511657714844 
489
3 1182.491943359375 0.0 1250.6077880859375 81.94715881347656 
3 1066.875244140625 0.4199790954589844 1134.2181396484375 96.90252685546875 
490
3 1179.94873046875 0.0 1248.0223388671875 82.29371643066406 
3 1063.96240234375 0.9273300170898438 1132.884765625 96.05078125 
491
3 1177.5433349609375 0.0 1247.2899169921875 82.40576934814453 
3 1054.288818359375 0.14398193359375 1131.3414306640625 98.16903686523438 
492
3 1175.8685302734375 0.0 1246.21630859375 82.33849334716797 
3 1056.212158203125 1.176727294921875 1128.597412109375 94.63134765625 
3 284.3984375 26.75353240966797 330.1365661621094 100.17146301269531 
493
3 1174.773681640625 0.0 1241.5352783203125 80.25923156738281 
3 1053.8258056640625 1.5758514404296875 1125.36328125 90.6083984375 
494
3 1173.772216796875 0.0 1239.353515625 79.20488739013672 
3 1049.13916015625 0.7977981567382812 1121.021728515625 90.38238525390625 
495
3 1048.08837890625 0.3844490051269531 1117.662841796875 90.75447082519531 
3 1171.393310546875 0.0 1235.2138671875 79.04925537109375 
496
3 1046.442626953125 0.8646392822265625 1114.4991455078125 90.4006118774414 
3 1169.200927734375 0.0 1232.507568359375 77.14065551757812 
3 284.7369079589844 26.030014038085938 329.8997497558594 99.77815246582031 
497
3 1044.3079833984375 1.3735580444335938 1113.10693359375 89.40142059326172 
3 1166.1536865234375 0.0 1227.1522216796875 74.60137939453125 
498
3 1044.1312255859375 1.6797714233398438 1111.793212890625 87.31151580810547 
3 1163.7286376953125 0.0 1225.8765869140625 74.59992218017578 
499
3 1042.2452392578125 1.6017494201660156 1112.1234130859375 87.71881103515625 
3 1162.1668701171875 0.0 1226.279541015625 75.20436096191406 
500
3 1040.945068359375 1.8489456176757812 1112.7091064453125 87.39641571044922 
3 1160.82568359375 0.0 1220.422119140625 74.69686889648438 
3 284.46612548828125 24.51327133178711 329.8297424316406 99.51145935058594 
501
3 1035.8577880859375 1.3627433776855469 1112.0062255859375 87.09247589111328 
3 1159.37548828125 0.0 1218.6949462890625 74.44577026367188 
502
3 1034.64501953125 1.3612174987792969 1111.658935546875 87.20108032226562 
3 1154.951416015625 0.0 1217.751220703125 74.68333435058594 
503
3 1033.26318359375 1.6306991577148438 1111.607666015625 87.19206237792969 
3 1152.1490478515625 0.0254669189453125 1218.156494140625 74.88212585449219 
504
3 1032.8936767578125 1.56207275390625 1111.52587890625 87.01998138427734 
3 1147.96142578125 0.0 1216.466552734375 73.79054260253906 
3 283.5130615234375 25.860008239746094 329.48455810546875 98.86940002441406 
505
3 1030.03271484375 1.5243415832519531 1109.677001953125 87.13629150390625 
3 1144.8599853515625 0.0888214111328125 1215.904541015625 73.25487518310547 
506
3 1027.342529296875 1.0675735473632812 1108.5823974609375 87.0707015991211 
3 1143.3094482421875 0.1336669921875 1215.8843994140625 73.97093200683594 
507
3 1024.503662109375 1.2460861206054688 1106.9989013671875 86.81103515625 
3 1142.259033203125 0.0 1215.73486328125 74.724609375 
508
3 1022.6795654296875 1.256072998046875 1105.812744140625 84.73643493652344 
3 1140.4403076171875 0.2513580322265625 1214.712646484375 73.31743621826172 
509
3 1017.2059936523438 1.0161666870117188 1102.6785888671875 83.9439926147461 
3 1136.3685302734375 0.3731689453125 1214.822509765625 72.23788452148438 
3 284.68017578125 24.417388916015625 329.656005859375 98.521484375 
510
3 1015.2607421875 1.4963493347167969 1096.91748046875 82.70503234863281 
3 1133.842041015625 0.11712646484375 1212.6048583984375 71.60139465332031 
511
3 1012.0309448242188 1.6461715698242188 1091.2333984375 83.3105697631836 
3 1131.8048095703125 0.0 1212.3087158203125 71.86138153076172 
512
3 1008.8974609375 1.3799972534179688 1086.369384765625 82.92253875732422 
3 1131.2099609375 0.0 1207.5985107421875 71.1186752319336 
513
3 1125.9365234375 0.0 1201.9227294921875 70.42094421386719 
3 1008.7653198242188 0.7603416442871094 1081.2869873046875 82.517333984375 
514
3 1124.804931640625 0.0 1199.0174560546875 70.3354263305664 
3 1014.4393920898438 1.2949790954589844 1075.421630859375 81.7754898071289 
515
3 1012.9222412109375 1.5240516662597656 1071.6578369140625 82.42489624023438 
3 1123.1844482421875 0.4370918273925781 1190.2928466796875 70.77944946289062 
516
3 1011.2527465820312 1.489288330078125 1068.8408203125 82.04039001464844 
3 1121.899658203125 0.372650146484375 1184.0242919921875 70.59535217285156 
517
3 1006.4734497070312 1.3323173522949219 1064.2708740234375 81.47899627685547 
3 1120.4759521484375 0.29276275634765625 1180.614501953125 70.07679748535156 
518
3 1006.5130615234375 1.316375732421875 1063.7908935546875 82.16553497314453 
519
3 1005.1636352539062 1.5663528442382812 1065.09423828125 82.4906005859375 
3 1115.466796875 0.0 1175.8466796875 70.04417419433594 
520
3 1004.1500854492188 1.3904266357421875 1063.3555908203125 82.68606567382812 
3 1113.470458984375 0.25689697265625 1174.540771484375 69.96644592285156 
521
3 1002.945556640625 1.3457870483398438 1062.9827880859375 82.41171264648438 
3 1112.947509765625 0.0 1173.1600341796875 69.93858337402344 
522
3 1002.7477416992188 1.5962753295898438 1061.833740234375 81.48419189453125 
3 1111.2689208984375 0.042964935302734375 1171.094970703125 70.11798858642578 
523
3 1002.40673828125 1.8321533203125 1063.017333984375 81.82986450195312 
3 1108.275390625 0.28144073486328125 1169.436767578125 70.4864730834961 
524
3 1002.3016967773438 1.5340118408203125 1061.589111328125 82.1585464477539 
3 1105.548828125 0.4914398193359375 1168.4593505859375 70.08865356445312 
525
3 1103.4163818359375 0.8252029418945312 1164.1793212890625 70.4973373413086 
3 998.8643798828125 1.5581703186035156 1060.58154296875 82.70558166503906 
526
3 983.4273681640625 1.037567138671875 1058.1553955078125 83.99270629882812 
3 1099.9312744140625 0.10400772094726562 1163.93115234375 70.34098815917969 
527
3 997.7142333984375 1.4976272583007812 1054.0223388671875 78.96510314941406 
528
3 999.0093994140625 1.6752967834472656 1051.6326904296875 77.23711395263672 
529
3 997.7508544921875 1.5692062377929688 1047.8056640625 76.35566711425781 
3 1097.1812744140625 0.009830474853515625 1157.011962890625 66.77912902832031 
530
3 1095.4942626953125 0.0 1156.5435791015625 67.06360626220703 
3 987.8096923828125 1.7926368713378906 1048.091552734375 76.923095703125 
531
3 985.5637817382812 1.8746566772460938 1048.04345703125 76.24600219726562 
3 1093.8724365234375 0.03265380859375 1152.02685546875 65.9644546508789 
532
3 983.6787719726562 1.9297027587890625 1047.69873046875 74.8556137084961 
3 1091.9384765625 0.20456695556640625 1148.1416015625 64.20790100097656 
533
3 983.3897705078125 1.3464317321777344 1046.808349609375 74.95462036132812 
3 1088.80712890625 0.2584648132324219 1146.0277099609375 63.7406005859375 
534
3 982.7919921875 1.6274032592773438 1046.689208984375 75.23712158203125 
3 1077.5433349609375 0.2573394775390625 1145.1033935546875 63.462615966796875 
535
3 983.9208374023438 1.6858100891113281 1046.551025390625 75.27593994140625 
3 1080.116943359375 0.0 1144.1785888671875 63.19306945800781 
536
3 1084.225830078125 0.0 1143.0479736328125 63.426055908203125 
3 981.3782348632812 1.1501312255859375 1047.574462890625 74.07911682128906 
537
3 979.535888671875 1.2723426818847656 1046.4451904296875 73.54888153076172 
3 1080.931884765625 0.08135223388671875 1139.970703125 63.857177734375 
538
3 979.2284545898438 1.2664451599121094 1046.1405029296875 73.64524841308594 
3 1074.877685546875 0.3332328796386719 1138.3173828125 64.08915710449219 
539
3 976.6001586914062 1.641082763671875 1045.91748046875 73.6587905883789 
3 1075.820068359375 0.5510826110839844 1138.1953125 63.77119445800781 
540
3 976.6721801757812 1.4592018127441406 1045.5772705078125 73.7098617553711 
3 1073.40966796875 0.9464759826660156 1138.5447998046875 63.53242492675781 
541
3 973.1482543945312 1.2921981811523438 1045.59619140625 73.04827117919922 
3 1073.2342529296875 0.4695930480957031 1137.4049072265625 62.65833282470703 
542
3 972.5634155273438 1.5872879028320312 1044.6683349609375 72.5429916381836 
3 1070.5992431640625 0.4472198486328125 1137.5333251953125 62.73529052734375 
543
3 970.805419921875 1.6315689086914062 1044.4979248046875 72.13497924804688 
3 1070.3958740234375 0.0 1138.07373046875 62.989471435546875 
544
3 970.189453125 1.0271453857421875 1043.6370849609375 71.11822509765625 
3 1066.0537109375 0.5425872802734375 1138.1119384765625 63.043792724609375 
3 285.42156982421875 28.007667541503906 330.6355895996094 99.91893005371094 
545
3 966.1909790039062 1.0810508728027344 1042.1143798828125 71.17951202392578 
3 1061.7529296875 0.8758201599121094 1136.685302734375 62.633506774902344 
546
3 967.2512817382812 0.8942947387695312 1042.161865234375 71.47952270507812 
3 1061.484375 0.6975479125976562 1134.120361328125 62.31218719482422 
547
3 966.369873046875 1.1112594604492188 1038.5316162109375 70.35884094238281 
3 1054.3768310546875 0.6627349853515625 1133.0228271484375 62.238800048828125 
548
3 967.5467529296875 1.0015411376953125 1037.1424560546875 70.50062561035156 
3 1060.1146240234375 1.2345237731933594 1130.9952392578125 60.94086456298828 
549
3 967.1978149414062 1.0524101257324219 1032.462890625 70.45748138427734 
550
3 964.187744140625 1.5507278442382812 1027.6708984375 70.46690368652344 
551
3 962.4083251953125 1.7717857360839844 1024.006103515625 70.14645385742188 
552
3 961.9380493164062 1.8835601806640625 1021.65185546875 69.74568176269531 
553
3 959.93017578125 0.9218673706054688 1018.7843017578125 69.06991577148438 
554
3 958.4519653320312 1.0010032653808594 1015.3530883789062 69.36803436279297 
555
3 957.9240112304688 1.3289794921875 1011.632080078125 69.45191192626953 
556
3 957.825439453125 0.9560127258300781 1010.9127197265625 69.37261199951172 
557
3 957.614990234375 1.0227432250976562 1011.27490234375 69.8345947265625 
3 1045.249755859375 1.7230148315429688 1096.71728515625 58.44883728027344 
558
3 958.3602294921875 1.3567047119140625 1009.90673828125 70.01185607910156 
3 1048.5755615234375 1.9914436340332031 1094.5609130859375 57.94401550292969 
559
3 957.4846801757812 1.3403129577636719 1010.6268310546875 69.82734680175781 
560
3 957.2639770507812 1.1013412475585938 1009.7669677734375 70.59053802490234 
3 1047.78955078125 1.9300346374511719 1095.3946533203125 58.06787109375 
561
3 954.881591796875 1.2915267944335938 1008.1481323242188 70.76655578613281 
3 1047.60302734375 2.6606483459472656 1093.5638427734375 58.06050109863281 
562
3 955.1514892578125 1.297515869140625 1007.5355224609375 71.14408874511719 
3 1045.6947021484375 2.3588180541992188 1094.4505615234375 58.54719543457031 
563
3 953.9697875976562 1.7866439819335938 1006.6895141601562 70.56612396240234 
3 1042.8670654296875 1.46453857421875 1093.93115234375 58.488677978515625 
564
3 955.1072387695312 1.1729278564453125 1005.5772705078125 69.12033081054688 
565
3 954.5362548828125 1.1772422790527344 1003.1049194335938 67.43153381347656 
566
3 953.4783325195312 1.1237335205078125 1002.6889038085938 65.62103271484375 
567
568
3 953.7984008789062 0.1170501708984375 1001.4418334960938 63.767974853515625 
3 1037.704345703125 1.7932891845703125 1083.7161865234375 55.042640686035156 
569
570
571
572
573
3 952.1043701171875 0.45313262939453125 999.9160766601562 61.76953887939453 
3 1028.844482421875 1.1514511108398438 1075.48876953125 53.92094421386719 
574
3 952.2320556640625 0.45032501220703125 1000.7272338867188 61.751739501953125 
3 1025.4473876953125 1.2690582275390625 1075.3896484375 54.95442199707031 
575
3 952.7376708984375 0.901458740234375 1001.6406860351562 62.880706787109375 
576
577
578
3 952.7781372070312 0.8350830078125 999.7577514648438 62.467071533203125 
3 1020.8493041992188 0.9620857238769531 1074.6571044921875 53.54120635986328 
579
3 952.164794921875 1.402740478515625 1000.3363037109375 62.964439392089844 
580
581
582
583
584
585
586
587
588
589
590
591
592
593
594
595
596
597
598
599
600
601
602
603
604
605
606
607
608
609
610
611
612
613
614
615
616
617
618
619
620
621
622
623
624
625
626
627
628
629
630
