0
3 2467.736328125 273.26025390625 2559.004638671875 578.1815185546875 
3 2212.90234375 93.82740783691406 2240.294921875 138.86895751953125 
1
3 2458.36767578125 264.8955078125 2558.978515625 577.8587646484375 
3 2456.996826171875 263.2145080566406 2559.147216796875 499.3726806640625 
2
3 2469.71875 258.02716064453125 2558.93505859375 497.69952392578125 
3
3 2218.389892578125 93.74191284179688 2240.886962890625 134.02732849121094 
3 2475.52392578125 203.54637145996094 2558.9619140625 578.41796875 
4
3 2468.339599609375 192.70599365234375 2558.971923828125 514.872314453125 
5
6
3 2378.730712890625 183.4712677001953 2558.913330078125 493.77655029296875 
3 2215.767333984375 90.11344146728516 2241.869384765625 134.00302124023438 
7
3 2369.572998046875 183.36856079101562 2558.8837890625 508.878662109375 
8
3 2365.28955078125 181.14974975585938 2558.89892578125 500.52783203125 
9
3 2362.020263671875 178.40380859375 2558.8623046875 499.07177734375 
10
3 2360.294921875 174.37872314453125 2558.840087890625 502.8992919921875 
11
3 2358.623046875 171.64242553710938 2558.327392578125 489.5455322265625 
12
3 2357.093994140625 168.24496459960938 2553.323974609375 482.28070068359375 
13
3 2356.85107421875 165.23641967773438 2548.0751953125 476.54644775390625 
3 2216.1630859375 92.99981689453125 2242.272705078125 138.4800567626953 
14
3 2355.9296875 161.3038330078125 2541.52099609375 479.12127685546875 
15
3 2356.8544921875 156.37115478515625 2536.667724609375 469.1568603515625 
16
3 2354.041259765625 152.5764923095703 2531.516845703125 440.5087585449219 
17
3 2343.736572265625 150.6221923828125 2524.990234375 431.8544006347656 
18
3 2332.8974609375 147.18408203125 2518.8017578125 425.5121765136719 
19
3 2322.177490234375 146.14492797851562 2511.98681640625 435.004150390625 
20
3 2311.430419921875 145.17453002929688 2505.52783203125 435.7178039550781 
21
3 2301.678955078125 143.17794799804688 2496.89697265625 431.2783508300781 
22
3 2277.2548828125 142.68069458007812 2489.30419921875 428.64288330078125 
23
3 2259.1708984375 141.99264526367188 2479.494384765625 435.87713623046875 
24
3 2251.460205078125 141.02615356445312 2469.81201171875 435.03765869140625 
25
3 2234.093994140625 139.539306640625 2459.176513671875 439.64483642578125 
26
3 2240.903076171875 138.8148193359375 2450.33935546875 438.8218994140625 
27
3 2242.27880859375 136.91348266601562 2441.076416015625 437.5216369628906 
28
3 2239.354248046875 133.97830200195312 2428.882080078125 431.8734130859375 
29
3 2224.404296875 125.47738647460938 2418.74951171875 425.4599609375 
30
3 2227.526123046875 121.06866455078125 2410.991455078125 419.0251770019531 
31
3 2227.75439453125 118.60336303710938 2404.931640625 411.42303466796875 
32
3 2226.61474609375 115.32235717773438 2396.7919921875 405.4605712890625 
33
3 2227.878662109375 111.02021789550781 2390.46630859375 398.9774169921875 
34
3 2225.94580078125 106.78143310546875 2382.981201171875 395.2046203613281 
35
3 2221.5029296875 103.5482177734375 2374.901611328125 392.85797119140625 
3 2502.361328125 317.98870849609375 2559.080810546875 398.1341857910156 
36
3 2184.837158203125 98.621337890625 2366.158203125 391.0144958496094 
37
3 2179.2705078125 98.41323852539062 2359.108642578125 391.0341796875 
38
3 2160.2958984375 96.46641540527344 2349.97802734375 388.71771240234375 
39
3 2150.989013671875 96.55474853515625 2339.771728515625 388.6055603027344 
40
3 2134.91357421875 95.383056640625 2331.6376953125 387.9969482421875 
41
3 2121.229736328125 94.72463989257812 2322.71533203125 384.648193359375 
42
3 2116.80029296875 93.24221801757812 2312.7216796875 382.5035400390625 
43
3 2118.159423828125 93.45826721191406 2300.212646484375 388.1317138671875 
44
3 2119.770751953125 90.51127624511719 2288.177001953125 388.96600341796875 
45
3 2116.15625 87.01264953613281 2280.5244140625 386.383544921875 
46
3 2110.877197265625 85.12997436523438 2273.354248046875 382.23382568359375 
47
3 2115.2333984375 82.25274658203125 2268.276611328125 385.98297119140625 
3 1654.713134765625 3.8037872314453125 1732.8673095703125 121.17149353027344 
3 2495.2255859375 321.6689453125 2559.32373046875 397.2887268066406 
48
3 2100.131591796875 78.66342163085938 2260.030517578125 379.0069885253906 
49
3 2104.076904296875 74.229248046875 2255.79248046875 368.1189880371094 
3 2497.41845703125 320.2335205078125 2559.43115234375 396.4210510253906 
50
3 2097.00048828125 73.33186340332031 2251.528564453125 359.404296875 
3 2497.507568359375 320.23785400390625 2559.635498046875 396.42010498046875 
51
3 2087.31298828125 73.30343627929688 2243.9853515625 355.2174987792969 
52
3 2074.253173828125 72.51776123046875 2238.462646484375 354.70782470703125 
3 2496.31689453125 320.5232849121094 2559.4052734375 396.34979248046875 
53
3 2067.80908203125 72.38693237304688 2233.700439453125 359.14013671875 
3 2495.712646484375 320.4174499511719 2559.221435546875 396.6337890625 
54
3 2062.29443359375 70.89627075195312 2225.56103515625 359.01971435546875 
55
3 2069.061279296875 72.0152587890625 2217.884033203125 358.2767028808594 
56
3 2040.464111328125 72.41969299316406 2212.54296875 358.76519775390625 
3 2497.447998046875 320.23980712890625 2559.289306640625 396.1747131347656 
57
3 2032.0977783203125 70.67129516601562 2204.59375 356.7467041015625 
58
3 2026.2681884765625 69.77947998046875 2200.817138671875 352.804443359375 
59
3 2029.8927001953125 68.63043212890625 2193.08642578125 350.63311767578125 
60
3 2026.704345703125 63.84422302246094 2185.742431640625 346.13018798828125 
61
3 2030.030517578125 61.89825439453125 2183.77099609375 346.72332763671875 
3 2007.7861328125 61.08515930175781 2182.614990234375 346.095458984375 
62
3 2008.64013671875 56.830352783203125 2178.20849609375 346.45941162109375 
3 2496.646728515625 319.867919921875 2559.416259765625 395.9783935546875 
63
3 2018.769287109375 54.715423583984375 2173.807373046875 334.12774658203125 
3 2496.401123046875 320.07122802734375 2559.301025390625 395.6131286621094 
64
3 2003.3211669921875 51.445953369140625 2171.75537109375 319.7472839355469 
3 2495.913818359375 320.0020446777344 2559.251708984375 395.6300048828125 
65
3 2005.361328125 45.771514892578125 2163.852783203125 315.07293701171875 
3 2496.076904296875 319.8625793457031 2559.356201171875 395.67132568359375 
3 1947.557373046875 1.922332763671875 1971.5511474609375 44.94026184082031 
66
3 1992.72802734375 44.03324890136719 2160.194091796875 312.870849609375 
3 2496.463134765625 320.06988525390625 2559.39892578125 395.8902282714844 
3 1949.55126953125 2.336658477783203 1977.314697265625 44.29901885986328 
67
3 1997.355224609375 42.548736572265625 2156.11669921875 313.01971435546875 
3 1655.4063720703125 5.191162109375 1739.0789794921875 116.798828125 
68
3 1992.33251953125 41.172637939453125 2151.32177734375 308.7762756347656 
69
3 2016.054931640625 39.24104309082031 2145.072021484375 309.39990234375 
70
3 1982.380615234375 38.9661865234375 2140.54248046875 311.9165954589844 
71
3 1979.2978515625 39.15977478027344 2135.957763671875 313.673583984375 
72
3 1967.0947265625 38.9993896484375 2130.291748046875 313.2342529296875 
73
3 1967.5645751953125 39.36492919921875 2125.4814453125 313.5142517089844 
74
3 1961.1722412109375 38.76643371582031 2118.478271484375 314.2853698730469 
75
3 1954.0401611328125 38.85899353027344 2111.5771484375 314.9467468261719 
3 0.599395751953125 848.3815307617188 103.59500122070312 914.2410278320312 
3 2499.656005859375 321.2431640625 2559.1015625 394.8040466308594 
76
3 1949.363037109375 38.34307861328125 2106.060302734375 315.5926208496094 
3 0.506011962890625 845.335205078125 103.58554077148438 914.2257080078125 
77
3 1944.400634765625 39.22267150878906 2098.5087890625 314.47308349609375 
3 0.6418228149414062 836.8037719726562 103.74116516113281 914.1048583984375 
78
3 1944.212646484375 37.637359619140625 2091.0390625 314.7386474609375 
3 0.5901718139648438 834.0128784179688 104.20912170410156 914.1395874023438 
79
3 1944.2410888671875 37.65773010253906 2083.71435546875 311.95562744140625 
3 0.5771408081054688 833.1434326171875 104.339111328125 914.2777099609375 
3 2218.8271484375 94.10411071777344 2244.406005859375 137.79019165039062 
80
3 1945.9146728515625 35.73358154296875 2077.454833984375 308.5397033691406 
3 0.46932220458984375 829.6036376953125 104.87767028808594 913.4217529296875 
3 2219.560791015625 94.13249206542969 2244.238525390625 137.3018035888672 
3 2500.84228515625 320.89764404296875 2559.077392578125 396.5972900390625 
81
3 0.44840240478515625 749.2935180664062 105.04808044433594 913.1989135742188 
3 1932.00634765625 34.63200378417969 2071.9375 300.36102294921875 
3 1934.044677734375 34.721221923828125 2072.0009765625 301.1526794433594 
3 2219.65966796875 93.98054504394531 2244.2353515625 137.26483154296875 
3 2501.439208984375 320.5755920410156 2559.060791015625 397.3000183105469 
82
3 1898.884033203125 34.040924072265625 2065.102294921875 295.73858642578125 
3 0.42790985107421875 731.7164306640625 102.36080932617188 883.2295532226562 
3 0.2731895446777344 732.0894775390625 105.59495544433594 910.7368774414062 
3 2219.341552734375 93.89106750488281 2244.4296875 137.2642822265625 
3 2501.939697265625 320.76397705078125 2559.0625 397.821044921875 
3 2500.212646484375 318.24420166015625 2559.1220703125 577.7445678710938 
83
3 1896.621826171875 32.817413330078125 2061.12548828125 291.814453125 
3 0.32892608642578125 721.297607421875 133.2866973876953 912.95654296875 
3 2218.498291015625 93.45600891113281 2244.703857421875 137.45851135253906 
3 2502.114501953125 320.59246826171875 2559.05615234375 398.82244873046875 
3 2500.397705078125 317.920654296875 2559.1162109375 578.0179443359375 
84
3 0.29170989990234375 708.6620483398438 172.5866241455078 912.1443481445312 
3 1895.013671875 31.2626953125 2055.4423828125 280.24664306640625 
3 1893.5869140625 31.232711791992188 2055.4990234375 280.3833312988281 
3 2502.446533203125 320.85113525390625 2559.044677734375 398.53424072265625 
3 2217.800048828125 93.16427612304688 2245.263671875 137.511474609375 
85
3 0.5021820068359375 701.8221435546875 201.70846557617188 911.8128662109375 
3 1891.811279296875 31.345062255859375 2049.82373046875 270.19940185546875 
3 2502.912353515625 321.0417175292969 2559.025634765625 398.6260070800781 
3 1891.1812744140625 78.43548583984375 2048.94970703125 271.781982421875 
86
3 0.436248779296875 696.1336059570312 220.71875 911.0278930664062 
3 1886.1212158203125 29.975807189941406 2046.582763671875 266.9836120605469 
3 2503.1376953125 321.30084228515625 2559.014892578125 398.2059631347656 
87
3 1878.278564453125 30.196868896484375 2042.6080322265625 254.323486328125 
3 0.4525146484375 691.8644409179688 237.8209686279297 911.4075927734375 
88
3 0.3785858154296875 672.3414306640625 252.0623779296875 910.41650390625 
3 1878.531005859375 30.539154052734375 2040.7586669921875 268.14630126953125 
3 2502.315185546875 316.5455627441406 2559.05810546875 579.8009033203125 
3 2503.584716796875 317.87921142578125 2559.040283203125 398.3938293457031 
89
3 0.30277252197265625 655.78271484375 265.80572509765625 906.9171142578125 
3 1879.2825927734375 30.102867126464844 2035.3643798828125 268.45263671875 
3 2505.97412109375 321.4896240234375 2559.0048828125 398.7177734375 
3 2505.3955078125 320.5733642578125 2559.0087890625 583.1572265625 
90
3 0.49391937255859375 632.60546875 290.5029296875 899.5584106445312 
3 1882.497802734375 29.883209228515625 2033.658203125 265.7322082519531 
91
3 0.4793548583984375 611.0918579101562 296.1963195800781 891.2044677734375 
3 1885.824462890625 29.781631469726562 2028.631591796875 265.6976318359375 
3 2507.112548828125 324.6778564453125 2558.967529296875 402.93798828125 
92
3 0.46054840087890625 582.3770751953125 296.2110290527344 882.5064086914062 
3 1883.590087890625 31.358413696289062 2025.0565185546875 266.65008544921875 
3 2143.0478515625 72.7374267578125 2208.76025390625 176.8194580078125 
3 283.89013671875 31.830307006835938 309.84991455078125 75.10905456542969 
93
3 0.5674591064453125 566.6219482421875 297.6435546875 870.6671752929688 
3 1867.3238525390625 24.85248565673828 2019.1190185546875 270.78912353515625 
3 2025.4931640625 18.063278198242188 2056.1630859375 82.58885955810547 
94
3 0.957061767578125 547.811279296875 300.19390869140625 853.8557739257812 
3 1866.6278076171875 28.396408081054688 2014.9825439453125 268.030029296875 
3 2149.80419921875 62.50599670410156 2214.195556640625 180.53173828125 
3 2025.568115234375 19.051551818847656 2059.980712890625 83.8736343383789 
3 2514.325927734375 328.7109375 2558.93115234375 402.6868896484375 
95
3 0.650177001953125 527.9747314453125 302.1964416503906 844.3197021484375 
3 1856.194580078125 30.744293212890625 2011.289794921875 278.59332275390625 
3 2150.173583984375 73.44855499267578 2220.369140625 185.318603515625 
3 293.17913818359375 31.630821228027344 313.9692687988281 73.04480743408203 
96
3 0.8311309814453125 512.275390625 302.48480224609375 832.259521484375 
3 1864.139892578125 32.12213134765625 2007.864501953125 277.17791748046875 
3 295.6436767578125 28.48168182373047 315.72412109375 72.15530395507812 
97
3 0.6783294677734375 489.55413818359375 305.2572021484375 815.0186157226562 
3 1847.930908203125 28.72607421875 2004.77978515625 279.18603515625 
98
3 0.5777740478515625 445.280517578125 307.0827331542969 806.3644409179688 
3 1841.080078125 26.743072509765625 2001.138671875 275.0134582519531 
3 1680.2861328125 7.335960388183594 1767.5089111328125 120.84854125976562 
3 2522.890869140625 329.57037353515625 2559.007080078125 408.95654296875 
3 2047.4991455078125 22.90805435180664 2085.28515625 88.54847717285156 
99
3 0.743621826171875 398.02056884765625 339.8260498046875 795.8388671875 
3 1841.411865234375 25.326629638671875 2005.425537109375 275.03436279296875 
3 1684.34814453125 7.3575897216796875 1769.641357421875 121.67436218261719 
3 2049.841552734375 24.60753631591797 2089.921630859375 88.68755340576172 
3 2525.4306640625 331.15692138671875 2559.02294921875 408.984375 
100
3 0.821441650390625 383.5859069824219 385.69732666015625 794.4442749023438 
3 1685.760498046875 7.126190185546875 1774.1063232421875 122.46730041503906 
3 2528.934326171875 329.11798095703125 2558.976318359375 409.174072265625 
3 1840.755859375 22.40192413330078 1996.55029296875 263.78240966796875 
101
3 0.417724609375 376.8123474121094 426.1746826171875 791.7650756835938 
3 2067.906005859375 27.771080017089844 2100.900390625 92.83619689941406 
3 1842.63232421875 20.593788146972656 1995.7593994140625 260.6455993652344 
102
1 1.1611175537109375 369.61431884765625 460.31744384765625 791.3197021484375 
3 1850.4310302734375 18.40270233154297 1997.027587890625 258.5489196777344 
3 2072.033203125 30.599533081054688 2107.656982421875 97.90875244140625 
103
1 1.91412353515625 364.99749755859375 482.2344970703125 789.86474609375 
3 2076.823486328125 31.99987030029297 2115.44970703125 98.48159790039062 
3 1859.5751953125 15.288970947265625 1997.81884765625 255.0908203125 
104
1 21.1922607421875 359.36932373046875 500.33209228515625 787.7647705078125 
3 1862.628173828125 13.095634460449219 2002.021728515625 249.19964599609375 
3 2082.42236328125 34.171531677246094 2121.25244140625 103.88101196289062 
105
1 44.9534912109375 353.1110534667969 518.5120239257812 781.3438720703125 
3 1855.1431884765625 13.963043212890625 2003.8583984375 247.3455810546875 
3 2090.0185546875 32.49449920654297 2128.94775390625 107.70053100585938 
106
1 68.14849853515625 349.2980651855469 541.509521484375 771.3561401367188 
3 2097.302978515625 34.9940185546875 2136.842041015625 105.27920532226562 
3 1893.73681640625 11.399276733398438 2007.99658203125 244.1881103515625 
107
1 90.43362426757812 341.13592529296875 547.8662109375 765.7108154296875 
3 1898.815673828125 12.197380065917969 2010.0328369140625 244.20626831054688 
3 2105.0703125 37.46833801269531 2144.54931640625 108.52304077148438 
3 147.2213134765625 39.03473663330078 185.41455078125 122.21597290039062 
108
1 113.45089721679688 332.51275634765625 555.367431640625 760.7304077148438 
3 1905.6734619140625 10.1688232421875 2014.31982421875 244.83331298828125 
109
1 134.37799072265625 324.1949462890625 561.2564697265625 743.0051879882812 
3 1903.795654296875 13.202499389648438 2017.0828857421875 252.47030639648438 
3 2126.7021484375 40.58641052246094 2163.135498046875 106.54324340820312 
3 0.0851287841796875 214.4705047607422 27.48268699645996 287.54840087890625 
110
1 157.27740478515625 316.779052734375 567.5303955078125 729.2682495117188 
3 1904.62451171875 13.882270812988281 2023.052490234375 252.07012939453125 
3 2133.465087890625 41.937171936035156 2171.38232421875 110.32440185546875 
111
1 178.787841796875 307.0562744140625 575.7340698242188 721.9051513671875 
3 1910.1068115234375 16.203712463378906 2027.183349609375 252.37173461914062 
3 2147.54931640625 44.201568603515625 2182.046142578125 109.75347900390625 
112
1 200.90786743164062 296.88671875 583.5676879882812 718.3273315429688 
3 1908.3055419921875 18.750816345214844 2031.89306640625 254.50204467773438 
113
1 223.82562255859375 288.08294677734375 590.83203125 716.3837890625 
3 1904.4276123046875 22.10442352294922 2040.3797607421875 255.88137817382812 
3 2168.526123046875 50.04603576660156 2203.05126953125 116.05905151367188 
3 2330.419189453125 120.89263916015625 2362.409912109375 166.86416625976562 
114
1 247.61880493164062 281.0316467285156 601.6432495117188 713.5643920898438 
3 1923.5118408203125 24.369598388671875 2048.39111328125 259.1160583496094 
3 2179.238037109375 52.053924560546875 2215.40283203125 120.85881042480469 
115
1 274.85015869140625 272.80535888671875 623.5717163085938 709.9312744140625 
3 1929.31689453125 25.73175048828125 2052.88330078125 259.5792236328125 
3 2194.9638671875 53.60810089111328 2228.91064453125 125.90194702148438 
116
1 305.8369445800781 265.8717041015625 679.9940795898438 709.00830078125 
3 1944.8419189453125 27.889068603515625 2061.676025390625 261.6446533203125 
3 2200.67431640625 59.41265869140625 2240.333740234375 131.00912475585938 
117
1 336.2067565917969 259.08160400390625 725.90625 705.1748046875 
3 1953.876708984375 29.2576904296875 2070.7939453125 265.5841064453125 
3 2210.3779296875 63.53955841064453 2254.06396484375 132.69155883789062 
118
1 369.4998779296875 253.26318359375 772.786865234375 703.145263671875 
3 1950.2509765625 28.97198486328125 2082.0361328125 268.5027770996094 
3 2225.28369140625 67.37139892578125 2267.257568359375 133.59466552734375 
119
1 403.7442932128906 249.2491455078125 814.437744140625 698.1961059570312 
3 1965.22607421875 32.97624206542969 2092.620849609375 268.54266357421875 
3 2246.496337890625 71.45144653320312 2282.326416015625 138.17674255371094 
120
1 439.0013732910156 245.3994140625 845.3290405273438 694.7241821289062 
3 1984.3685302734375 31.213851928710938 2106.286376953125 272.6544494628906 
121
1 477.0152587890625 237.62533569335938 873.1510009765625 691.59912109375 
3 1987.9681396484375 35.650634765625 2117.133544921875 269.67138671875 
3 2277.952392578125 79.87956237792969 2313.946044921875 146.46246337890625 
3 2427.44873046875 152.9240264892578 2457.479736328125 196.08140563964844 
3 2356.38134765625 132.939697265625 2417.56201171875 225.96224975585938 
122
1 514.8243408203125 233.18255615234375 896.537109375 686.7022705078125 
3 1995.54052734375 37.51600646972656 2129.060546875 266.012451171875 
3 2292.5078125 84.57839965820312 2329.43505859375 147.36270141601562 
123
1 553.0452880859375 226.08587646484375 919.7537841796875 682.15283203125 
3 2004.2691650390625 39.81236267089844 2142.683349609375 265.5232849121094 
3 0.40964508056640625 247.87774658203125 96.07241821289062 350.4306640625 
124
1 589.73095703125 220.87432861328125 934.6890258789062 677.2138671875 
3 2014.55712890625 42.72607421875 2154.735107421875 264.563232421875 
3 2319.890869140625 98.10989379882812 2363.470703125 157.66726684570312 
125
1 626.217041015625 214.27044677734375 952.13330078125 672.8045043945312 
3 2026.5509033203125 44.25856018066406 2172.713134765625 273.43109130859375 
3 2335.828857421875 102.0460205078125 2382.3701171875 162.4696807861328 
3 0.1841278076171875 270.5557861328125 34.26839065551758 364.0201110839844 
126
1 661.3980102539062 206.1014404296875 967.770751953125 662.161376953125 
3 2037.5380859375 48.700523376464844 2186.173828125 277.1874694824219 
3 2363.6708984375 105.90364074707031 2400.537109375 164.95123291015625 
127
1 695.3314208984375 200.642578125 981.6365966796875 656.2151489257812 
3 2049.701416015625 52.65452575683594 2198.811279296875 286.64288330078125 
3 2387.175048828125 113.47428894042969 2419.075927734375 161.46923828125 
128
1 728.9505615234375 193.31549072265625 999.8109741210938 647.8482055664062 
3 2063.078125 56.283607482910156 2214.057373046875 290.55010986328125 
3 2404.4404296875 114.59832763671875 2440.033447265625 176.5919189453125 
129
1 762.1875610351562 186.2322998046875 1019.2723388671875 643.3228149414062 
3 2075.628173828125 60.3983154296875 2227.99169921875 304.827392578125 
130
1 796.9556884765625 182.11163330078125 1035.2161865234375 641.3198852539062 
3 2089.022705078125 65.62384033203125 2241.986572265625 310.0406188964844 
3 2434.7109375 129.371826171875 2480.348388671875 190.47735595703125 
131
1 832.4791870117188 178.739990234375 1057.5755615234375 637.9484252929688 
3 2454.12109375 136.0711669921875 2500.372802734375 199.32044982910156 
132
1 871.2827758789062 174.31692504882812 1108.9796142578125 638.9111328125 
3 2109.874755859375 73.13156127929688 2271.618896484375 317.4281311035156 
3 2477.11962890625 143.85211181640625 2520.978271484375 206.4004669189453 
133
1 908.6638793945312 170.98989868164062 1159.9544677734375 639.510986328125 
3 2135.266357421875 78.84774780273438 2285.91845703125 324.3521423339844 
134
1 948.2277221679688 169.87310791015625 1208.9874267578125 638.4663696289062 
3 2154.904296875 82.60243225097656 2300.10546875 328.14019775390625 
3 2153.718994140625 83.57138061523438 2301.110107421875 327.2633056640625 
3 2308.65478515625 103.68008422851562 2369.0869140625 210.56350708007812 
135
1 989.6287841796875 170.02520751953125 1269.223876953125 635.227294921875 
3 2174.179443359375 84.66615295410156 2317.187744140625 327.5118103027344 
136
1 1032.33642578125 170.71917724609375 1325.8101806640625 631.9480590820312 
3 2195.1982421875 87.58291625976562 2334.38037109375 336.79443359375 
137
2 1069.1009521484375 174.51580810546875 1369.9112548828125 629.7238159179688 
3 2213.9140625 92.61796569824219 2351.78662109375 331.88385009765625 
138
1 1090.4447021484375 176.91653442382812 1402.013671875 631.0615844726562 
3 2234.8046875 93.66973876953125 2370.7265625 337.529052734375 
139
1 1112.8365478515625 180.61001586914062 1432.1903076171875 631.6613159179688 
3 2250.57177734375 97.44883728027344 2388.031494140625 348.26629638671875 
140
1 1136.5823974609375 183.67425537109375 1462.731201171875 634.9498901367188 
3 2277.042724609375 100.32107543945312 2408.042236328125 346.80682373046875 
141
1 1166.57275390625 186.15911865234375 1492.437744140625 635.783935546875 
3 2294.3017578125 104.98454284667969 2428.12255859375 352.188232421875 
3 2457.266845703125 147.560546875 2515.89013671875 256.358154296875 
142
1 1206.267822265625 189.263671875 1521.7615966796875 638.5244140625 
3 2319.312255859375 109.6666259765625 2446.856201171875 356.4794921875 
143
1 1256.89111328125 191.077880859375 1546.2286376953125 639.7943115234375 
3 2341.017333984375 110.78167724609375 2467.179443359375 354.2528076171875 
3 2286.453369140625 113.34420776367188 2466.761474609375 354.63348388671875 
144
1 1304.69384765625 193.48236083984375 1576.421875 642.9415893554688 
3 2360.11572265625 118.5404052734375 2485.9404296875 362.359619140625 
3 2525.2958984375 169.0465087890625 2558.922119140625 284.52593994140625 
145
1 1356.9678955078125 194.9864044189453 1620.9007568359375 644.2252197265625 
3 2380.029052734375 126.36198425292969 2504.3828125 375.63690185546875 
146
1 1411.3717041015625 197.09181213378906 1663.6036376953125 647.9755859375 
3 2390.8701171875 133.43991088867188 2523.781494140625 378.6535949707031 
147
1 1465.58740234375 198.42539978027344 1707.1689453125 648.164794921875 
3 2371.428955078125 139.62705993652344 2545.052734375 385.3505554199219 
3 2371.1728515625 138.55270385742188 2544.06103515625 385.9234924316406 
148
1 1520.90625 200.54429626464844 1753.9102783203125 651.6617431640625 
3 2409.2841796875 147.60821533203125 2558.535400390625 363.8363037109375 
149
1 1542.80810546875 205.9435272216797 1797.1966552734375 654.6860961914062 
3 2417.325927734375 153.83200073242188 2559.00634765625 402.97552490234375 
150
1 1564.2620849609375 213.18618774414062 1840.322509765625 655.0608520507812 
3 2496.250732421875 180.0078125 2558.948486328125 421.234130859375 
151
1 1585.9635009765625 220.28948974609375 1886.588134765625 660.6627197265625 
3 2458.6416015625 176.77420043945312 2559.04833984375 424.85980224609375 
152
1 1607.6512451171875 229.0189208984375 1930.86376953125 669.3021240234375 
153
1 1628.87646484375 237.85391235351562 1975.684326171875 679.8067626953125 
154
1 1649.9925537109375 250.547607421875 2019.840576171875 694.8688354492188 
155
1 1670.71630859375 258.9830322265625 2066.479736328125 712.9606323242188 
156
1 1693.53564453125 269.88958740234375 2112.203125 727.700927734375 
157
1 1717.5330810546875 281.5064697265625 2157.9931640625 743.518310546875 
158
1 1742.15283203125 290.56591796875 2204.308349609375 756.9373779296875 
3 2075.512939453125 0.0 2102.78955078125 42.26861572265625 
159
1 1775.150146484375 301.92596435546875 2250.45947265625 763.216796875 
160
1 1815.0234375 313.6448059082031 2297.9580078125 767.6666870117188 
161
1 1859.468505859375 324.094970703125 2343.059326171875 775.5474853515625 
162
1 1907.7083740234375 334.1221008300781 2385.983154296875 785.9989013671875 
163
1 1952.5238037109375 343.990234375 2427.166015625 789.6934204101562 
164
1 1998.4716796875 357.1334533691406 2468.140869140625 797.7579956054688 
165
1 2041.9300537109375 368.466796875 2508.37890625 805.4017333984375 
166
1 2082.66748046875 381.3233337402344 2548.103515625 814.31787109375 
167
1 2123.008056640625 394.4945373535156 2558.329345703125 836.1689453125 
168
3 2151.67626953125 409.4718017578125 2558.9990234375 870.4803466796875 
169
3 2172.57421875 439.67401123046875 2558.9384765625 905.3392333984375 
170
3 2192.203369140625 512.380859375 2558.748779296875 938.9515380859375 
171
3 2211.611083984375 533.6278686523438 2558.857421875 969.7567749023438 
172
3 2231.543212890625 572.4837646484375 2558.767578125 986.7117919921875 
173
3 2250.73876953125 605.212158203125 2558.87158203125 1005.20751953125 
174
3 2269.2900390625 641.7128295898438 2558.89013671875 1020.5333251953125 
175
3 2292.323486328125 682.7594604492188 2559.044921875 1028.284423828125 
176
3 2317.451416015625 717.370849609375 2558.934814453125 1037.41552734375 
177
3 2342.692138671875 800.6651611328125 2558.826171875 1046.5709228515625 
178
3 2372.3203125 838.4724731445312 2559.157958984375 1049.6083984375 
179
180
181
182
183
184
185
186
187
188
189
190
191
192
193
194
195
196
197
198
199
200
201
202
203
204
205
206
207
208
209
210
211
212
213
214
215
216
217
218
3 1940.0372314453125 67.01234436035156 2083.75537109375 185.74700927734375 
219
220
221
222
223
224
225
226
227
228
229
230
231
232
233
234
3 2292.802734375 163.64785766601562 2457.69580078125 281.8828430175781 
235
236
237
238
239
240
241
3 2397.171142578125 245.80722045898438 2559.123291015625 327.5721130371094 
242
243
244
245
246
247
248
249
250
251
252
253
254
255
256
257
258
259
260
261
262
263
264
265
266
267
268
269
270
271
272
273
274
275
276
277
278
279
280
281
282
283
284
285
286
287
288
289
290
291
292
293
294
295
296
297
298
299
