0
1
2
3
4
5
6
7
8
9
10
11
12
13
14
15
16
17
18
19
20
21
22
23
24
25
26
27
28
29
30
31
32
33
34
35
36
37
38
39
40
41
42
43
44
45
46
47
48
49
50
51
52
53
54
55
56
57
58
59
60
61
62
63
64
65
66
67
68
69
70
71
72
73
74
75
76
77
78
79
80
81
82
83
84
85
86
87
88
89
90
3 2257.12744140625 202.34695434570312 2411.2021484375 336.23583984375 
91
92
93
3 2256.513427734375 202.43524169921875 2411.375 336.0875244140625 
94
95
96
97
98
99
100
101
102
103
104
3 2252.658447265625 204.3753204345703 2407.4306640625 335.5768737792969 
3 2214.621337890625 174.77310180664062 2408.563232421875 338.4636535644531 
105
106
107
108
109
110
111
112
113
114
115
116
117
118
3 2149.1435546875 179.31576538085938 2286.97900390625 296.7874450683594 
119
120
121
122
123
124
125
126
127
128
129
130
131
132
133
134
135
136
137
138
139
140
141
142
143
144
145
146
147
148
149
150
151
152
153
154
155
156
157
158
3 270.8382263183594 0.0 298.5759582519531 36.69744110107422 
159
3 2504.626220703125 352.97613525390625 2558.928466796875 483.8162841796875 
160
161
3 2460.98583984375 264.988525390625 2559.296875 473.78631591796875 
162
3 2438.671630859375 241.27236938476562 2558.93017578125 456.8000183105469 
163
3 2417.94970703125 231.6561279296875 2559.11962890625 451.95745849609375 
164
3 2394.55859375 192.6223602294922 2558.87451171875 459.716796875 
165
3 2375.26611328125 185.61492919921875 2558.966796875 456.73468017578125 
166
3 2356.29052734375 178.7395477294922 2540.893310546875 447.1458740234375 
167
3 2336.220947265625 171.2315216064453 2516.984375 422.97314453125 
168
3 2314.561279296875 161.83541870117188 2496.320068359375 424.033203125 
169
3 2292.283935546875 154.35687255859375 2474.039794921875 418.6077575683594 
170
3 2272.65966796875 148.45465087890625 2450.055908203125 406.2489318847656 
171
3 2248.5576171875 142.78289794921875 2429.948974609375 421.0592956542969 
172
3 2229.845458984375 132.67404174804688 2404.95166015625 387.7073974609375 
173
3 2205.116943359375 122.63778686523438 2379.22216796875 376.2650146484375 
174
3 2180.570068359375 115.30491638183594 2351.04833984375 380.1740417480469 
175
3 2155.8876953125 108.49169921875 2327.370361328125 362.66339111328125 
3 2320.865234375 119.35263061523438 2383.187744140625 242.91119384765625 
176
3 2135.05419921875 103.45388793945312 2303.72705078125 357.44940185546875 
177
3 2115.1474609375 97.25543212890625 2281.6259765625 369.14996337890625 
178
3 2092.36962890625 91.03347778320312 2256.361572265625 342.82940673828125 
179
3 2069.510009765625 86.50762939453125 2235.05029296875 357.6802062988281 
180
3 2044.265869140625 81.76190185546875 2213.92236328125 343.40826416015625 
181
3 2030.9688720703125 75.67509460449219 2188.66943359375 321.29986572265625 
3 2499.439208984375 234.97210693359375 2558.957763671875 675.4336547851562 
182
3 1998.942138671875 70.06901550292969 2162.220703125 345.52557373046875 
183
3 1979.056884765625 62.496498107910156 2136.048828125 315.9732666015625 
184
3 1957.4903564453125 57.120941162109375 2107.15625 309.678466796875 
3 2130.114013671875 65.77349853515625 2183.3671875 184.06622314453125 
185
3 1927.6966552734375 51.0316162109375 2078.919189453125 305.0976867675781 
186
3 1901.4007568359375 47.806121826171875 2050.805908203125 296.3297424316406 
187
3 1878.74609375 44.27220153808594 2025.0108642578125 297.4554443359375 
188
3 1862.5009765625 42.25563049316406 2001.1395263671875 293.41387939453125 
189
3 1836.62548828125 38.357269287109375 1978.2144775390625 286.8619689941406 
190
3 1822.0504150390625 39.04412841796875 1958.952880859375 282.9281311035156 
191
3 1810.25 35.23197937011719 1938.0013427734375 291.36322021484375 
192
3 1792.4007568359375 28.842742919921875 1913.3651123046875 272.2540283203125 
193
3 1769.0986328125 28.523422241210938 1890.8323974609375 272.7132873535156 
194
3 1747.009033203125 25.2557373046875 1866.7080078125 262.87579345703125 
195
3 1729.47900390625 21.095062255859375 1843.8958740234375 257.9207763671875 
196
3 1710.046630859375 20.621559143066406 1823.74462890625 253.73263549804688 
197
3 1691.7862548828125 18.17290496826172 1802.1875 255.47259521484375 
198
3 1680.8170166015625 14.559059143066406 1785.052978515625 252.10357666015625 
199
3 1666.2269287109375 14.278877258300781 1769.30615234375 250.375244140625 
200
3 1654.5107421875 11.1807861328125 1753.65234375 244.80783081054688 
201
3 1640.401123046875 8.569076538085938 1738.4654541015625 244.47427368164062 
202
3 1625.6976318359375 9.19866943359375 1721.3668212890625 241.31597900390625 
203
3 1610.5770263671875 5.287139892578125 1707.80224609375 240.51815795898438 
204
3 1593.527099609375 3.5056915283203125 1689.55078125 255.89791870117188 
205
3 1574.57861328125 1.362152099609375 1673.888671875 236.58404541015625 
206
3 1559.3880615234375 0.1242523193359375 1655.2413330078125 230.20736694335938 
207
3 1538.069580078125 0.0 1639.747802734375 234.53826904296875 
208
3 1517.9510498046875 0.0 1622.0404052734375 243.6614990234375 
209
3 1496.275146484375 0.0 1605.1707763671875 228.0849609375 
210
3 1475.24267578125 0.0 1582.1241455078125 221.750244140625 
211
3 1449.1627197265625 0.0 1558.895751953125 221.33221435546875 
212
3 1430.65966796875 0.0 1536.4603271484375 221.88507080078125 
213
3 1407.3243408203125 0.0 1511.4317626953125 223.43463134765625 
3 1407.5684814453125 0.0 1511.7760009765625 222.67462158203125 
214
3 1385.783935546875 0.8076324462890625 1489.3284912109375 220.4134521484375 
215
3 1365.5509033203125 0.1178131103515625 1465.985107421875 227.933349609375 
216
3 1344.2379150390625 0.0 1442.7711181640625 230.49868774414062 
217
3 1321.3953857421875 0.0 1419.12939453125 229.02627563476562 
218
3 1313.47412109375 0.0 1395.0821533203125 232.6690673828125 
219
3 1288.9925537109375 0.6915130615234375 1370.338134765625 226.805908203125 
220
3 1256.4676513671875 0.46844482421875 1353.154296875 230.33856201171875 
221
3 1240.880859375 0.1422576904296875 1337.1497802734375 234.92999267578125 
222
3 1217.44580078125 0.5127410888671875 1303.235107421875 224.5640869140625 
223
3 1195.695556640625 0.03566741943359375 1275.8704833984375 155.60557556152344 
224
3 1167.16259765625 0.0 1253.11962890625 158.29913330078125 
225
3 1144.4207763671875 0.0 1229.6231689453125 158.93255615234375 
226
3 1123.3714599609375 0.0 1205.6180419921875 161.93057250976562 
227
3 1095.115478515625 0.0 1178.4278564453125 161.7233123779297 
228
3 1068.463134765625 0.0 1175.1090087890625 231.691162109375 
229
3 1042.6531982421875 0.0 1147.3460693359375 233.54852294921875 
230
3 1016.9849853515625 0.0 1118.1290283203125 233.23486328125 
231
3 991.8353881835938 4.099693298339844 1080.7237548828125 234.99560546875 
232
3 966.1636352539062 8.263114929199219 1071.4306640625 230.15557861328125 
233
3 939.2380981445312 11.801261901855469 1031.927978515625 242.0504150390625 
234
3 914.5540771484375 14.723320007324219 1010.5020751953125 244.83209228515625 
235
3 889.0963134765625 19.97675323486328 987.4767456054688 246.12533569335938 
236
3 865.0153198242188 23.689437866210938 957.77978515625 189.5879364013672 
237
3 838.6851196289062 26.237823486328125 935.8917236328125 191.25164794921875 
3 838.0943603515625 26.078041076660156 952.5231323242188 245.73348999023438 
238
3 813.3150634765625 29.580001831054688 912.1412353515625 195.61053466796875 
239
3 791.0469970703125 32.23968505859375 907.2193603515625 253.9488525390625 
240
3 770.0731201171875 35.21227264404297 889.6885375976562 259.3841552734375 
241
3 745.2478637695312 38.761962890625 867.5584106445312 261.4250793457031 
3 745.9915771484375 38.94337463378906 864.7823486328125 261.8937683105469 
242
3 719.9713745117188 42.365447998046875 848.5394287109375 262.98736572265625 
3 720.1445922851562 43.357337951660156 844.2357177734375 263.8564453125 
243
3 700.7464599609375 47.57093811035156 829.6026000976562 266.66412353515625 
3 700.510009765625 47.111671447753906 827.0606079101562 267.86212158203125 
244
3 677.6954956054688 50.2396240234375 812.3939819335938 272.5050354003906 
245
3 653.4503173828125 53.934906005859375 787.9296875 274.42449951171875 
246
3 629.2716064453125 59.07157897949219 774.72021484375 276.8355712890625 
247
3 604.7493896484375 64.6297836303711 753.5651245117188 280.0787353515625 
248
3 581.4315185546875 71.0533447265625 733.5179443359375 282.1752014160156 
249
3 553.2583618164062 75.7689437866211 710.4298095703125 287.7306823730469 
250
3 529.0848388671875 82.37483978271484 686.9009399414062 289.2229309082031 
251
3 502.6003112792969 87.04190826416016 665.2899169921875 293.0307312011719 
252
3 475.8399353027344 93.71954345703125 652.2589111328125 298.98211669921875 
3 2499.384765625 93.53956604003906 2527.53466796875 136.96066284179688 
253
3 448.67059326171875 98.69902038574219 624.5638427734375 310.66998291015625 
254
3 422.54608154296875 103.48605346679688 575.5999145507812 309.5380554199219 
255
3 393.8865661621094 107.19424438476562 562.1444702148438 311.74456787109375 
3 2438.143310546875 78.63137817382812 2465.149658203125 119.57766723632812 
256
257
3 340.7857666015625 118.3096923828125 482.11962890625 322.4552917480469 
258
3 312.7220153808594 123.50387573242188 448.18243408203125 329.1263122558594 
259
3 286.4193420410156 130.38339233398438 423.35223388671875 336.9829406738281 
260
3 259.60504150390625 135.96893310546875 402.1367492675781 344.9533996582031 
261
3 233.2550048828125 143.20315551757812 383.4112854003906 353.8654479980469 
262
3 204.46678161621094 150.58999633789062 361.2099609375 360.38043212890625 
263
3 177.01531982421875 158.819580078125 338.16009521484375 372.0921936035156 
264
3 152.36297607421875 166.94430541992188 320.16619873046875 379.6137390136719 
265
3 125.9307861328125 175.02511596679688 295.82208251953125 393.20989990234375 
266
3 101.21873474121094 183.5480194091797 275.8262939453125 402.00396728515625 
267
3 72.6659927368164 191.52947998046875 254.25711059570312 409.6015625 
3 2185.08935546875 18.494239807128906 2208.617919921875 60.81896209716797 
268
3 48.77696228027344 197.99020385742188 236.03582763671875 414.9364929199219 
269
3 22.488380432128906 206.40679931640625 209.93032836914062 423.5583190917969 
270
3 0.0510406494140625 214.8107147216797 190.90721130371094 428.2967529296875 
271
3 0.23248291015625 221.29916381835938 160.90277099609375 442.4414367675781 
272
273
274
3 2052.655029296875 0.0 2076.8076171875 35.933555603027344 
275
3 0.14958572387695312 363.64727783203125 60.24068069458008 465.98443603515625 
276
277
278
279
280
281
282
283
284
285
286
287
288
289
290
291
292
293
294
295
296
297
298
299
300
301
302
303
304
305
306
307
308
309
310
311
312
313
314
315
316
317
318
319
320
321
322
323
324
325
326
327
328
329
330
331
332
333
334
335
336
337
338
339
340
341
342
343
344
345
346
347
348
349
350
351
352
353
354
355
356
357
358
359
