0
1
2
3
4
5
6
7
8
9
10
11
12
13
14
15
16
17
18
19
20
21
22
23
24
25
26
27
28
29
30
31
32
33
34
35
36
37
38
39
40
41
42
43
44
45
46
47
48
49
50
51
52
53
54
55
56
57
58
59
60
61
62
63
64
65
66
67
68
69
70
71
72
73
74
75
76
77
78
79
80
81
82
83
84
85
86
87
88
89
90
91
92
93
94
95
96
97
98
99
100
101
102
103
104
105
106
107
108
109
110
111
112
113
114
115
116
117
118
119
120
121
122
123
124
3 0.08577919006347656 359.2764587402344 33.642974853515625 480.7369384765625 
125
126
127
128
129
130
131
132
133
134
135
136
137
138
139
140
141
142
143
144
145
146
147
148
149
150
151
152
153
154
155
3 0.06170368194580078 413.7615966796875 35.59193420410156 532.4375 
156
3 0.0 389.55718994140625 43.6644287109375 530.8925170898438 
157
158
159
160
161
162
163
164
165
166
167
168
169
170
171
172
173
174
3 0.0 352.74432373046875 35.79392623901367 490.4580078125 
175
3 0.12998056411743164 348.59735107421875 53.68888854980469 464.8838195800781 
176
3 2.9329848289489746 337.79034423828125 73.1851806640625 457.24127197265625 
3 0.5138740539550781 1186.9560546875 94.57339477539062 2091.327880859375 
177
3 25.259199142456055 333.1608581542969 94.81938171386719 443.4134521484375 
178
179
3 0.7123088836669922 1879.8138427734375 206.08599853515625 2092.8984375 
180
181
182
183
3 0.3032684326171875 1341.769287109375 280.5195007324219 2048.485107421875 
184
3 0.3580970764160156 1311.0040283203125 304.9527282714844 2025.8258056640625 
185
3 0.6082820892333984 1248.4412841796875 326.8489990234375 2013.3094482421875 
186
3 0.40173912048339844 1274.077880859375 350.0172119140625 2001.7950439453125 
187
3 0.6871376037597656 1263.143310546875 320.1051025390625 1977.2969970703125 
188
3 0.7453765869140625 1190.8909912109375 396.08013916015625 1968.995361328125 
189
3 1.036285400390625 1162.170654296875 418.728271484375 1954.2484130859375 
190
3 0.8023910522460938 1145.843017578125 437.09149169921875 1940.0738525390625 
191
3 0.8387603759765625 1138.13818359375 453.52227783203125 1926.864013671875 
192
3 1.3050498962402344 1143.8221435546875 473.86395263671875 1925.75634765625 
193
3 0.9774169921875 1134.163818359375 474.7387390136719 1909.980224609375 
194
3 1.1297836303710938 1077.7811279296875 501.7633056640625 1909.2978515625 
3 464.7120361328125 186.54913330078125 526.230224609375 291.6617431640625 
195
3 1.2771835327148438 1060.197509765625 520.99267578125 1891.018310546875 
196
3 0.9802780151367188 934.602783203125 537.9847412109375 1883.876220703125 
197
3 1.131134033203125 880.9403076171875 555.18994140625 1874.347412109375 
198
3 1.3255691528320312 850.6995849609375 567.2943725585938 1866.7774658203125 
199
3 1.3614578247070312 832.9843139648438 581.4522705078125 1858.637939453125 
200
3 1.4373779296875 826.6906127929688 590.0111083984375 1858.4443359375 
201
3 1.1553497314453125 821.1520385742188 599.5875244140625 1852.293701171875 
202
3 1.1744842529296875 818.7632446289062 599.6221923828125 1852.061767578125 
203
3 1.493133544921875 809.093017578125 605.7520751953125 1848.2294921875 
204
3 1.6425018310546875 804.9752197265625 610.3349609375 1845.0032958984375 
3 600.2449951171875 150.886962890625 653.0577392578125 251.85887145996094 
205
3 1.5017852783203125 801.26318359375 614.870849609375 1842.183837890625 
206
3 1.4039154052734375 793.156494140625 614.8369750976562 1836.3460693359375 
207
0 1.2675933837890625 786.8988647460938 624.743408203125 1832.1265869140625 
208
0 1.300506591796875 782.5272216796875 633.4744873046875 1830.6177978515625 
209
0 1.1886749267578125 781.0468139648438 636.845703125 1825.928466796875 
210
0 1.1999359130859375 779.3726806640625 640.1531982421875 1826.60693359375 
211
0 1.225433349609375 777.4698486328125 647.1349487304688 1825.9755859375 
212
0 1.9037017822265625 775.47802734375 648.3211669921875 1826.1243896484375 
213
0 1.4258193969726562 777.3922119140625 653.78955078125 1822.4990234375 
214
0 1.2235107421875 775.2861328125 654.5 1822.9903564453125 
215
0 1.316253662109375 774.5663452148438 660.9530639648438 1826.267578125 
216
0 1.2628326416015625 772.1134643554688 661.2652587890625 1822.79052734375 
217
0 1.2860870361328125 768.878173828125 663.923583984375 1817.2298583984375 
218
0 1.1954498291015625 766.8262939453125 665.7506713867188 1812.73095703125 
219
0 1.0732269287109375 763.9486083984375 665.5713500976562 1811.8515625 
220
0 1.1238784790039062 761.807373046875 668.3616333007812 1813.05908203125 
221
0 1.0541152954101562 761.5177001953125 670.302734375 1810.65673828125 
222
0 1.0960693359375 762.2202758789062 673.5360107421875 1811.1251220703125 
223
0 0.9881057739257812 763.301513671875 670.7840576171875 1812.89794921875 
224
0 1.024383544921875 762.8699340820312 657.5791625976562 1805.654541015625 
225
0 0.8783111572265625 766.2269897460938 675.318115234375 1812.7789306640625 
226
0 0.9180908203125 767.2647705078125 671.9232177734375 1809.595458984375 
227
0 0.835968017578125 767.2575073242188 667.8497924804688 1809.093505859375 
228
0 0.9144973754882812 767.48583984375 671.4453735351562 1811.18408203125 
229
0 0.9062347412109375 766.66552734375 675.0810546875 1811.08349609375 
230
0 1.1155471801757812 762.4850463867188 670.0721435546875 1812.551513671875 
231
0 1.1660614013671875 762.9244384765625 664.8819580078125 1811.8095703125 
232
0 1.2058181762695312 765.810546875 662.92822265625 1813.710693359375 
233
0 1.2249526977539062 768.9609375 660.2451782226562 1823.176513671875 
234
0 1.2938232421875 773.1156005859375 656.7236938476562 1823.3060302734375 
235
0 1.1741867065429688 777.6941528320312 647.7826538085938 1825.8394775390625 
236
0 1.1399688720703125 781.27783203125 639.0751953125 1830.916748046875 
237
3 1.2595367431640625 783.1568603515625 634.642822265625 1835.6121826171875 
238
3 1.0249099731445312 787.569580078125 629.749267578125 1836.42041015625 
239
3 1.2674560546875 790.7135009765625 617.461181640625 1835.86279296875 
240
3 1.45550537109375 802.1700439453125 609.3031616210938 1846.64306640625 
241
3 1.3217926025390625 807.0349731445312 600.1507568359375 1849.2330322265625 
242
3 1.1688079833984375 820.9442138671875 591.002685546875 1857.8778076171875 
243
3 1.2957229614257812 832.9705810546875 579.8700561523438 1864.7955322265625 
244
3 1.3533782958984375 853.6492919921875 567.488525390625 1868.6151123046875 
245
3 1.238250732421875 879.1906127929688 558.6024780273438 1875.871826171875 
246
3 1.0782623291015625 914.6485595703125 533.4574584960938 1880.404541015625 
247
3 1.064208984375 986.8698120117188 510.2958068847656 1886.33251953125 
248
3 1.1525115966796875 1052.89306640625 520.603515625 1893.04833984375 
249
3 1.0725631713867188 1073.5537109375 507.1095886230469 1898.5517578125 
250
3 1.1194953918457031 1084.7978515625 492.24725341796875 1908.616455078125 
251
3 1.3437652587890625 1116.456298828125 480.1549072265625 1918.8350830078125 
252
3 1.2060813903808594 1132.603515625 467.2912902832031 1924.373779296875 
253
3 0.9291114807128906 1153.978515625 451.2668151855469 1928.474365234375 
254
3 0.6399879455566406 1147.99658203125 421.1562194824219 1931.77099609375 
255
3 0.6962699890136719 1150.3369140625 438.7520751953125 1942.1444091796875 
256
3 0.9163742065429688 1212.06640625 377.7564392089844 1945.0550537109375 
257
3 0.9583168029785156 1166.674072265625 417.3465270996094 1950.212158203125 
258
3 0.67437744140625 1183.968505859375 411.77484130859375 1956.34912109375 
259
3 0.6265983581542969 1199.8416748046875 400.6183776855469 1963.7200927734375 
260
3 0.6302947998046875 1252.320068359375 391.7098388671875 1965.241455078125 
261
3 0.8832321166992188 1268.5263671875 382.1360168457031 1978.782470703125 
262
3 0.6584815979003906 1278.3636474609375 368.9757995605469 1978.2037353515625 
263
3 0.7441635131835938 1268.41845703125 367.9156799316406 1989.2685546875 
264
3 0.5751399993896484 1284.0582275390625 324.5205078125 1988.5997314453125 
265
3 0.7148666381835938 1254.201904296875 356.1270446777344 1995.352294921875 
266
3 0.27147674560546875 1221.3861083984375 346.20477294921875 1993.925537109375 
267
3 0.5314464569091797 1221.1334228515625 351.2009582519531 2010.573974609375 
268
3 0.8512344360351562 1233.1806640625 346.1295166015625 2003.96630859375 
269
3 0.4847431182861328 1241.880859375 303.22393798828125 1999.0078125 
270
3 0.5302276611328125 1250.865234375 342.08062744140625 1999.501220703125 
271
3 0.4408721923828125 1257.189453125 345.7815856933594 2001.4888916015625 
272
3 0.35950469970703125 1259.2349853515625 346.65142822265625 2006.047119140625 
273
3 0.35900115966796875 1258.325927734375 347.1825256347656 2009.3953857421875 
274
3 0.4411468505859375 1254.80029296875 344.75439453125 1999.9083251953125 
275
3 0.373626708984375 1253.7867431640625 348.5660705566406 2006.6070556640625 
276
3 0.5110244750976562 1240.92041015625 348.01702880859375 2007.914306640625 
277
3 0.6400337219238281 1243.7811279296875 347.96258544921875 2008.6212158203125 
278
3 0.5960826873779297 1240.99951171875 353.504150390625 2012.495849609375 
279
3 0.5543460845947266 1239.73291015625 327.7275390625 2009.1859130859375 
280
3 0.627777099609375 1236.4676513671875 357.40899658203125 1996.4307861328125 
281
3 0.905364990234375 1229.7333984375 360.0374755859375 1996.3721923828125 
282
3 0.24571609497070312 1225.161865234375 359.48590087890625 1992.76171875 
3 284.3218688964844 236.72796630859375 349.6834716796875 346.6114501953125 
283
3 0.25186729431152344 1225.550048828125 359.15655517578125 1990.625732421875 
284
3 0.2216949462890625 1230.2890625 350.4793701171875 1991.0615234375 
285
3 0.782135009765625 1234.2386474609375 364.2406005859375 1991.452880859375 
286
3 0.8192596435546875 1230.917724609375 359.3789978027344 1989.442626953125 
287
3 0.20013999938964844 1226.0137939453125 347.576171875 1989.412841796875 
3 284.0578308105469 236.1993408203125 350.3963623046875 348.7715148925781 
288
3 0.3148956298828125 1221.681884765625 321.6317138671875 1986.8056640625 
289
3 0.636383056640625 1230.8138427734375 364.25579833984375 1987.3828125 
290
3 0.7241477966308594 1267.346923828125 371.5701904296875 1984.5611572265625 
291
3 0.7321929931640625 1244.06982421875 370.00079345703125 1983.482177734375 
3 295.35888671875 231.177734375 363.8963928222656 340.75494384765625 
292
3 0.6755218505859375 1233.8314208984375 373.980224609375 1980.864013671875 
293
3 0.7735061645507812 1275.795166015625 379.3428955078125 1986.806396484375 
294
3 1.0103645324707031 1267.40869140625 373.4759826660156 1980.981689453125 
295
3 0.6431007385253906 1238.947509765625 378.49151611328125 1973.927734375 
296
3 0.8199462890625 1268.9700927734375 382.6869812011719 1976.17822265625 
297
3 0.6713790893554688 1275.438232421875 385.7214660644531 1974.83056640625 
298
3 0.9744644165039062 1271.927734375 388.744384765625 1969.700439453125 
3 319.9513244628906 227.5125274658203 379.0804443359375 334.6758728027344 
299
3 0.946197509765625 1255.664794921875 389.0177307128906 1968.09716796875 
300
3 0.8956146240234375 1266.7728271484375 394.5562744140625 1972.275146484375 
301
3 0.6116294860839844 1217.89990234375 394.3856201171875 1972.800048828125 
302
3 0.6191139221191406 1244.619384765625 395.57183837890625 1971.674072265625 
303
3 0.6388092041015625 1217.6029052734375 401.858154296875 1964.75537109375 
304
3 0.6250877380371094 1215.3802490234375 402.56744384765625 1960.4716796875 
305
3 0.954803466796875 1224.5938720703125 406.6888427734375 1954.553466796875 
306
3 0.9586029052734375 1228.177978515625 422.50714111328125 1948.309326171875 
307
3 0.9883346557617188 1211.6103515625 426.3263854980469 1940.9130859375 
308
3 0.8148422241210938 1215.2296142578125 376.97869873046875 1933.335693359375 
309
3 0.5247344970703125 1148.731201171875 392.2817687988281 1933.3414306640625 
310
3 0.7766990661621094 1144.6025390625 442.9161071777344 1932.388671875 
311
3 0.8032264709472656 1140.07666015625 441.3690490722656 1928.5869140625 
312
3 0.9664535522460938 1134.5958251953125 455.6772766113281 1924.48193359375 
313
3 0.9805183410644531 1123.1383056640625 464.5428771972656 1923.26953125 
314
3 1.185699462890625 1113.912353515625 474.7372741699219 1917.296142578125 
315
3 1.2007598876953125 1104.08154296875 480.0381774902344 1910.69873046875 
316
3 1.1050987243652344 1083.781005859375 492.2423095703125 1903.323486328125 
317
3 1.0818214416503906 1066.767578125 502.354248046875 1897.5933837890625 
318
3 1.1370849609375 1051.7960205078125 507.6287841796875 1892.78466796875 
319
3 0.9186744689941406 961.5119018554688 503.8320007324219 1882.140625 
320
3 0.92449951171875 920.2835083007812 511.9413757324219 1883.943115234375 
321
3 1.2284088134765625 899.5147705078125 528.1268920898438 1879.746826171875 
322
3 1.1805610656738281 892.938720703125 522.212646484375 1873.456298828125 
323
3 1.1655006408691406 891.881103515625 549.804931640625 1870.2880859375 
324
3 1.2477493286132812 898.402099609375 552.4917602539062 1863.3057861328125 
325
3 1.39471435546875 899.3622436523438 567.0909423828125 1861.06201171875 
326
3 1.3349876403808594 908.32470703125 572.162353515625 1855.2520751953125 
327
3 1.430145263671875 913.3818969726562 580.4857177734375 1853.3843994140625 
328
3 1.2547760009765625 917.7601318359375 585.0616455078125 1847.644775390625 
329
3 1.194305419921875 924.9305419921875 586.546630859375 1850.2752685546875 
330
3 0.8631820678710938 932.3201293945312 591.5595703125 1845.891357421875 
331
3 1.044158935546875 935.312255859375 595.536865234375 1843.411376953125 
332
3 1.0026397705078125 943.6710205078125 602.2080078125 1845.5126953125 
333
3 0.9270172119140625 946.08984375 603.3226318359375 1845.6060791015625 
334
3 0.8641204833984375 948.061279296875 606.2723388671875 1839.65771484375 
3 599.2076416015625 147.23220825195312 654.903076171875 248.64830017089844 
335
3 0.9586029052734375 945.9864501953125 613.7088623046875 1836.583984375 
336
3 0.7906494140625 945.4132080078125 619.6829833984375 1837.473876953125 
337
3 0.7048187255859375 945.8995971679688 625.7019653320312 1835.18798828125 
338
0 0.8148422241210938 943.44189453125 634.3443603515625 1830.667236328125 
339
0 0.819122314453125 941.20947265625 646.7181396484375 1824.0765380859375 
340
0 1.3916473388671875 938.39697265625 655.7921142578125 1821.888671875 
341
0 1.5106658935546875 930.1386108398438 664.149169921875 1815.31640625 
342
0 1.8483123779296875 923.8317260742188 674.989501953125 1807.7340087890625 
343
0 1.0001449584960938 917.353515625 687.6092529296875 1803.4127197265625 
344
0 1.20355224609375 910.3992919921875 698.70947265625 1797.9239501953125 
345
0 1.2224349975585938 901.39990234375 710.2044677734375 1789.36181640625 
346
0 14.326080322265625 894.0684814453125 722.4131469726562 1785.7734375 
347
0 33.791839599609375 885.305419921875 740.5343627929688 1775.8260498046875 
348
0 50.99583435058594 875.5426025390625 757.1751708984375 1774.151123046875 
349
0 70.27448272705078 866.0142822265625 772.9033203125 1768.3626708984375 
350
0 89.97857666015625 860.5186767578125 784.6053466796875 1762.1561279296875 
351
0 109.15807342529297 853.4932861328125 808.19091796875 1758.98681640625 
352
0 134.92140197753906 847.8746337890625 825.6361083984375 1750.9266357421875 
353
0 157.27902221679688 841.2935791015625 839.314697265625 1743.189453125 
354
0 182.47622680664062 828.541259765625 860.2959594726562 1738.6812744140625 
3 887.8114013671875 87.44874572753906 942.5234375 185.55496215820312 
355
0 205.5391845703125 823.0922241210938 877.05078125 1729.568115234375 
356
0 230.95509338378906 816.0157470703125 898.0142211914062 1726.642822265625 
357
0 248.91989135742188 806.7973022460938 912.2777099609375 1718.54150390625 
358
0 269.41583251953125 801.705322265625 935.063720703125 1713.8177490234375 
359
0 288.5179138183594 792.5930786132812 946.3734130859375 1707.1871337890625 
360
0 307.60003662109375 784.428955078125 959.7923583984375 1704.7532958984375 
361
0 327.09112548828125 772.3423461914062 975.6172485351562 1698.6016845703125 
362
0 352.08831787109375 762.5703735351562 999.7337036132812 1687.353271484375 
363
0 379.8028564453125 750.35302734375 1020.490234375 1681.828857421875 
364
0 408.892578125 741.7651977539062 1041.467041015625 1672.0968017578125 
365
0 433.8479919433594 729.782470703125 1064.971923828125 1667.67333984375 
366
0 459.6063537597656 725.1845703125 1086.8175048828125 1662.520751953125 
367
0 479.7528991699219 717.978515625 1105.53564453125 1654.4813232421875 
368
0 498.01885986328125 713.9818115234375 1125.5933837890625 1659.003662109375 
3 1455.08740234375 10.952064514160156 1501.5887451171875 128.55853271484375 
369
0 517.4348754882812 707.5848999023438 1142.733642578125 1649.956787109375 
3 1473.5689697265625 10.805774688720703 1516.9495849609375 127.76715087890625 
370
0 534.7926635742188 702.38525390625 1164.6580810546875 1646.8392333984375 
3 1486.46728515625 9.15761947631836 1529.7374267578125 128.6708221435547 
371
0 552.03125 697.4156494140625 1179.976318359375 1641.746826171875 
372
0 571.179443359375 692.9428100585938 1199.625244140625 1642.760986328125 
373
0 591.04345703125 686.7745971679688 1222.076416015625 1636.1708984375 
374
0 611.7181396484375 679.2567138671875 1245.052001953125 1633.512451171875 
375
0 633.0821533203125 676.0556640625 1258.2281494140625 1633.641845703125 
376
0 653.9487915039062 671.64453125 1281.5126953125 1625.303466796875 
377
0 676.9857177734375 667.5511474609375 1307.058837890625 1626.8441162109375 
378
0 704.9876708984375 665.5678100585938 1333.3040771484375 1623.7481689453125 
379
0 728.450439453125 656.1549072265625 1356.92626953125 1610.8897705078125 
380
0 760.458740234375 651.00390625 1388.9327392578125 1611.4013671875 
381
0 788.9986572265625 642.7105712890625 1418.653564453125 1605.16455078125 
3 0.044119834899902344 284.8668212890625 28.05842399597168 535.3178100585938 
382
0 818.9404296875 636.3041381835938 1446.0771484375 1598.4049072265625 
383
0 851.293701171875 630.729736328125 1476.47998046875 1598.0745849609375 
384
0 885.9907836914062 627.4180908203125 1516.1624755859375 1591.1531982421875 
385
0 923.0817260742188 624.3062744140625 1552.6483154296875 1593.65283203125 
386
0 959.6629028320312 621.75244140625 1587.488037109375 1588.6343994140625 
387
0 1001.6215209960938 617.1666259765625 1629.4647216796875 1583.5616455078125 
388
0 1042.8828125 613.017822265625 1665.406494140625 1585.831787109375 
389
0 1080.6241455078125 609.7999877929688 1709.1258544921875 1575.199951171875 
390
0 1123.424560546875 602.2967529296875 1750.657958984375 1572.4742431640625 
391
0 1164.33056640625 595.461669921875 1792.21875 1567.993896484375 
392
0 1203.423828125 592.3372802734375 1829.2568359375 1557.33984375 
393
0 1244.711181640625 591.078125 1869.5950927734375 1560.992431640625 
394
0 1287.848876953125 590.7874755859375 1921.72265625 1558.90185546875 
395
0 1333.9212646484375 592.8479614257812 1959.3255615234375 1557.948486328125 
396
0 1377.51220703125 592.4566650390625 2010.990966796875 1553.1785888671875 
397
0 1424.3865966796875 587.0399169921875 2055.999267578125 1554.29150390625 
3 2399.79736328125 26.065006256103516 2441.32763671875 116.21239471435547 
398
0 1467.7684326171875 581.1946411132812 2112.192626953125 1549.2886962890625 
399
0 1515.751708984375 577.0506591796875 2157.16943359375 1543.00927734375 
400
0 1562.0625 572.3988037109375 2210.0615234375 1547.8905029296875 
401
0 1606.6845703125 571.7664794921875 2257.932861328125 1539.320556640625 
402
0 1652.97021484375 574.7330932617188 2304.33740234375 1544.038330078125 
403
0 1702.6959228515625 579.5352172851562 2359.326416015625 1542.4814453125 
404
0 1754.8466796875 577.4168701171875 2405.61572265625 1542.3511962890625 
405
0 1803.560546875 579.72607421875 2462.62646484375 1543.39013671875 
406
0 1853.1807861328125 577.651123046875 2510.01123046875 1539.4149169921875 
407
0 1892.328369140625 578.210693359375 2571.2587890625 1540.9822998046875 
408
0 1935.10546875 593.65771484375 2609.4208984375 1546.5234375 
409
0 1980.998046875 601.5457763671875 2669.36962890625 1556.86328125 
410
0 2020.609130859375 610.81591796875 2715.6611328125 1558.9354248046875 
3 0.2323150634765625 491.4251403808594 140.70718383789062 695.1976928710938 
411
0 2064.3115234375 618.147705078125 2774.32421875 1559.559326171875 
3 0.38992881774902344 258.6415710449219 173.0814208984375 686.438720703125 
412
0 2100.06396484375 624.1118774414062 2823.002685546875 1560.453857421875 
3 0.3143291473388672 211.05548095703125 206.2421875 675.0675659179688 
413
0 2143.211669921875 630.609375 2876.459228515625 1566.974365234375 
3 0.2187480926513672 183.04408264160156 231.5096435546875 651.7794189453125 
414
0 2186.28466796875 631.5228881835938 2928.1630859375 1567.15283203125 
3 17.87743377685547 164.51454162597656 270.5461120605469 680.4853515625 
415
0 2230.95458984375 640.0578002929688 2972.966796875 1572.153564453125 
3 56.348854064941406 152.7579345703125 287.538330078125 625.00390625 
416
0 2271.94970703125 649.2332763671875 3027.587646484375 1584.580078125 
3 95.83293914794922 140.69296264648438 335.1571350097656 617.49609375 
417
0 2312.08447265625 662.04345703125 3069.05322265625 1577.300048828125 
3 132.39859008789062 128.57086181640625 356.28253173828125 611.947998046875 
418
0 2360.46728515625 670.8822021484375 3123.25146484375 1598.19873046875 
3 180.02676391601562 114.70296478271484 410.24615478515625 603.3988647460938 
419
0 2404.87158203125 684.746337890625 3179.337890625 1602.39892578125 
3 223.26100158691406 100.81942749023438 439.8641052246094 586.2351684570312 
420
0 2452.336181640625 696.2598876953125 3231.337646484375 1555.0213623046875 
3 264.57147216796875 84.02934265136719 482.0799560546875 564.016357421875 
421
0 2498.0859375 698.709228515625 3285.211669921875 1618.33056640625 
3 304.5964660644531 65.52639770507812 517.9593505859375 553.705322265625 
422
0 2541.23291015625 709.725830078125 3337.71630859375 1627.74853515625 
3 343.3514404296875 54.38676452636719 552.4378662109375 536.9577026367188 
423
0 2581.79296875 720.6589965820312 3386.9130859375 1637.82275390625 
3 383.1448669433594 43.771087646484375 595.9556274414062 555.820556640625 
424
0 2624.22998046875 736.4365234375 3434.29736328125 1646.9366455078125 
3 418.182861328125 37.473175048828125 633.6685791015625 525.025634765625 
425
0 2671.291748046875 748.7385864257812 3484.9326171875 1661.0555419921875 
3 454.78045654296875 27.55052947998047 673.8125610351562 522.6466064453125 
426
0 2707.572265625 757.506591796875 3534.86669921875 1675.9222412109375 
3 505.5449523925781 12.951667785644531 707.1839599609375 496.7872009277344 
427
0 2752.963134765625 769.2686767578125 3586.36962890625 1689.712890625 
3 552.1947021484375 1.6706085205078125 743.481689453125 493.8901062011719 
3 2820.1279296875 79.33128356933594 2859.74609375 223.4754638671875 
428
0 2792.681884765625 775.8800048828125 3643.60498046875 1629.062255859375 
3 588.513916015625 0.0 781.7718505859375 467.18017578125 
429
0 2841.15185546875 787.4595336914062 3696.7587890625 1705.6376953125 
3 630.1255493164062 0.819488525390625 824.4295654296875 451.6733093261719 
430
3 672.98291015625 0.0 863.6356201171875 467.8878173828125 
0 2882.77734375 798.9310302734375 3751.86376953125 1720.4307861328125 
0 2884.514404296875 801.7755126953125 3748.53515625 1717.1123046875 
431
3 714.5615234375 0.6883392333984375 909.6019287109375 430.31829833984375 
0 2922.18896484375 824.248291015625 3790.70166015625 1741.593994140625 
432
0 2960.905517578125 844.9389038085938 3837.444580078125 1759.0367431640625 
3 760.893310546875 0.72821044921875 954.9618530273438 445.8885498046875 
433
0 3008.3291015625 864.5916137695312 3839.879150390625 1773.315673828125 
3 802.691162109375 0.0 997.25146484375 430.31402587890625 
434
0 3043.98095703125 887.5875244140625 3840.0 1794.0322265625 
3 845.0242919921875 1.2413978576660156 1039.81640625 429.94488525390625 
435
3 3087.67529296875 926.2673950195312 3837.36279296875 1852.4285888671875 
3 893.8357543945312 0.0 1081.3846435546875 404.8037109375 
436
3 3128.7333984375 948.0584716796875 3837.98291015625 1834.412841796875 
3 932.737060546875 0.0032958984375 1124.9149169921875 404.2205810546875 
437
3 981.76123046875 0.0 1165.240478515625 383.255859375 
0 3175.60693359375 961.0794067382812 3838.43603515625 1775.0064697265625 
438
3 1018.3397827148438 0.0 1201.78466796875 406.7809753417969 
3 3209.77001953125 975.9398803710938 3838.30078125 1848.5804443359375 
439
3 1062.50927734375 0.0 1242.3160400390625 386.30108642578125 
3 3249.572021484375 1026.322021484375 3838.49755859375 1863.598388671875 
440
3 3286.815673828125 1079.8175048828125 3838.2294921875 1845.9312744140625 
3 1109.64013671875 0.0 1286.09619140625 391.22314453125 
441
3 1155.7568359375 0.0 1328.3526611328125 383.65789794921875 
3 3325.29345703125 1140.723876953125 3838.3671875 1858.663330078125 
442
3 1207.403564453125 0.0 1369.504150390625 379.77923583984375 
3 3366.669921875 1213.484375 3838.27734375 1870.905029296875 
443
3 1251.6676025390625 0.0 1412.228271484375 365.5740051269531 
3 3409.48388671875 1299.6009521484375 3838.37646484375 1890.1834716796875 
3 1252.879150390625 0.0 1414.9871826171875 370.7520446777344 
444
3 1299.300537109375 0.0 1475.3966064453125 367.7998046875 
3 3443.3203125 1358.02001953125 3838.305908203125 1906.06982421875 
445
3 1341.6077880859375 0.0 1528.442626953125 356.928955078125 
3 3494.87060546875 1493.859130859375 3838.4404296875 1923.376953125 
3 1343.16796875 0.5825157165527344 1529.37158203125 356.1240234375 
446
3 1389.638916015625 0.09538650512695312 1578.59130859375 351.4344177246094 
3 1389.64794921875 0.0 1577.75146484375 351.22833251953125 
3 3542.0634765625 1578.7276611328125 3838.13427734375 1946.62060546875 
447
3 1437.9727783203125 0.3669776916503906 1625.45751953125 352.5755615234375 
3 3557.6298828125 1670.135498046875 3838.25830078125 1973.250244140625 
3 1436.67529296875 0.0 1624.817138671875 353.1653137207031 
448
3 1485.5928955078125 0.5935134887695312 1671.2669677734375 353.55706787109375 
3 1486.4998779296875 0.0 1669.7589111328125 352.5162048339844 
3 3218.26123046875 144.4493408203125 3261.0478515625 251.9648895263672 
449
3 1538.7198486328125 0.0 1713.94580078125 354.95404052734375 
450
3 1587.377197265625 0.0 1738.445068359375 338.64349365234375 
451
3 1626.5205078125 0.0 1801.963134765625 350.7831115722656 
3 3728.5283203125 329.79669189453125 3798.980712890625 465.8291931152344 
452
3 1667.2554931640625 0.8247642517089844 1846.75537109375 352.40533447265625 
453
3 1701.1650390625 0.0 1872.253173828125 336.46307373046875 
454
3 1742.594970703125 0.819488525390625 1931.6986083984375 348.74560546875 
455
3 1801.185791015625 0.12385940551757812 1970.9088134765625 340.1708679199219 
3 3799.544921875 376.3251953125 3838.451171875 524.014404296875 
456
3 1838.537841796875 0.37831878662109375 2025.0087890625 347.70269775390625 
3 1759.3896484375 1.4789657592773438 2026.6212158203125 351.2276916503906 
457
3 1897.514404296875 0.0 2077.089599609375 335.2079772949219 
458
3 1954.8775634765625 0.9721412658691406 2127.3017578125 352.5923767089844 
459
3 2011.6219482421875 0.0 2217.57666015625 360.8035583496094 
460
3 2062.498046875 0.0 2247.04052734375 364.1781921386719 
461
3 2129.634521484375 1.6707344055175781 2293.66015625 366.8046569824219 
462
3 2195.148193359375 0.45558929443359375 2343.29248046875 362.953125 
463
3 2244.260986328125 0.0 2390.30517578125 370.3948059082031 
464
3 2285.909912109375 0.0 2437.521484375 378.5811767578125 
465
3 2328.01220703125 0.0 2484.49609375 383.3782653808594 
466
3 2370.22802734375 0.0 2528.74609375 396.09027099609375 
467
3 2408.427978515625 0.0 2585.7734375 412.71038818359375 
468
3 2446.0703125 0.8443222045898438 2619.219482421875 405.0178527832031 
469
3 2479.73876953125 0.5869903564453125 2698.471435546875 430.0743713378906 
470
3 2521.203369140625 1.1136016845703125 2743.363525390625 434.60406494140625 
471
3 2558.021240234375 0.41015625 2775.731201171875 443.5474548339844 
472
3 2592.269287109375 1.523895263671875 2822.32275390625 455.3473205566406 
473
3 2625.12548828125 1.2344512939453125 2868.663818359375 472.3773193359375 
3 2930.193359375 0.6516036987304688 3018.52783203125 264.3634948730469 
474
3 2663.5302734375 0.0 2909.382080078125 479.67572021484375 
3 2953.966064453125 0.0 3048.0048828125 269.45318603515625 
475
3 2697.80419921875 0.5697784423828125 2959.855224609375 496.68023681640625 
476
3 2753.1943359375 0.0 3005.837890625 502.7558898925781 
477
3 2787.842529296875 0.0497589111328125 3059.3251953125 510.1064453125 
3 3245.013671875 139.09677124023438 3285.359375 254.47938537597656 
478
3 2830.26318359375 1.6097030639648438 3104.615478515625 514.9102783203125 
3 3071.1689453125 3.9342498779296875 3170.5263671875 288.458740234375 
479
3 2879.44921875 1.5750732421875 3158.9140625 522.4326782226562 
3 3107.98193359375 1.6209068298339844 3191.531982421875 294.61700439453125 
480
3 2924.658935546875 0.697174072265625 3209.5654296875 524.3617553710938 
481
3 2966.22119140625 1.3807754516601562 3240.0947265625 537.7333374023438 
3 3344.537109375 167.45510864257812 3376.294189453125 271.610595703125 
482
3 3000.852294921875 0.9623794555664062 3274.177001953125 538.3073120117188 
483
3 3049.8232421875 0.9655380249023438 3307.4013671875 547.7389526367188 
484
3 3081.271484375 1.1662673950195312 3342.884765625 551.6754150390625 
3 3397.13818359375 177.6085968017578 3431.596435546875 280.19305419921875 
485
3 3132.87255859375 0.48749542236328125 3381.94091796875 555.63037109375 
486
3 3178.2392578125 0.8287811279296875 3410.126953125 572.607666015625 
487
3 3198.25 0.8643035888671875 3438.1787109375 588.878662109375 
488
3 3214.01953125 0.25783538818359375 3462.406494140625 601.6776123046875 
489
3 3223.330810546875 0.0 3487.798095703125 614.6068115234375 
490
3 3248.33056640625 5.336334228515625 3517.393798828125 628.632080078125 
491
3 3270.03662109375 19.620529174804688 3549.4140625 634.9830322265625 
492
3 3295.011474609375 27.39697265625 3586.30810546875 646.4059448242188 
493
3 3320.29345703125 36.438262939453125 3622.116943359375 657.1785888671875 
494
3 3337.41748046875 43.570037841796875 3652.475830078125 670.507080078125 
495
3 3359.931884765625 52.60162353515625 3675.576416015625 683.8447875976562 
496
3 3367.5810546875 61.03688049316406 3697.63916015625 685.1270751953125 
497
3 3380.874755859375 70.14234924316406 3722.07177734375 714.5901489257812 
498
3 3399.14013671875 80.83543395996094 3744.8857421875 741.4663696289062 
499
3 3420.450439453125 91.0733642578125 3766.71142578125 751.3311767578125 
3 3420.856201171875 90.17019653320312 3767.011962890625 751.11181640625 
500
3 3450.443115234375 97.63751220703125 3794.50537109375 766.7385864257812 
501
3 3474.85791015625 109.67889404296875 3827.89306640625 774.4341430664062 
502
3 3524.967041015625 121.76312255859375 3838.02587890625 784.2012939453125 
503
3 3566.107177734375 136.43307495117188 3838.3291015625 798.01611328125 
504
3 3612.12158203125 240.26499938964844 3838.272216796875 767.6530151367188 
505
3 3656.237548828125 293.60931396484375 3838.613525390625 826.3131103515625 
506
3 3704.05810546875 382.657958984375 3838.686767578125 846.7742919921875 
507
3 3733.51806640625 507.427001953125 3838.80078125 842.6370849609375 
508
3 3757.35791015625 337.14703369140625 3788.00146484375 401.2666015625 
509
