0
3 1436.3800048828125 147.53289794921875 1612.4044189453125 488.733154296875 
2 954.664794921875 261.67694091796875 1111.84130859375 655.9185791015625 
1
3 1436.3819580078125 147.49798583984375 1612.4112548828125 488.7314453125 
2 954.6666870117188 261.6854248046875 1111.845458984375 655.9158325195312 
2
3 1436.7486572265625 147.37393188476562 1611.1622314453125 488.50921630859375 
2 955.9974365234375 261.8143310546875 1111.361572265625 656.2069091796875 
3
3 1437.010986328125 147.09474182128906 1611.444091796875 488.6341552734375 
2 955.4998168945312 261.90191650390625 1110.9490966796875 655.7818603515625 
4
3 1437.4384765625 147.35659790039062 1611.219482421875 488.4857177734375 
2 955.386474609375 262.01171875 1110.957763671875 655.704345703125 
5
3 1437.7562255859375 147.5695037841797 1610.8983154296875 488.47576904296875 
2 955.6962280273438 262.1636657714844 1110.5811767578125 655.7745971679688 
6
3 1437.5838623046875 147.81529235839844 1610.1298828125 488.62591552734375 
2 953.9384765625 262.1042175292969 1110.48095703125 655.099365234375 
7
2 954.094970703125 262.35400390625 1110.1318359375 655.2780151367188 
3 1437.8140869140625 147.965576171875 1609.671142578125 488.39990234375 
8
3 1437.5194091796875 148.71688842773438 1609.2667236328125 488.356689453125 
2 954.4163208007812 262.59222412109375 1109.8690185546875 655.9795532226562 
3 1671.5606689453125 87.216796875 1705.2252197265625 157.5025634765625 
9
2 954.3270263671875 262.57421875 1109.8271484375 655.5573120117188 
3 1436.76025390625 148.47608947753906 1609.1673583984375 488.2340087890625 
10
2 954.73291015625 262.42718505859375 1109.9141845703125 655.20263671875 
3 1435.56005859375 148.1145477294922 1608.7333984375 488.24639892578125 
11
3 1435.328369140625 148.19192504882812 1608.0623779296875 488.217041015625 
2 954.9256591796875 262.41815185546875 1109.680908203125 654.8145751953125 
12
3 1434.445068359375 148.25616455078125 1607.943115234375 488.02752685546875 
2 955.103271484375 262.4856262207031 1109.646728515625 654.6864013671875 
13
3 1434.526611328125 148.7997589111328 1606.20361328125 488.0172119140625 
2 955.25 262.9111328125 1109.5897216796875 655.0252075195312 
14
3 1434.9813232421875 148.99427795410156 1604.349365234375 488.06378173828125 
2 956.2564697265625 262.92303466796875 1109.534423828125 655.1296997070312 
3 1670.3343505859375 86.91146850585938 1705.1248779296875 156.75985717773438 
15
3 1435.005859375 150.10752868652344 1603.8094482421875 488.09954833984375 
2 956.5465698242188 262.7136535644531 1109.4884033203125 655.2022705078125 
16
3 1432.2119140625 150.26551818847656 1601.85595703125 487.94110107421875 
2 956.5374755859375 262.6544189453125 1109.303466796875 655.223388671875 
17
3 1439.4635009765625 150.6905975341797 1599.7420654296875 488.12017822265625 
2 957.2196655273438 262.49114990234375 1109.62109375 654.208251953125 
18
3 1435.743896484375 151.12020874023438 1597.9306640625 488.397705078125 
2 956.5259399414062 262.4807434082031 1109.438720703125 655.2294921875 
19
3 1436.276123046875 151.6812744140625 1596.9964599609375 488.26080322265625 
2 955.868408203125 262.22088623046875 1109.7733154296875 655.2801513671875 
20
2 956.6309814453125 261.95550537109375 1109.959716796875 655.5997314453125 
3 1433.7672119140625 151.50570678710938 1596.5797119140625 488.22198486328125 
21
2 954.017822265625 261.8515319824219 1110.3966064453125 655.5615234375 
3 1432.7789306640625 151.52633666992188 1594.5406494140625 488.7796630859375 
22
3 1434.0150146484375 152.2772216796875 1593.0390625 488.5732421875 
2 955.8941650390625 261.65869140625 1111.419921875 655.31591796875 
23
3 1433.6807861328125 151.84507751464844 1592.322265625 488.1812744140625 
2 957.3552856445312 261.72845458984375 1112.464599609375 655.25830078125 
24
3 1433.35302734375 151.34197998046875 1591.3338623046875 488.3253173828125 
2 958.9660034179688 261.7392272949219 1113.453125 655.5643310546875 
25
3 1433.00634765625 151.06797790527344 1588.2100830078125 488.05462646484375 
2 958.0137329101562 261.89398193359375 1114.036376953125 655.60107421875 
26
3 1432.006591796875 150.88113403320312 1587.395263671875 488.00555419921875 
2 956.0776977539062 262.1392517089844 1114.8726806640625 655.5203857421875 
27
3 1432.8974609375 150.65501403808594 1585.5975341796875 487.80206298828125 
2 957.8839111328125 261.996337890625 1115.457763671875 655.2242431640625 
28
3 1432.195556640625 150.54774475097656 1583.454345703125 487.638427734375 
2 957.369140625 261.921875 1116.1256103515625 654.9397583007812 
29
3 1426.8392333984375 150.7823028564453 1581.5433349609375 488.43994140625 
2 955.5673828125 261.763427734375 1116.795654296875 655.2666625976562 
30
3 1426.2451171875 151.61090087890625 1579.40380859375 488.8642578125 
2 954.2376708984375 261.83294677734375 1117.009033203125 655.791748046875 
31
3 1427.2513427734375 151.91134643554688 1577.4359130859375 487.54205322265625 
2 952.1586303710938 262.0067443847656 1117.0872802734375 655.8790283203125 
32
3 1426.507568359375 151.15463256835938 1574.3544921875 487.6475830078125 
2 954.0126953125 262.11328125 1117.1514892578125 656.1015625 
33
3 1426.0633544921875 151.49951171875 1569.70361328125 487.71136474609375 
2 947.83056640625 262.1927490234375 1117.05224609375 656.1231689453125 
34
3 1423.4324951171875 150.73333740234375 1566.70458984375 488.15850830078125 
2 944.1714477539062 262.2458190917969 1116.74169921875 656.3304443359375 
35
3 1421.2125244140625 150.1900177001953 1565.0665283203125 487.85333251953125 
2 931.48681640625 261.99676513671875 1117.013916015625 655.9349365234375 
36
3 1418.89501953125 149.14041137695312 1562.9547119140625 487.5374755859375 
2 931.0769653320312 261.7183837890625 1117.157470703125 656.1680908203125 
37
3 1416.228515625 149.16629028320312 1560.2327880859375 487.49884033203125 
2 927.7200317382812 261.74169921875 1116.34423828125 655.9953002929688 
38
3 1413.409423828125 148.39273071289062 1557.72900390625 488.0260009765625 
2 949.9369506835938 262.29541015625 1115.648193359375 656.4485473632812 
39
3 1411.218017578125 147.83563232421875 1554.87548828125 488.04681396484375 
2 933.6979370117188 262.8623046875 1115.241455078125 656.6594848632812 
40
3 1409.4918212890625 146.57867431640625 1551.8038330078125 486.58453369140625 
2 934.2747802734375 263.901611328125 1114.703369140625 656.0740356445312 
41
3 1406.7974853515625 143.72048950195312 1550.4906005859375 484.6715087890625 
2 939.281494140625 264.73614501953125 1114.5941162109375 656.30859375 
42
2 944.52294921875 265.77679443359375 1113.8753662109375 655.5554809570312 
3 1405.1357421875 142.14505004882812 1549.5018310546875 482.02569580078125 
43
3 1402.7957763671875 141.99905395507812 1549.00927734375 476.42144775390625 
2 951.7672729492188 267.111083984375 1112.7493896484375 647.2798461914062 
44
2 957.818603515625 267.3634948730469 1111.698486328125 652.3834228515625 
3 1401.7830810546875 140.82749938964844 1547.92236328125 475.82598876953125 
45
3 1399.594970703125 141.25332641601562 1547.124267578125 476.03857421875 
2 960.0068359375 267.7131652832031 1110.783447265625 639.3247680664062 
46
3 1396.6572265625 142.17337036132812 1544.68212890625 475.6458740234375 
2 959.7861938476562 268.0241394042969 1111.033447265625 653.1831665039062 
47
2 959.2950439453125 266.8031311035156 1112.8740234375 652.8455810546875 
3 1395.07568359375 143.3479461669922 1542.1339111328125 478.167236328125 
48
2 958.1407470703125 266.25372314453125 1114.196044921875 654.3876342773438 
3 1393.028564453125 143.0098876953125 1539.060302734375 483.9224853515625 
49
2 956.720703125 266.77374267578125 1114.88916015625 654.991455078125 
3 1391.549560546875 141.87506103515625 1537.8614501953125 486.0955810546875 
50
3 1391.1611328125 141.48577880859375 1536.134033203125 485.65484619140625 
2 956.2739868164062 266.38177490234375 1114.908935546875 653.138916015625 
51
3 1390.3438720703125 141.58377075195312 1535.210693359375 488.2125244140625 
2 955.9436645507812 267.99322509765625 1112.9967041015625 654.7118530273438 
52
2 954.4795532226562 269.14434814453125 1111.49658203125 655.3167724609375 
3 1387.616943359375 141.5293731689453 1532.5869140625 488.4156494140625 
53
3 1386.8404541015625 139.92030334472656 1529.8941650390625 486.84088134765625 
2 954.4010620117188 268.933837890625 1110.193115234375 655.2769165039062 
54
3 1385.6160888671875 139.83053588867188 1526.9344482421875 484.985107421875 
2 954.1688842773438 268.634521484375 1108.7855224609375 642.2242431640625 
55
2 954.0950317382812 269.28033447265625 1108.3997802734375 651.727294921875 
3 1385.1617431640625 140.14906311035156 1525.550048828125 487.755126953125 
56
2 954.3583984375 269.15606689453125 1108.171875 650.2470703125 
3 1384.8712158203125 140.27220153808594 1522.4481201171875 488.548828125 
57
2 954.0459594726562 269.31903076171875 1108.605712890625 650.8672485351562 
3 1384.0926513671875 140.43057250976562 1522.2021484375 489.877197265625 
58
2 955.259521484375 269.3563232421875 1108.7320556640625 653.910888671875 
3 1383.6893310546875 140.3232421875 1521.6810302734375 492.86053466796875 
59
2 955.63916015625 269.1885681152344 1108.7259521484375 654.580810546875 
3 1383.4525146484375 140.33111572265625 1520.78125 494.20721435546875 
60
3 1383.1317138671875 140.76698303222656 1519.2440185546875 496.639892578125 
2 955.3443603515625 269.05340576171875 1108.281005859375 647.0836791992188 
61
3 1382.8199462890625 140.49855041503906 1517.6781005859375 497.484619140625 
2 955.1052856445312 268.8304138183594 1108.5223388671875 653.8863525390625 
62
3 1382.3140869140625 140.35757446289062 1516.922607421875 498.12109375 
2 954.8807983398438 268.6590576171875 1108.6287841796875 649.08251953125 
63
3 1381.613525390625 140.6028594970703 1516.433837890625 499.33734130859375 
2 953.8388061523438 269.0851135253906 1108.6292724609375 654.84228515625 
64
3 1380.0394287109375 140.08364868164062 1515.7518310546875 500.545166015625 
2 953.69580078125 268.769775390625 1108.677734375 654.5797119140625 
65
3 1379.1610107421875 139.35848999023438 1515.7410888671875 502.9964599609375 
2 952.0621948242188 268.8333435058594 1108.57568359375 653.5763549804688 
66
3 1377.2415771484375 139.60293579101562 1515.82666015625 505.49603271484375 
2 947.925537109375 269.189208984375 1108.7064208984375 652.8619995117188 
67
3 1376.6002197265625 140.34095764160156 1514.8038330078125 505.6962890625 
2 951.618896484375 268.41375732421875 1108.2315673828125 653.6427001953125 
68
3 1376.5233154296875 140.1785430908203 1514.3924560546875 507.658447265625 
2 955.2513427734375 268.20428466796875 1107.878173828125 654.11083984375 
69
3 1376.127197265625 140.68069458007812 1513.604248046875 508.83856201171875 
2 956.0418701171875 268.88604736328125 1107.72119140625 655.58837890625 
70
3 1375.4613037109375 140.6399383544922 1513.515380859375 511.580810546875 
2 956.3326416015625 268.89080810546875 1107.9139404296875 654.158447265625 
71
3 1374.374755859375 142.28292846679688 1513.12646484375 511.5323486328125 
2 956.040283203125 269.508544921875 1107.985107421875 654.4125366210938 
72
3 1374.3052978515625 143.8125762939453 1513.3287353515625 515.2828979492188 
2 956.12841796875 269.64849853515625 1107.8328857421875 653.70849609375 
73
3 1373.416748046875 144.44735717773438 1512.8468017578125 516.714111328125 
2 956.0360107421875 269.39508056640625 1107.4698486328125 651.3294677734375 
74
3 1373.2008056640625 147.09591674804688 1512.1181640625 519.021484375 
2 956.2852172851562 269.5489196777344 1108.13232421875 654.1610717773438 
75
3 1373.4686279296875 148.25384521484375 1512.3310546875 520.7892456054688 
2 956.5553588867188 269.560302734375 1108.0089111328125 653.9036254882812 
76
3 1373.039794921875 150.39967346191406 1510.2269287109375 521.6488037109375 
2 956.279052734375 269.47119140625 1107.512451171875 652.5927734375 
77
3 1373.2493896484375 153.00857543945312 1508.065185546875 523.2117309570312 
2 956.1508178710938 269.74371337890625 1107.7210693359375 652.49560546875 
78
3 1373.5277099609375 154.75979614257812 1507.6925048828125 526.4111328125 
2 956.1697998046875 269.977783203125 1108.143798828125 650.4053955078125 
79
2 955.9478759765625 270.2008972167969 1108.12109375 650.6968994140625 
3 1372.86669921875 156.20729064941406 1506.9986572265625 526.34228515625 
80
2 955.3888549804688 270.38641357421875 1108.1058349609375 653.201904296875 
3 1373.3297119140625 158.0009765625 1507.2283935546875 527.6407470703125 
81
3 1371.3291015625 159.7270965576172 1508.18896484375 528.3826904296875 
2 955.1253662109375 270.7041015625 1108.1480712890625 650.734619140625 
82
2 954.8563232421875 270.75762939453125 1108.73681640625 653.2730712890625 
3 1368.2706298828125 162.3878173828125 1508.0712890625 529.0176391601562 
83
3 1367.572021484375 164.72642517089844 1508.0443115234375 528.465087890625 
2 955.04443359375 270.76556396484375 1108.6597900390625 653.385986328125 
3 2467.152099609375 99.00723266601562 2485.968017578125 137.9111785888672 
84
3 1368.1517333984375 167.66856384277344 1507.7589111328125 527.43359375 
2 955.00634765625 270.759521484375 1108.4332275390625 652.5423583984375 
3 1669.9373779296875 87.52313232421875 1703.5565185546875 159.26898193359375 
85
2 954.6793823242188 270.840576171875 1108.7642822265625 655.3306274414062 
3 1364.9329833984375 169.87753295898438 1507.8839111328125 526.776611328125 
86
2 953.9440307617188 270.83770751953125 1108.2490234375 654.06689453125 
3 1364.7501220703125 170.04876708984375 1507.9664306640625 525.9649047851562 
87
2 953.3369140625 270.6998291015625 1108.64306640625 654.3641357421875 
3 1360.6689453125 170.27415466308594 1507.9639892578125 524.6866455078125 
3 1670.0655517578125 87.45845031738281 1703.53173828125 160.80685424804688 
88
3 1358.028564453125 171.0711669921875 1507.6168212890625 525.3084716796875 
2 951.8729248046875 270.7919616699219 1108.7310791015625 654.2431030273438 
3 1669.859130859375 87.22197723388672 1704.013916015625 166.28294372558594 
89
2 952.1375122070312 270.6708679199219 1108.63671875 654.6651000976562 
3 1355.3470458984375 171.600830078125 1507.7147216796875 524.787109375 
3 1669.49560546875 87.28018188476562 1704.3096923828125 170.87278747558594 
90
2 951.2022705078125 270.639892578125 1108.9833984375 655.0958251953125 
3 1354.0927734375 172.1180877685547 1507.903564453125 523.7177124023438 
3 1668.9869384765625 87.15003967285156 1704.255126953125 172.41390991210938 
91
3 1352.34912109375 171.697998046875 1507.75244140625 523.0354614257812 
2 950.1145629882812 270.2645263671875 1109.180908203125 654.2984619140625 
3 1668.9315185546875 87.04167938232422 1704.0865478515625 172.9515380859375 
92
3 1351.94384765625 171.53561401367188 1507.7664794921875 522.260009765625 
2 949.9777221679688 270.0583801269531 1109.0283203125 652.4581298828125 
3 1668.96337890625 87.07732391357422 1703.9937744140625 172.8159942626953 
93
3 1350.654296875 172.20944213867188 1507.7342529296875 525.731689453125 
2 949.9653930664062 270.12567138671875 1108.919677734375 653.8702392578125 
3 1669.0947265625 86.92982482910156 1703.240478515625 170.66134643554688 
94
3 1352.166259765625 172.86521911621094 1507.4697265625 525.3424072265625 
2 950.34814453125 270.24017333984375 1108.82421875 654.5606689453125 
3 1669.022705078125 86.60421752929688 1702.67041015625 172.0470428466797 
95
3 1350.4927978515625 172.7403106689453 1507.3592529296875 525.64697265625 
3 1668.93701171875 86.91877746582031 1702.9656982421875 174.85777282714844 
2 950.140869140625 269.8320617675781 1108.706787109375 654.0338134765625 
96
3 1348.8214111328125 172.49520874023438 1506.8043212890625 523.8162841796875 
2 950.7738037109375 269.8710021972656 1108.563232421875 654.2890625 
3 1668.7213134765625 86.78909301757812 1702.917724609375 173.88845825195312 
97
3 1348.280029296875 173.2587432861328 1506.9227294921875 522.2320556640625 
2 950.4684448242188 269.10968017578125 1108.0709228515625 654.5001220703125 
98
3 1346.070068359375 173.83749389648438 1507.352783203125 525.5247802734375 
2 950.8587646484375 268.7871398925781 1108.1524658203125 654.9747314453125 
99
3 1348.890380859375 174.47427368164062 1507.01171875 522.6682739257812 
2 950.300537109375 269.02294921875 1108.4005126953125 655.0093994140625 
100
2 949.6192626953125 268.95367431640625 1108.80810546875 655.0830688476562 
3 1346.9539794921875 174.5955047607422 1506.2667236328125 520.94091796875 
3 1668.6636962890625 86.93488311767578 1702.390625 165.30088806152344 
101
3 1344.6409912109375 174.8484649658203 1504.97705078125 521.01025390625 
2 949.4026489257812 268.6981201171875 1108.554443359375 654.8744506835938 
2 949.3853759765625 268.1451416015625 1108.06787109375 655.125244140625 
102
3 1343.9271240234375 174.24264526367188 1503.326171875 517.3809204101562 
2 949.2533569335938 268.0848693847656 1107.71484375 654.3348388671875 
2 949.1553344726562 268.61456298828125 1108.294921875 654.3057861328125 
103
2 948.5899658203125 267.9687805175781 1108.257080078125 654.9226684570312 
3 1341.290283203125 176.18077087402344 1502.8514404296875 519.7118530273438 
3 1668.8931884765625 87.40852355957031 1702.5460205078125 168.58624267578125 
104
2 948.2124633789062 267.836181640625 1108.426025390625 654.9408569335938 
3 1338.896728515625 174.8489990234375 1501.95703125 517.7803344726562 
3 1668.6485595703125 87.35408020019531 1702.6884765625 171.64794921875 
105
2 948.0401611328125 267.9971923828125 1108.2373046875 654.5480346679688 
3 1336.671875 174.10501098632812 1500.0479736328125 516.3599243164062 
3 1668.831787109375 87.27716064453125 1702.8179931640625 169.33448791503906 
106
2 947.7252197265625 267.914306640625 1108.1591796875 654.124267578125 
3 1334.4212646484375 174.167724609375 1498.936279296875 520.2989501953125 
3 1668.84228515625 87.4149398803711 1703.047607421875 167.09852600097656 
107
2 946.7425537109375 267.8868408203125 1108.3284912109375 653.672119140625 
3 1331.4296875 175.04635620117188 1498.1627197265625 522.0858764648438 
3 1668.84326171875 87.47864532470703 1703.1702880859375 162.95310974121094 
108
2 946.7698364257812 267.9118957519531 1108.3572998046875 653.3001098632812 
3 1329.1285400390625 175.78955078125 1498.3953857421875 514.689453125 
3 1668.85888671875 87.57077026367188 1703.387451171875 162.4902801513672 
109
2 946.7718505859375 268.1518859863281 1108.4951171875 654.4575805664062 
3 1328.091064453125 173.44497680664062 1493.3775634765625 512.9563598632812 
3 1668.86328125 87.3907241821289 1703.2313232421875 161.62998962402344 
110
3 1324.1402587890625 172.26443481445312 1490.9808349609375 512.885498046875 
2 947.2693481445312 268.6144104003906 1108.0975341796875 651.7669067382812 
111
3 1321.13134765625 171.72450256347656 1488.3662109375 514.9949951171875 
2 947.3386840820312 268.87786865234375 1108.8067626953125 653.185791015625 
2 947.1377563476562 268.3170471191406 1108.513671875 652.886962890625 
112
3 1317.8968505859375 171.742919921875 1486.5899658203125 511.34771728515625 
2 946.9185180664062 269.0185241699219 1108.1661376953125 645.75927734375 
113
3 1315.2298583984375 170.7430419921875 1484.959716796875 512.8867797851562 
2 946.6644287109375 268.5656433105469 1107.942626953125 647.9541015625 
114
3 1310.3818359375 170.10757446289062 1481.630615234375 521.69482421875 
2 945.9586181640625 268.7468566894531 1106.7152099609375 634.3869018554688 
115
3 1306.31396484375 169.77825927734375 1478.226806640625 521.9256591796875 
2 944.8641357421875 268.92706298828125 1105.4293212890625 631.0726318359375 
116
2 942.906494140625 268.61346435546875 1104.636474609375 631.6922607421875 
3 1299.6558837890625 169.230712890625 1474.31787109375 514.1026611328125 
117
2 942.6677856445312 268.52001953125 1104.2137451171875 631.448974609375 
3 1295.9539794921875 169.88125610351562 1468.5684814453125 512.62451171875 
118
2 942.964111328125 269.1783447265625 1103.873779296875 636.962646484375 
3 1290.124755859375 169.5108184814453 1465.4052734375 516.2921142578125 
119
2 942.2398681640625 269.06622314453125 1104.19775390625 655.830322265625 
3 1236.124755859375 169.25350952148438 1461.904296875 540.8865966796875 
3 1663.8187255859375 86.8735580444336 1698.40087890625 166.09683227539062 
120
2 941.6231689453125 269.4410400390625 1104.207275390625 656.2479248046875 
3 1277.641357421875 170.07418823242188 1460.3048095703125 524.8566284179688 
3 1663.6614990234375 86.39512634277344 1699.655517578125 170.77227783203125 
121
2 941.0120239257812 269.3621826171875 1102.09912109375 632.4791259765625 
3 1271.2764892578125 170.53488159179688 1456.660400390625 525.9720458984375 
3 78.73242950439453 219.01754760742188 105.99280548095703 271.7208251953125 
122
2 939.3912353515625 269.3206787109375 1101.094482421875 633.4767456054688 
3 1264.5677490234375 170.43362426757812 1455.3048095703125 527.7945556640625 
3 1660.0218505859375 87.1634292602539 1696.9049072265625 158.56150817871094 
3 76.7528076171875 219.45387268066406 105.23885345458984 270.7763671875 
123
3 1256.8077392578125 170.47979736328125 1454.596435546875 524.222412109375 
2 940.0446166992188 269.4091796875 1101.6649169921875 643.7822265625 
3 1660.7344970703125 86.58369445800781 1696.118408203125 160.3837432861328 
124
2 939.418212890625 269.5908203125 1101.2144775390625 656.9295043945312 
3 1248.50634765625 168.4557647705078 1455.2755126953125 526.1906127929688 
125
2 939.0732421875 270.51318359375 1098.576904296875 631.9530029296875 
3 1241.79833984375 167.09912109375 1449.147216796875 526.963623046875 
126
3 1234.1318359375 166.1628875732422 1445.0279541015625 524.2715454101562 
2 938.7303466796875 269.4552001953125 1096.697265625 630.4346313476562 
127
3 1227.908935546875 164.96881103515625 1441.0628662109375 524.8343505859375 
2 938.5274658203125 268.7962646484375 1096.360595703125 655.7783203125 
3 1864.703857421875 82.79431915283203 1899.6728515625 149.14126586914062 
128
3 1221.7266845703125 164.25927734375 1438.6253662109375 524.8355712890625 
2 937.7078247070312 270.0152587890625 1096.9139404296875 657.2972412109375 
3 69.79502868652344 220.4989013671875 98.541015625 264.7758483886719 
129
3 1213.88427734375 163.92575073242188 1436.304443359375 524.8306274414062 
2 937.429443359375 269.9913024902344 1095.1739501953125 647.592529296875 
3 1652.9140625 88.54862976074219 1689.0521240234375 169.80030822753906 
3 69.79795837402344 220.21148681640625 98.24097442626953 266.4868469238281 
130
3 1207.1412353515625 163.60137939453125 1430.1361083984375 524.4620361328125 
2 936.8858032226562 269.05267333984375 1092.747802734375 639.6473999023438 
131
3 1203.57177734375 165.08555603027344 1423.59521484375 524.13623046875 
2 935.3014526367188 268.64776611328125 1091.4490966796875 646.803466796875 
3 1651.0765380859375 89.19379425048828 1686.3349609375 169.43614196777344 
3 1866.56201171875 83.21207427978516 1895.4661865234375 148.5743408203125 
132
3 1199.2767333984375 166.0492706298828 1419.9344482421875 525.3182373046875 
2 934.110595703125 268.33270263671875 1091.778076171875 652.8074951171875 
3 1649.8614501953125 89.44347381591797 1683.9422607421875 169.51832580566406 
133
3 1195.826416015625 165.59814453125 1414.3818359375 525.806884765625 
2 932.6567993164062 267.7554931640625 1089.132080078125 634.4134521484375 
3 1648.6964111328125 87.5194320678711 1683.0792236328125 177.19859313964844 
134
3 1191.381591796875 165.0227508544922 1408.225830078125 525.5811157226562 
2 931.45068359375 267.6116638183594 1087.155029296875 633.7167358398438 
135
3 1190.619873046875 164.912109375 1403.0760498046875 525.7662353515625 
2 930.470458984375 267.904296875 1086.9176025390625 637.111328125 
3 1645.0875244140625 89.43633270263672 1680.935302734375 170.71173095703125 
136
2 929.8442993164062 268.713134765625 1086.2584228515625 636.8636474609375 
3 1190.2255859375 165.95663452148438 1396.05029296875 525.711181640625 
3 1644.6307373046875 89.60128784179688 1679.67333984375 167.17832946777344 
137
3 1189.47119140625 166.064208984375 1391.866455078125 526.572509765625 
2 929.2459716796875 268.827880859375 1085.301513671875 652.2225341796875 
138
3 1185.35595703125 167.2412109375 1386.30078125 526.4085693359375 
2 926.7476196289062 268.97857666015625 1084.3572998046875 632.8140258789062 
139
2 926.19140625 268.5354919433594 1083.8017578125 636.2008056640625 
3 1183.66162109375 168.2392120361328 1378.7164306640625 525.4405517578125 
3 1184.28369140625 169.34129333496094 1379.194580078125 525.8375244140625 
3 1641.35009765625 89.43276977539062 1676.9771728515625 163.61314392089844 
140
3 1183.0133056640625 169.53256225585938 1372.8658447265625 527.8412475585938 
2 926.725830078125 268.7070007324219 1083.01513671875 645.614990234375 
3 1639.7255859375 88.43788146972656 1676.5147705078125 170.37155151367188 
141
3 1184.382080078125 171.07302856445312 1366.57421875 536.2942504882812 
2 925.5531616210938 268.75494384765625 1083.48388671875 654.1912841796875 
3 1638.8929443359375 87.12567138671875 1674.02783203125 169.26669311523438 
3 1853.3243408203125 83.28756713867188 1887.73681640625 143.88653564453125 
142
2 922.6431884765625 268.460205078125 1082.6136474609375 640.6296997070312 
3 1180.4017333984375 172.52345275878906 1355.7156982421875 540.5479736328125 
143
2 920.763916015625 268.3675537109375 1080.8809814453125 632.692138671875 
3 1176.830810546875 173.47691345214844 1350.1290283203125 544.0291137695312 
144
2 920.6218872070312 268.206298828125 1079.9200439453125 632.1939697265625 
3 1176.10302734375 173.56524658203125 1348.4464111328125 546.16943359375 
145
2 920.3833618164062 268.26702880859375 1078.85595703125 632.935546875 
3 1174.0458984375 174.18670654296875 1339.3720703125 548.3724365234375 
146
3 1169.3397216796875 174.50546264648438 1336.179443359375 552.2235107421875 
2 919.7706909179688 268.2120666503906 1079.5142822265625 635.4043579101562 
147
2 918.1100463867188 268.4569091796875 1078.87060546875 633.4204711914062 
3 1168.2286376953125 176.5699462890625 1335.2530517578125 556.792724609375 
148
3 1168.2742919921875 176.60809326171875 1332.0 572.3101806640625 
2 917.7073974609375 268.219970703125 1078.7451171875 633.5177001953125 
149
3 1165.8192138671875 176.16429138183594 1331.6435546875 561.7056884765625 
2 917.2403564453125 268.3585205078125 1077.6732177734375 635.2393798828125 
150
3 1165.7535400390625 177.88446044921875 1329.23486328125 571.9674682617188 
2 917.20556640625 268.4097595214844 1075.628662109375 633.8329467773438 
151
3 1165.389404296875 177.80502319335938 1327.112060546875 572.7371826171875 
2 915.2368774414062 268.2618408203125 1075.2608642578125 636.063720703125 
152
3 1162.296875 178.98568725585938 1324.177734375 577.3407592773438 
2 914.0233154296875 268.39599609375 1075.7252197265625 638.2113647460938 
153
3 1161.95947265625 179.1473388671875 1322.1407470703125 578.02001953125 
2 913.4694213867188 268.78564453125 1074.401123046875 636.4904174804688 
154
3 1161.4498291015625 178.6795196533203 1320.6090087890625 577.3052368164062 
2 912.4127807617188 268.8181457519531 1073.5252685546875 635.061767578125 
155
3 1161.30224609375 180.0529327392578 1319.46044921875 577.8728637695312 
2 911.3519287109375 268.1851806640625 1072.7178955078125 633.2703247070312 
156
2 910.7840576171875 268.080322265625 1070.898681640625 634.5054931640625 
3 1160.0780029296875 180.05279541015625 1316.603515625 579.8563232421875 
157
3 1158.390380859375 181.38653564453125 1315.42822265625 579.3057861328125 
2 910.122314453125 268.43450927734375 1071.14453125 637.1025390625 
158
3 1157.499267578125 181.635498046875 1315.2000732421875 576.755859375 
2 909.1554565429688 268.58636474609375 1070.544677734375 637.0841674804688 
159
3 1156.47412109375 180.90611267089844 1314.038818359375 576.3687744140625 
2 908.4385986328125 268.4481201171875 1070.8394775390625 636.1583251953125 
160
3 1156.353515625 181.7960205078125 1313.9510498046875 576.2730712890625 
2 907.6737670898438 267.9281005859375 1070.6070556640625 636.772705078125 
161
3 1156.3978271484375 182.56781005859375 1313.111328125 578.0863647460938 
2 906.2981567382812 267.67852783203125 1070.0068359375 636.4110107421875 
162
3 1155.946044921875 183.24896240234375 1311.78271484375 577.9769287109375 
2 905.59814453125 268.17071533203125 1069.005126953125 636.0987548828125 
163
3 1153.964111328125 183.53704833984375 1310.12890625 576.6749877929688 
2 905.17919921875 268.292724609375 1069.197021484375 636.9569091796875 
3 1837.6500244140625 80.80040740966797 1866.12744140625 142.8668975830078 
3 1622.8468017578125 84.00270080566406 1658.5623779296875 173.62420654296875 
164
3 1154.8291015625 183.90365600585938 1309.491943359375 576.03466796875 
2 905.6602783203125 267.961181640625 1069.3275146484375 638.5068359375 
3 1837.490966796875 80.047607421875 1866.393310546875 143.47406005859375 
165
2 904.7484741210938 267.96844482421875 1067.6937255859375 636.8834228515625 
3 1151.183837890625 183.0899658203125 1309.6910400390625 575.8778686523438 
166
3 1151.1812744140625 184.38671875 1310.6395263671875 576.5003662109375 
2 904.1121826171875 268.30316162109375 1067.253173828125 636.685791015625 
167
2 903.83349609375 268.3828430175781 1065.20556640625 636.6632690429688 
3 1150.898193359375 184.70010375976562 1309.058837890625 576.2592163085938 
3 1618.8907470703125 82.82941436767578 1655.1859130859375 174.50967407226562 
3 1833.4464111328125 81.4153060913086 1863.9649658203125 142.64205932617188 
168
3 1149.237548828125 185.55096435546875 1307.2364501953125 576.7734375 
2 903.0860595703125 267.9607238769531 1064.0498046875 637.1957397460938 
3 1617.7821044921875 82.35487365722656 1654.3082275390625 177.490966796875 
3 1834.8203125 81.75647735595703 1862.1182861328125 140.4893341064453 
3 1648.283203125 29.377090454101562 1667.5196533203125 68.89389038085938 
169
2 902.2618408203125 268.12860107421875 1063.533203125 638.86865234375 
3 1148.74462890625 185.80889892578125 1306.90673828125 576.237548828125 
3 1617.3375244140625 81.80303955078125 1654.20849609375 161.2410430908203 
3 1834.601806640625 81.59463500976562 1862.487060546875 140.68492126464844 
3 1647.2264404296875 27.448482513427734 1668.370361328125 68.63301849365234 
170
2 901.3156127929688 268.5107421875 1061.6243896484375 636.5376586914062 
3 1146.9061279296875 185.87850952148438 1306.5281982421875 576.79248046875 
3 1615.1964111328125 82.8751449584961 1653.0714111328125 153.7932586669922 
171
2 900.81640625 268.95977783203125 1060.909912109375 635.6469116210938 
3 1146.26611328125 185.70098876953125 1306.2742919921875 576.748291015625 
3 1829.994873046875 82.04601287841797 1861.7999267578125 141.57025146484375 
3 1614.9825439453125 83.51070404052734 1652.6351318359375 175.154052734375 
172
2 899.6083984375 267.86260986328125 1060.6827392578125 636.3335571289062 
3 1144.4609375 186.21514892578125 1304.2525634765625 575.767822265625 
3 1830.39794921875 82.71891784667969 1860.3909912109375 139.05645751953125 
3 1612.3223876953125 84.18556213378906 1650.5965576171875 170.7813720703125 
173
3 1143.3697509765625 185.6070556640625 1302.3477783203125 576.115478515625 
2 898.8216552734375 268.23382568359375 1059.2359619140625 642.6934204101562 
174
2 896.6503295898438 268.67669677734375 1058.2890625 638.1649780273438 
3 1140.1947021484375 184.64642333984375 1302.0035400390625 577.3084106445312 
175
2 895.52197265625 268.45684814453125 1056.3282470703125 637.50732421875 
3 1139.06787109375 185.34539794921875 1298.8115234375 577.346923828125 
3 1610.4747314453125 83.83604431152344 1645.634033203125 166.01258850097656 
176
3 1137.115478515625 184.77169799804688 1297.123291015625 576.7643432617188 
2 893.2887573242188 268.7997741699219 1055.577392578125 642.4471435546875 
177
2 890.7941284179688 269.27227783203125 1054.798583984375 636.9157104492188 
3 1134.333984375 184.36495971679688 1295.326171875 577.0188598632812 
178
2 890.9334106445312 269.60302734375 1053.13916015625 635.3438110351562 
3 1134.4769287109375 184.21527099609375 1292.7469482421875 577.7150268554688 
3 1606.466064453125 83.87638092041016 1641.921142578125 166.76473999023438 
3 2509.805419921875 140.2530517578125 2558.9228515625 211.2147216796875 
3 1821.593994140625 80.35175323486328 1852.2354736328125 137.28526306152344 
179
2 888.7909545898438 270.4364929199219 1051.7125244140625 637.3346557617188 
3 1131.0289306640625 183.3948974609375 1291.73291015625 576.9111328125 
3 1603.8223876953125 83.5419921875 1639.385498046875 167.38461303710938 
180
3 1127.4322509765625 183.93435668945312 1289.7022705078125 580.6090698242188 
2 887.548828125 270.9160461425781 1053.2835693359375 640.2205810546875 
3 1603.6650390625 83.15406799316406 1638.960205078125 168.83123779296875 
3 19.146141052246094 235.35626220703125 51.66315460205078 286.60516357421875 
181
2 1125.6070556640625 184.60150146484375 1287.9222412109375 583.026123046875 
2 886.544189453125 270.5877685546875 1049.6326904296875 637.4886474609375 
3 1600.908203125 83.89937591552734 1637.207763671875 165.37759399414062 
182
3 1123.75 184.526611328125 1283.7001953125 576.3255004882812 
2 885.3314819335938 271.35028076171875 1048.355224609375 638.9782104492188 
3 1599.87744140625 83.58939361572266 1636.33544921875 170.41705322265625 
183
3 1122.4974365234375 183.72677612304688 1282.8907470703125 580.8114013671875 
2 883.468994140625 271.0857849121094 1048.6298828125 648.5067138671875 
184
3 1119.946533203125 184.19976806640625 1280.28466796875 580.5093383789062 
2 880.2880249023438 271.2740783691406 1045.6832275390625 654.2703857421875 
185
3 1117.215576171875 184.92352294921875 1277.1119384765625 576.3345336914062 
2 877.8407592773438 271.93756103515625 1042.900146484375 636.7633056640625 
3 2495.41796875 135.6569366455078 2558.18115234375 209.556640625 
186
3 1114.134033203125 184.279541015625 1275.4617919921875 578.8865966796875 
2 876.0180053710938 271.5823974609375 1042.535888671875 641.3885498046875 
3 2494.097900390625 137.78382873535156 2554.32080078125 211.5681610107422 
3 1807.155517578125 76.45304107666016 1838.7310791015625 138.67832946777344 
3 1593.170166015625 84.97667694091797 1630.1328125 161.7967987060547 
187
3 1111.5810546875 184.47967529296875 1273.080078125 575.89599609375 
2 873.9151000976562 271.3050537109375 1041.4893798828125 654.62255859375 
3 2492.9677734375 136.41744995117188 2553.2431640625 211.4939727783203 
188
3 1108.7623291015625 184.7164306640625 1269.9271240234375 574.3338623046875 
2 871.26611328125 271.90850830078125 1039.3017578125 637.1504516601562 
3 1804.346923828125 78.07929992675781 1834.4521484375 140.01141357421875 
3 2491.160400390625 134.41122436523438 2551.16552734375 211.49398803710938 
189
3 1107.7423095703125 183.29132080078125 1267.406005859375 574.5253295898438 
2 870.4835205078125 270.95574951171875 1039.04248046875 642.2005615234375 
3 1589.076171875 82.30762481689453 1624.4864501953125 162.78660583496094 
3 1803.6136474609375 75.43032836914062 1834.933837890625 137.46311950683594 
3 2490.2119140625 133.75653076171875 2554.947265625 208.59408569335938 
190
3 1105.0394287109375 183.38919067382812 1265.459716796875 580.8963623046875 
2 867.6708984375 272.62493896484375 1039.339111328125 645.3099365234375 
3 2487.57177734375 131.60133361816406 2556.129638671875 216.55172729492188 
3 1802.25341796875 75.20769500732422 1833.7796630859375 135.7693634033203 
191
2 867.4329833984375 272.11761474609375 1036.9935302734375 636.6082763671875 
3 1103.628662109375 184.0433349609375 1264.1275634765625 574.490478515625 
3 2488.0908203125 132.44729614257812 2554.94580078125 209.15896606445312 
3 1801.380615234375 77.43003845214844 1830.55615234375 136.38648986816406 
192
2 864.6712036132812 271.33929443359375 1036.523193359375 654.227783203125 
3 1101.5048828125 183.4276123046875 1260.419921875 577.5791015625 
3 2485.987548828125 132.72589111328125 2553.14111328125 206.82752990722656 
3 1583.8153076171875 80.4852294921875 1620.0185546875 161.46240234375 
193
2 864.3463745117188 271.3616027832031 1036.996826171875 657.77880859375 
3 1098.135009765625 184.1002197265625 1258.94677734375 575.8069458007812 
3 2483.02490234375 131.8235626220703 2554.71923828125 209.60647583007812 
194
2 862.827880859375 271.35418701171875 1033.27734375 641.5697021484375 
3 1095.2744140625 183.13963317871094 1255.7589111328125 575.0242919921875 
3 2483.258056640625 133.43203735351562 2554.10009765625 207.74447631835938 
3 1580.0369873046875 82.11835479736328 1617.9788818359375 161.80860900878906 
3 1796.8760986328125 75.97734069824219 1827.95849609375 136.00852966308594 
195
3 1094.53955078125 184.43734741210938 1251.9700927734375 574.9942626953125 
2 861.0511474609375 272.10980224609375 1031.8785400390625 639.07275390625 
3 2481.65576171875 132.0277099609375 2550.05078125 206.7311553955078 
196
3 1091.1239013671875 184.61578369140625 1252.8009033203125 576.9081420898438 
2 860.1298217773438 272.7409362792969 1032.3587646484375 655.1839599609375 
3 2479.641845703125 131.73074340820312 2550.570068359375 204.33197021484375 
197
2 858.412109375 271.83209228515625 1029.0218505859375 651.2137451171875 
3 1087.638916015625 182.89117431640625 1245.6302490234375 577.5344848632812 
3 2478.290771484375 132.29129028320312 2547.995849609375 202.3310546875 
3 0.06342315673828125 245.59417724609375 24.037696838378906 291.1588439941406 
198
2 857.079345703125 271.3413391113281 1025.015625 636.2123413085938 
3 1084.0194091796875 185.7354736328125 1242.3380126953125 576.931640625 
3 2476.588134765625 131.9235382080078 2546.2373046875 202.33790588378906 
199
2 854.5692138671875 272.84356689453125 1028.2591552734375 658.344970703125 
3 1080.9927978515625 186.48828125 1240.933349609375 577.064697265625 
200
2 852.7081909179688 273.04541015625 1024.3294677734375 657.9989013671875 
3 1078.1990966796875 183.80908203125 1238.986083984375 571.02197265625 
3 2474.80419921875 131.11260986328125 2552.770263671875 200.8072509765625 
201
2 852.6553344726562 272.64404296875 1022.5883178710938 640.6461181640625 
3 1076.979248046875 186.07879638671875 1234.7689208984375 574.6444702148438 
202
2 850.4755859375 272.3013916015625 1022.1915283203125 639.7333984375 
3 1073.60888671875 185.75765991210938 1233.4515380859375 575.6791381835938 
203
3 1072.27294921875 183.96875 1230.541748046875 574.95166015625 
2 847.0794067382812 273.1059875488281 1022.9528198242188 657.0533447265625 
204
3 1069.3858642578125 184.62088012695312 1229.559814453125 569.5288696289062 
2 846.9905395507812 273.4592590332031 1020.543701171875 655.4544677734375 
3 2509.066650390625 140.74514770507812 2558.8896484375 222.54483032226562 
205
2 845.6527709960938 273.119384765625 1017.6156005859375 637.931640625 
3 1066.606689453125 185.7952880859375 1227.5592041015625 577.6495971679688 
206
3 1062.943603515625 187.18682861328125 1226.125244140625 576.2208251953125 
2 844.5081787109375 273.607666015625 1018.1039428710938 637.7005615234375 
207
3 1060.4346923828125 187.5726318359375 1224.56103515625 575.4224853515625 
2 843.5968017578125 273.5283203125 1018.2619018554688 655.7330932617188 
3 2502.623291015625 141.54824829101562 2558.958984375 231.76846313476562 
208
2 841.56591796875 273.3186340332031 1016.0970458984375 638.0045166015625 
3 1057.36962890625 188.88723754882812 1220.7076416015625 575.5352172851562 
3 2504.1630859375 143.03892517089844 2558.630859375 230.74383544921875 
209
2 840.7767333984375 273.6278076171875 1014.2215576171875 637.4189453125 
3 1056.1824951171875 189.86146545410156 1219.5589599609375 577.7367553710938 
3 1563.031005859375 79.93016052246094 1598.01318359375 170.76673889160156 
3 2494.843994140625 140.79356384277344 2551.75927734375 223.27255249023438 
3 2463.345703125 144.54983520507812 2507.05859375 193.1215362548828 
210
2 840.4395751953125 274.134765625 1014.2777099609375 638.6881713867188 
3 1053.587158203125 191.40789794921875 1217.208984375 579.7369384765625 
3 2495.907958984375 140.7718505859375 2551.23388671875 227.2056884765625 
211
2 837.7862548828125 274.701904296875 1012.644287109375 639.0518798828125 
3 1050.1552734375 190.8169403076172 1216.258544921875 575.4717407226562 
3 2500.34375 143.0469970703125 2558.2138671875 230.88613891601562 
212
2 836.302001953125 274.9461364746094 1011.4622802734375 636.3648681640625 
3 1049.0418701171875 190.9649200439453 1215.349853515625 571.2697143554688 
3 1771.8072509765625 74.30628967285156 1801.8240966796875 136.39337158203125 
3 2493.83251953125 141.721923828125 2551.392578125 226.3699951171875 
213
2 836.0707397460938 274.81494140625 1010.50146484375 637.0143432617188 
3 1045.068359375 191.39344787597656 1214.0196533203125 576.0650634765625 
214
2 833.9030151367188 274.2579345703125 1009.0081787109375 636.6192626953125 
3 1043.2049560546875 191.9942169189453 1212.392333984375 576.156494140625 
3 2495.66162109375 139.09629821777344 2558.900634765625 232.24078369140625 
215
2 832.5677490234375 274.7010192871094 1008.0446166992188 636.41259765625 
3 1039.531982421875 190.8868865966797 1210.1318359375 571.5570068359375 
3 1554.096435546875 78.70337677001953 1591.8526611328125 170.06906127929688 
3 2494.2978515625 137.87979125976562 2558.90283203125 231.77365112304688 
3 1769.1744384765625 75.20193481445312 1799.733154296875 133.4232177734375 
216
2 831.9268798828125 274.3604736328125 1006.0584106445312 636.685791015625 
3 1038.91650390625 192.46273803710938 1209.046875 566.266845703125 
3 1553.8265380859375 79.12466430664062 1590.7913818359375 160.62693786621094 
3 2493.796142578125 145.0098876953125 2558.63525390625 229.83700561523438 
217
2 829.3358154296875 273.99981689453125 1005.6012573242188 636.838623046875 
3 1036.948974609375 192.79306030273438 1208.4794921875 573.0543212890625 
3 1553.0513916015625 78.44654083251953 1588.38525390625 157.6542205810547 
3 2491.5849609375 146.8310089111328 2554.476318359375 232.79150390625 
3 2469.723876953125 123.88980102539062 2508.946044921875 191.34442138671875 
218
2 827.843505859375 274.5081481933594 1004.6360473632812 638.5216064453125 
3 1035.383544921875 192.17935180664062 1206.284423828125 577.6190185546875 
3 2491.907958984375 137.7078857421875 2559.031005859375 229.2528076171875 
219
2 825.5748901367188 274.69366455078125 1004.5839233398438 639.495361328125 
3 1033.9130859375 193.04000854492188 1204.752197265625 568.1934204101562 
3 1548.876220703125 79.70317840576172 1586.07958984375 164.45352172851562 
3 2492.405517578125 137.0856170654297 2558.962646484375 228.68899536132812 
3 1765.61181640625 75.3299560546875 1797.345947265625 132.25729370117188 
220
2 823.9799194335938 275.36785888671875 1003.5757446289062 636.8289794921875 
3 1032.33642578125 193.5686492919922 1203.24853515625 565.5656127929688 
3 1548.689697265625 79.07921600341797 1584.6282958984375 154.33843994140625 
221
2 822.5558471679688 275.67242431640625 1002.8510131835938 639.0983276367188 
3 1030.5570068359375 192.598876953125 1202.46240234375 573.8507080078125 
222
2 821.6282348632812 275.98919677734375 1000.7904052734375 640.2762451171875 
3 1028.5230712890625 192.6897430419922 1202.3587646484375 578.15771484375 
3 1546.3209228515625 80.560791015625 1582.747802734375 160.62840270996094 
223
2 819.52587890625 275.8336181640625 1001.543701171875 639.131103515625 
3 1027.402587890625 195.05523681640625 1200.5242919921875 574.894775390625 
3 1546.1575927734375 79.25098419189453 1581.992919921875 160.5817413330078 
224
2 817.9791870117188 276.4703369140625 999.9814453125 636.220458984375 
3 1025.4501953125 196.56317138671875 1199.9237060546875 574.2442626953125 
3 1545.8084716796875 78.63545989990234 1580.7825927734375 158.2256317138672 
225
2 817.9437866210938 276.76702880859375 997.86572265625 637.6431884765625 
3 1024.048095703125 195.9498291015625 1199.339599609375 569.9351806640625 
226
2 815.475341796875 276.99517822265625 998.0632934570312 639.1622924804688 
3 1023.6298828125 195.3004608154297 1198.6888427734375 574.93212890625 
3 1542.7437744140625 80.31635284423828 1578.228515625 145.70718383789062 
227
3 1021.9208374023438 197.85137939453125 1197.7430419921875 573.2011108398438 
2 813.5519409179688 277.45361328125 998.5389404296875 641.2988891601562 
3 1541.7607421875 79.31346893310547 1576.91259765625 160.56118774414062 
228
3 1021.490234375 198.26071166992188 1196.9420166015625 571.4891357421875 
2 813.169677734375 277.72564697265625 997.287109375 640.5616455078125 
3 1541.734619140625 78.64279174804688 1575.0771484375 160.30332946777344 
229
3 1019.7435913085938 196.94607543945312 1196.829833984375 571.4248046875 
2 811.8365478515625 277.90509033203125 995.34619140625 641.0380249023438 
230
2 811.4256591796875 278.29644775390625 993.8922119140625 641.8154907226562 
3 1016.9990234375 198.83123779296875 1196.44091796875 579.9993286132812 
231
2 809.2952270507812 278.3250732421875 993.3028564453125 641.5372924804688 
3 1017.400634765625 198.86146545410156 1192.7064208984375 574.8466796875 
3 1537.8775634765625 79.84132385253906 1573.174072265625 160.5994873046875 
3 2390.1318359375 87.6519775390625 2408.520263671875 120.50352478027344 
3 2357.825927734375 81.83984375 2374.095947265625 111.99615478515625 
232
2 807.2452392578125 278.88446044921875 991.5042724609375 640.766357421875 
3 1015.706298828125 195.76470947265625 1194.884765625 570.6258544921875 
233
2 807.4468383789062 278.891845703125 991.35693359375 643.6846313476562 
3 1012.8984985351562 197.8697967529297 1195.21875 572.8358154296875 
234
2 804.2762451171875 278.65008544921875 989.5513916015625 643.6762084960938 
3 1011.5560302734375 196.55026245117188 1191.5703125 571.2390747070312 
3 1533.127685546875 80.42253112792969 1569.8594970703125 158.04978942871094 
235
2 803.3154296875 279.1565856933594 988.3128051757812 641.3180541992188 
3 1010.3045654296875 197.51083374023438 1188.726806640625 565.8997192382812 
236
2 803.0604248046875 279.3675537109375 987.113525390625 639.9210815429688 
3 1007.4722900390625 196.4317169189453 1189.8448486328125 576.5590209960938 
237
2 800.70849609375 279.0743408203125 986.0587158203125 640.5347290039062 
3 1008.1755981445312 198.51022338867188 1188.138916015625 578.646240234375 
3 1530.6204833984375 78.72779846191406 1565.98046875 159.56423950195312 
238
2 799.2352294921875 279.19378662109375 986.6209106445312 639.966064453125 
2 1006.0941162109375 198.76535034179688 1185.3427734375 583.5307006835938 
239
2 799.79931640625 279.476318359375 984.935546875 641.4268798828125 
2 1004.98583984375 199.31405639648438 1184.6634521484375 586.5519409179688 
240
2 798.78125 279.58447265625 980.3131713867188 640.4344482421875 
3 1003.6995239257812 198.46966552734375 1183.833984375 580.35205078125 
3 1525.3861083984375 79.19088745117188 1560.5531005859375 159.98828125 
241
2 1000.5860595703125 198.15882873535156 1181.229736328125 582.8255004882812 
2 796.80419921875 279.3876037597656 982.2850952148438 643.925048828125 
242
2 796.632568359375 279.9755859375 980.6708374023438 651.6245727539062 
2 1000.8123168945312 199.30393981933594 1181.361083984375 588.2609252929688 
243
2 1000.0686645507812 199.33912658691406 1179.627197265625 585.6826171875 
2 794.52001953125 279.31536865234375 979.1297607421875 646.417236328125 
244
2 791.94091796875 279.30621337890625 979.2424926757812 661.7911987304688 
2 998.283447265625 200.12344360351562 1176.7083740234375 586.113037109375 
245
2 997.6653442382812 200.47369384765625 1176.896728515625 587.3251342773438 
2 792.2905883789062 279.1937561035156 977.25341796875 652.9232788085938 
246
2 789.8951416015625 279.17547607421875 975.9415893554688 658.361328125 
3 994.6373291015625 199.7827606201172 1176.5274658203125 579.7001953125 
3 1516.9210205078125 77.34938049316406 1553.3524169921875 160.52435302734375 
247
2 787.47705078125 279.1647644042969 974.5331420898438 658.2556762695312 
3 993.1209106445312 200.25637817382812 1172.703125 579.1329345703125 
248
2 787.4149780273438 280.07843017578125 971.041748046875 641.673583984375 
3 992.49609375 200.82212829589844 1170.3895263671875 571.9013061523438 
3 2330.634033203125 80.42815399169922 2344.58154296875 105.710693359375 
249
2 786.7706298828125 279.95941162109375 971.8455200195312 641.6968383789062 
3 991.6019897460938 201.66049194335938 1169.4593505859375 570.2166137695312 
3 1513.752197265625 77.54214477539062 1550.2183837890625 164.3091583251953 
250
2 786.1571044921875 280.28753662109375 971.05517578125 658.9727172851562 
3 989.3682250976562 200.21177673339844 1168.291748046875 577.94091796875 
3 2326.3740234375 79.32414245605469 2339.604248046875 106.01368713378906 
3 2451.324462890625 121.5401611328125 2497.64208984375 185.78196716308594 
3 2414.000732421875 112.60971069335938 2467.642578125 180.40280151367188 
251
2 783.9879760742188 280.9739990234375 972.41162109375 646.8554077148438 
2 988.6504516601562 200.82093811035156 1167.4288330078125 582.3096923828125 
2 989.094970703125 200.5947265625 1167.2706298828125 583.1299438476562 
252
2 783.7772827148438 280.60986328125 970.3904418945312 640.5564575195312 
3 988.1566162109375 201.67820739746094 1166.310791015625 576.9169921875 
3 1509.726806640625 75.70816040039062 1546.5286865234375 165.33773803710938 
253
2 782.6353149414062 280.007568359375 968.6071166992188 642.4600219726562 
2 988.0003051757812 201.09718322753906 1165.832275390625 582.4392700195312 
254
3 987.9324340820312 200.77500915527344 1165.5355224609375 572.0078125 
2 781.8461303710938 280.39019775390625 966.5912475585938 641.0328979492188 
255
2 781.05078125 281.57745361328125 963.4969482421875 637.52392578125 
3 986.3989868164062 200.9569549560547 1164.879150390625 573.1732788085938 
256
2 780.2904663085938 281.02325439453125 964.9904174804688 640.3268432617188 
3 985.8953857421875 200.49169921875 1164.4654541015625 567.477294921875 
257
2 779.9488525390625 280.43536376953125 963.787109375 643.6085205078125 
3 985.4938354492188 199.8341064453125 1163.4764404296875 573.8034057617188 
258
2 779.8209228515625 280.44976806640625 963.9647827148438 645.831787109375 
3 985.4364624023438 198.77337646484375 1163.532958984375 574.6824951171875 
259
2 778.8309936523438 281.3469543457031 963.4112548828125 648.582763671875 
3 984.5805053710938 199.7195281982422 1161.9833984375 580.285888671875 
260
3 984.0065307617188 198.8561248779297 1160.97802734375 574.08203125 
2 778.2052001953125 281.863525390625 961.0352783203125 642.094482421875 
261
2 778.7341918945312 280.74603271484375 959.621826171875 640.1182250976562 
3 983.9063110351562 197.72239685058594 1160.81298828125 561.7662353515625 
262
3 984.2822265625 197.1407928466797 1161.56689453125 560.5072631835938 
2 778.1621704101562 280.4156799316406 959.5674438476562 640.8995361328125 
263
2 778.1411743164062 280.65142822265625 958.4249877929688 640.04150390625 
3 983.9503784179688 197.3191680908203 1161.5804443359375 562.0030517578125 
264
3 983.9200439453125 197.87416076660156 1161.4058837890625 569.25439453125 
2 777.5284423828125 281.46807861328125 958.6742553710938 651.437744140625 
265
3 983.3795166015625 199.8875732421875 1159.8349609375 578.5432739257812 
2 778.31298828125 281.58056640625 958.2398681640625 652.2345581054688 
266
3 983.1387939453125 200.13832092285156 1159.550537109375 579.2786865234375 
2 777.9682006835938 281.54058837890625 957.9135131835938 648.11669921875 
267
3 983.34326171875 198.62838745117188 1159.8121337890625 563.264892578125 
2 777.296142578125 281.5081787109375 955.5138549804688 640.9266357421875 
268
3 983.671142578125 197.25531005859375 1160.1307373046875 560.9767456054688 
2 776.6812133789062 281.52508544921875 954.657958984375 641.7142944335938 
269
3 984.3408813476562 196.53428649902344 1160.1590576171875 561.093994140625 
2 776.3143920898438 281.3115234375 953.9142456054688 641.6511840820312 
270
2 775.5845947265625 281.1941223144531 955.72021484375 642.2540893554688 
3 985.043212890625 196.35177612304688 1160.054443359375 563.5340576171875 
271
2 775.712646484375 281.2662048339844 957.7968139648438 644.5969848632812 
3 984.7697143554688 197.58056640625 1160.0166015625 571.4188842773438 
272
2 775.2845458984375 281.22735595703125 958.6226806640625 643.2724609375 
3 984.8504638671875 197.94210815429688 1159.9951171875 576.6459350585938 
273
2 775.2171630859375 281.3553466796875 957.9755249023438 642.9114990234375 
3 983.4632568359375 195.9964599609375 1159.9561767578125 577.9511108398438 
274
3 982.876953125 194.9593505859375 1159.92919921875 578.7989501953125 
2 775.5154418945312 281.46209716796875 957.5270385742188 642.56494140625 
275
3 981.4768676757812 194.30227661132812 1160.08447265625 579.9530029296875 
2 775.7822265625 281.1861572265625 956.7969970703125 641.9186401367188 
276
3 981.0135498046875 193.4912567138672 1160.3104248046875 580.8798828125 
2 775.8289184570312 281.3481140136719 956.086181640625 641.9137573242188 
277
2 980.9417114257812 191.75692749023438 1160.3902587890625 582.39892578125 
2 776.0309448242188 281.0673828125 955.8707885742188 641.8917236328125 
278
2 980.9946899414062 190.672607421875 1160.6328125 582.123779296875 
2 775.8412475585938 280.84619140625 955.4514770507812 641.8958129882812 
279
3 980.8021240234375 190.6085662841797 1160.473876953125 580.8792724609375 
2 775.5447387695312 281.2926025390625 955.2691040039062 641.2802734375 
280
3 980.890869140625 189.39405822753906 1161.009765625 579.7381591796875 
2 775.2368774414062 280.9141845703125 954.7526245117188 641.7478637695312 
281
2 775.0205078125 280.78253173828125 954.8443603515625 641.1990356445312 
3 981.9699096679688 189.07608032226562 1161.17333984375 578.6730346679688 
282
2 774.8627319335938 280.78961181640625 954.99365234375 641.2704467773438 
3 983.178466796875 189.44436645507812 1160.982421875 578.8416748046875 
283
2 774.7069702148438 281.0445861816406 954.8102416992188 641.9641723632812 
3 983.583984375 190.25607299804688 1161.5322265625 578.797119140625 
284
2 774.775634765625 280.9830322265625 954.66455078125 642.319091796875 
3 983.1485595703125 190.208251953125 1162.0263671875 578.381591796875 
285
2 774.948486328125 280.87481689453125 954.7266235351562 642.08740234375 
3 983.1420288085938 189.96107482910156 1162.5826416015625 578.433837890625 
286
2 774.98193359375 280.7857666015625 954.8121337890625 642.1517333984375 
3 982.9942626953125 189.5847930908203 1162.85693359375 578.122802734375 
287
2 775.00927734375 280.5977783203125 954.812744140625 642.58544921875 
3 979.4649658203125 189.2736358642578 1163.4071044921875 577.8094482421875 
288
2 774.6839599609375 280.86248779296875 954.866455078125 642.6371459960938 
3 977.984619140625 189.5943145751953 1163.027587890625 574.4048461914062 
289
2 774.9950561523438 280.35888671875 954.9217529296875 643.0208129882812 
3 976.9002075195312 189.66403198242188 1163.631103515625 578.3634033203125 
290
2 774.687744140625 280.6033935546875 954.6300048828125 642.4226684570312 
3 974.73974609375 189.6907196044922 1163.85009765625 576.828369140625 
291
2 774.6975708007812 280.6051025390625 954.8760986328125 642.167236328125 
3 972.3221435546875 189.71934509277344 1163.347412109375 576.7054443359375 
292
2 774.7823486328125 280.4778137207031 955.059326171875 642.15087890625 
3 972.0587768554688 189.51425170898438 1163.859130859375 576.630615234375 
293
2 774.73291015625 280.566162109375 955.0032348632812 642.0701293945312 
3 969.25927734375 189.79917907714844 1163.6783447265625 577.29052734375 
294
2 774.3204345703125 280.5036315917969 955.0078125 642.1729736328125 
3 968.8172607421875 189.38217163085938 1163.0648193359375 575.9401245117188 
3 2393.119873046875 107.68565368652344 2459.393310546875 174.3426971435547 
295
2 773.427001953125 280.61419677734375 955.0669555664062 642.4620971679688 
3 968.3818359375 189.446044921875 1163.15283203125 577.5709228515625 
3 2393.1552734375 107.25868225097656 2457.461181640625 174.36170959472656 
296
3 968.5228271484375 189.11453247070312 1162.8917236328125 577.8549194335938 
2 772.9619750976562 280.6898498535156 955.0501708984375 643.0224609375 
3 2393.024658203125 107.3914794921875 2457.40185546875 174.55886840820312 
297
2 772.5750122070312 280.8372802734375 954.9952392578125 642.9295043945312 
3 969.0233154296875 189.2490234375 1162.68603515625 577.2294921875 
3 2393.01953125 107.59100341796875 2457.383544921875 174.6043243408203 
298
3 968.9005737304688 189.15542602539062 1162.421875 579.8323974609375 
2 771.6344604492188 280.6634521484375 955.214111328125 643.9923706054688 
3 2393.161865234375 108.27995300292969 2458.92333984375 174.40255737304688 
3 2344.665771484375 73.2157211303711 2362.53173828125 108.28302001953125 
299
2 771.2890014648438 280.9793395996094 954.9047241210938 643.129150390625 
3 969.37890625 189.69935607910156 1161.65869140625 577.4134521484375 
3 2393.17724609375 108.52351379394531 2457.095458984375 174.58082580566406 
300
2 770.9766845703125 280.7015380859375 955.0590209960938 644.4192504882812 
3 970.282470703125 189.5574188232422 1161.701171875 579.9138793945312 
3 2393.21728515625 107.60574340820312 2456.745361328125 175.04397583007812 
301
2 769.7056274414062 280.6781921386719 955.21142578125 644.6630249023438 
3 971.4698486328125 190.22251892089844 1161.9874267578125 579.4217529296875 
3 2393.285400390625 107.76080322265625 2456.517578125 174.6064910888672 
302
2 768.7247314453125 280.3282775878906 955.1616821289062 647.16943359375 
3 974.0004272460938 190.2925262451172 1162.6094970703125 579.0845947265625 
3 2393.434814453125 107.19218444824219 2456.7666015625 175.69232177734375 
303
2 768.461181640625 280.1390075683594 955.3187255859375 643.8126831054688 
3 976.7513427734375 190.3820343017578 1162.641845703125 579.0330810546875 
3 2393.1630859375 108.13037109375 2458.2353515625 175.25942993164062 
3 2344.122802734375 71.89625549316406 2363.65380859375 107.98646545410156 
304
2 767.1965942382812 279.92864990234375 955.041015625 642.7935180664062 
3 978.0066528320312 190.5583953857422 1162.8699951171875 579.165283203125 
3 2393.446533203125 108.88624572753906 2458.778564453125 174.73629760742188 
305
3 977.55859375 190.56790161132812 1163.280517578125 579.3690795898438 
2 764.9629516601562 279.078857421875 955.0291748046875 642.7119140625 
3 2393.428955078125 108.93220520019531 2460.87353515625 174.7874755859375 
306
2 763.6790161132812 278.70751953125 954.982177734375 642.4425048828125 
3 978.8130493164062 190.66159057617188 1163.4217529296875 579.4859619140625 
3 2393.39111328125 109.04010009765625 2458.516845703125 174.5868377685547 
307
3 978.103271484375 190.53463745117188 1163.4383544921875 579.3982543945312 
2 762.5 278.39300537109375 955.156005859375 642.2256469726562 
3 2394.127197265625 107.79568481445312 2460.216552734375 174.57640075683594 
308
3 978.7036743164062 190.7098388671875 1163.30517578125 579.3048095703125 
2 759.67724609375 278.32623291015625 955.2770385742188 642.5180053710938 
3 2394.349609375 107.07464599609375 2461.628173828125 174.78367614746094 
309
3 978.9325561523438 191.1156463623047 1163.3858642578125 579.1058349609375 
2 758.4632568359375 277.9072265625 955.4839477539062 641.7680053710938 
310
3 978.4385986328125 191.32568359375 1163.408935546875 578.9356689453125 
2 756.5784912109375 277.2793273925781 955.4931030273438 643.5048828125 
311
3 978.0363159179688 191.762939453125 1163.1143798828125 579.0159301757812 
2 755.0870361328125 276.76629638671875 955.230224609375 641.7572631835938 
312
3 977.6688842773438 191.2835235595703 1162.6473388671875 577.5262451171875 
2 751.8580932617188 275.01123046875 955.109375 640.4168701171875 
313
3 977.9003295898438 191.32810974121094 1162.116455078125 577.0927734375 
2 749.5721435546875 275.8036804199219 955.2044677734375 640.873046875 
3 2394.160888671875 107.24443054199219 2462.560791015625 175.63092041015625 
314
3 977.7633056640625 191.1389923095703 1161.803466796875 577.8136596679688 
2 747.1224975585938 274.7405090332031 955.101806640625 641.6941528320312 
315
3 976.7653198242188 190.77243041992188 1161.55224609375 577.1140747070312 
2 743.99072265625 275.4533386230469 955.4122924804688 640.3512573242188 
316
3 975.8568725585938 190.31861877441406 1161.3887939453125 575.799560546875 
2 742.9808349609375 274.7545471191406 955.4693603515625 644.495849609375 
317
3 975.4482421875 190.14654541015625 1161.109619140625 576.4810791015625 
2 741.22998046875 274.80303955078125 956.0399169921875 642.8258056640625 
318
3 975.032470703125 190.04971313476562 1160.6712646484375 577.1820678710938 
2 737.9907836914062 274.7148742675781 956.0712890625 644.2620849609375 
319
3 974.7486572265625 190.2031707763672 1160.180908203125 578.0614624023438 
2 736.4818115234375 274.48895263671875 956.4570922851562 645.132080078125 
320
3 971.7461547851562 189.9897003173828 1160.14404296875 578.8275146484375 
2 734.4329833984375 273.84393310546875 956.3922729492188 643.4852294921875 
321
3 969.6481323242188 189.9929962158203 1159.7177734375 578.25244140625 
2 733.2948608398438 273.72430419921875 955.6610107421875 642.004638671875 
322
3 968.1939697265625 189.90377807617188 1160.102783203125 579.9830322265625 
2 731.7252197265625 273.07550048828125 955.812744140625 643.2132568359375 
323
3 966.7259521484375 190.23411560058594 1160.1522216796875 579.5399169921875 
2 731.15185546875 272.78375244140625 955.2186279296875 643.5650634765625 
324
3 966.2207641601562 190.54249572753906 1160.206298828125 579.7601928710938 
2 726.3471069335938 271.8719482421875 955.001220703125 640.4669799804688 
325
3 966.0347290039062 190.59278869628906 1159.862060546875 580.4922485351562 
2 725.7366943359375 271.37890625 951.93896484375 639.5220336914062 
326
3 965.484619140625 190.83245849609375 1160.29345703125 579.46484375 
2 722.2150268554688 271.1788330078125 945.8382568359375 641.5313720703125 
327
3 965.509765625 190.60093688964844 1159.8157958984375 579.0496826171875 
2 720.8200073242188 271.84234619140625 949.2088623046875 644.3522338867188 
328
3 966.1143188476562 190.24630737304688 1159.656005859375 580.360595703125 
2 719.871826171875 271.68060302734375 940.4934692382812 640.5772705078125 
329
2 717.0702514648438 270.8092041015625 935.512939453125 641.1661376953125 
3 967.5478515625 190.2796173095703 1159.7744140625 579.7454833984375 
330
3 967.4790649414062 190.23777770996094 1159.8682861328125 578.7836303710938 
2 716.2977294921875 270.1504211425781 932.3138427734375 646.5992431640625 
331
2 714.9624633789062 269.5803527832031 929.9425048828125 666.611572265625 
3 968.666748046875 190.67359924316406 1159.8160400390625 579.7449951171875 
332
3 971.0353393554688 190.99920654296875 1159.7347412109375 578.232666015625 
2 715.2349243164062 269.1883544921875 922.2049560546875 653.0134887695312 
333
3 972.7625732421875 191.8926239013672 1159.4737548828125 577.787353515625 
2 715.1378784179688 268.8992919921875 917.877685546875 672.507080078125 
334
3 973.6641845703125 192.35838317871094 1159.7625732421875 577.83740234375 
2 713.77734375 269.14373779296875 912.7113647460938 677.0567626953125 
335
2 712.6719360351562 268.8572998046875 913.3226928710938 681.5039672851562 
3 975.1913452148438 192.89271545410156 1159.8504638671875 578.0679931640625 
336
2 712.0863647460938 268.8563232421875 912.1141357421875 685.7174682617188 
3 975.1761474609375 193.16030883789062 1159.6920166015625 577.1080322265625 
337
3 974.9332275390625 193.50479125976562 1159.641357421875 575.7644653320312 
2 711.8583984375 269.0562744140625 912.45947265625 684.335693359375 
338
3 975.9448852539062 193.72262573242188 1159.74365234375 573.1683349609375 
2 712.0138549804688 269.13623046875 915.2874755859375 686.44775390625 
339
3 976.44287109375 194.55569458007812 1159.8017578125 574.2010498046875 
2 712.980712890625 268.9281005859375 913.3025512695312 680.0428466796875 
340
3 976.9713134765625 195.4170379638672 1159.99072265625 569.9552612304688 
2 713.5728149414062 269.19097900390625 911.94677734375 684.5759887695312 
341
3 977.2710571289062 195.51560974121094 1160.3162841796875 569.0791015625 
2 713.0416259765625 269.04034423828125 912.514404296875 676.9910278320312 
342
3 977.3675537109375 195.52041625976562 1160.2454833984375 567.0177612304688 
2 712.1005859375 268.83807373046875 912.03662109375 676.510498046875 
343
3 978.3776245117188 195.81414794921875 1160.026123046875 567.3636474609375 
2 712.0540161132812 269.36358642578125 911.9638671875 666.1732177734375 
344
3 979.51953125 195.7889404296875 1159.819091796875 567.0869140625 
2 712.0831298828125 269.47003173828125 912.43896484375 664.4443969726562 
345
3 980.4331665039062 194.8086395263672 1160.0196533203125 565.7840576171875 
2 710.9631958007812 269.82354736328125 913.1578369140625 664.565185546875 
346
3 980.57568359375 195.0399627685547 1159.86865234375 566.71142578125 
2 709.58349609375 270.515380859375 912.7001953125 663.47509765625 
347
3 980.8480224609375 194.5972900390625 1159.6661376953125 567.8959350585938 
2 708.9339599609375 270.5032958984375 913.6854248046875 663.9906005859375 
348
3 981.1411743164062 194.43653869628906 1159.657470703125 567.2291259765625 
2 708.9869384765625 270.636474609375 914.3622436523438 664.9757080078125 
349
3 980.9982299804688 194.17376708984375 1159.7156982421875 567.1853637695312 
2 709.57275390625 270.814453125 913.4954833984375 663.2645263671875 
350
3 980.9514770507812 194.2538604736328 1159.7591552734375 567.0367431640625 
2 709.346435546875 270.95599365234375 913.6049194335938 662.3693237304688 
351
3 981.2410888671875 194.18861389160156 1159.6043701171875 568.3687133789062 
2 708.2777709960938 270.649658203125 914.2058715820312 663.3518676757812 
352
3 981.16064453125 193.70677185058594 1159.6685791015625 567.375732421875 
2 707.8502197265625 270.83404541015625 912.1629028320312 663.67919921875 
353
3 981.3509521484375 192.9957275390625 1159.7529296875 567.4025268554688 
2 706.9395751953125 271.15924072265625 912.4735107421875 663.6991577148438 
354
3 981.5504760742188 193.09323120117188 1159.235107421875 567.214111328125 
2 705.7239379882812 271.166748046875 911.4077758789062 663.16943359375 
355
3 981.7351684570312 193.05447387695312 1159.185791015625 566.9979858398438 
2 703.4854125976562 270.93505859375 911.4271240234375 663.18798828125 
356
3 981.382568359375 192.9309539794922 1159.671875 567.03662109375 
2 704.3651123046875 271.1313171386719 911.1513061523438 663.3554077148438 
357
3 981.0401611328125 192.6376495361328 1159.6754150390625 566.6057739257812 
2 703.6985473632812 270.7026062011719 911.3790893554688 663.5321044921875 
358
3 980.5267333984375 192.81756591796875 1159.42529296875 566.83935546875 
2 705.0786743164062 270.5230407714844 911.128662109375 663.197998046875 
359
3 980.3355102539062 192.55484008789062 1159.4366455078125 567.30859375 
2 704.1904907226562 270.4302673339844 910.4874267578125 663.2991943359375 
360
3 980.4039306640625 192.48419189453125 1159.58251953125 567.2639770507812 
2 703.558349609375 270.24578857421875 910.3465576171875 662.8591918945312 
361
3 980.7476806640625 192.20127868652344 1159.9287109375 565.228759765625 
2 702.2213134765625 270.16650390625 910.5672607421875 662.2350463867188 
362
3 980.5005493164062 192.3451690673828 1160.5003662109375 565.8833618164062 
2 702.6857299804688 270.74969482421875 910.3836669921875 662.2926025390625 
363
3 980.9435424804688 191.9925994873047 1160.57568359375 564.3995971679688 
2 700.3898315429688 270.19708251953125 911.883056640625 662.251953125 
364
3 980.9488525390625 191.89622497558594 1160.4615478515625 564.4126586914062 
2 700.5541381835938 270.37542724609375 911.8653564453125 662.2027587890625 
365
3 980.9721069335938 192.5520782470703 1160.2569580078125 563.3452758789062 
2 698.6845703125 270.20086669921875 911.9637451171875 662.0267944335938 
366
3 981.0416870117188 192.93222045898438 1160.73193359375 565.3953247070312 
2 698.6239624023438 270.15899658203125 911.5322265625 661.600341796875 
367
3 981.1196899414062 192.931396484375 1160.8060302734375 563.4649047851562 
2 697.1985473632812 270.020751953125 912.226806640625 661.6768798828125 
368
3 981.1203002929688 192.79286193847656 1161.340087890625 562.5016479492188 
2 697.8050537109375 270.1596374511719 911.9944458007812 662.02734375 
369
3 981.1641235351562 192.84628295898438 1161.896240234375 563.165771484375 
2 697.4420776367188 270.027099609375 911.9796142578125 662.2747802734375 
370
3 980.765625 192.8939971923828 1162.0888671875 562.89111328125 
2 697.6915283203125 270.2906188964844 912.0451049804688 662.585693359375 
371
3 981.1530151367188 192.29600524902344 1162.5562744140625 563.9319458007812 
2 697.288818359375 270.25067138671875 911.482666015625 662.2784423828125 
372
3 980.6775512695312 192.4631805419922 1162.908203125 567.0983276367188 
2 698.6145629882812 270.85394287109375 911.39501953125 663.436767578125 
373
3 980.70361328125 191.84161376953125 1163.0538330078125 565.1337890625 
2 698.5081176757812 270.3416748046875 911.0767211914062 662.8209228515625 
374
3 980.7354736328125 191.76388549804688 1163.0968017578125 566.6480712890625 
2 698.4859008789062 270.49053955078125 911.2799682617188 662.619873046875 
375
3 980.97314453125 191.69882202148438 1163.400390625 566.1397705078125 
2 699.3284912109375 270.6736145019531 911.1162109375 662.5223999023438 
376
3 981.28662109375 191.6634063720703 1163.43359375 565.2283935546875 
2 699.9962158203125 270.72393798828125 911.3616943359375 661.9754028320312 
377
3 981.41357421875 191.41847229003906 1163.334716796875 563.8837890625 
2 699.5394287109375 270.6482849121094 910.9105224609375 662.5475463867188 
378
3 981.59912109375 191.81565856933594 1163.4976806640625 564.6973266601562 
2 700.1129150390625 271.0855712890625 910.2730102539062 662.4801025390625 
379
3 981.4759521484375 191.60556030273438 1163.6854248046875 562.8096923828125 
2 701.6412963867188 270.97113037109375 910.9683837890625 662.6865844726562 
380
3 981.7186279296875 191.6136016845703 1163.7314453125 562.48974609375 
2 702.5211791992188 270.99200439453125 910.5657958984375 662.2647705078125 
381
3 982.3330078125 191.77113342285156 1163.8597412109375 562.818359375 
2 701.7012939453125 270.29168701171875 910.3692016601562 663.0250244140625 
382
3 982.760986328125 191.79714965820312 1164.038818359375 563.6566162109375 
2 701.4800415039062 270.62646484375 910.09326171875 662.7560424804688 
383
3 982.7100219726562 191.5088653564453 1163.8314208984375 562.1715087890625 
2 701.71533203125 270.60589599609375 909.5708618164062 663.189453125 
384
3 983.0653076171875 191.16354370117188 1163.7596435546875 561.7924194335938 
2 702.4735107421875 270.8600769042969 909.1686401367188 663.1115112304688 
385
3 983.583251953125 191.1242218017578 1163.6502685546875 562.0086059570312 
2 703.9141845703125 271.0492248535156 909.4686279296875 662.6636962890625 
386
3 983.7240600585938 191.16737365722656 1163.7847900390625 562.1458129882812 
2 705.224609375 270.92486572265625 909.7263793945312 663.56201171875 
387
3 983.8329467773438 191.05067443847656 1163.853515625 562.1082763671875 
2 703.2327880859375 270.47314453125 909.601806640625 663.0611572265625 
388
3 984.0550537109375 191.08087158203125 1163.7181396484375 562.8598022460938 
2 703.0726318359375 270.281982421875 909.972412109375 662.721435546875 
389
3 984.1231079101562 190.97293090820312 1163.66259765625 561.9186401367188 
2 702.111328125 270.1761474609375 908.779541015625 662.9342651367188 
390
2 705.10009765625 270.0452880859375 909.2006225585938 663.3230590820312 
3 984.3302612304688 191.07106018066406 1163.517822265625 561.9539794921875 
391
3 984.5281982421875 191.04441833496094 1163.674072265625 562.0490112304688 
2 705.87109375 270.041015625 909.4308471679688 662.8584594726562 
392
2 705.3587036132812 269.923828125 908.890625 662.6936645507812 
3 984.8486328125 191.08905029296875 1163.7674560546875 562.1898803710938 
3 984.7084350585938 190.6120147705078 1164.0462646484375 561.6558227539062 
393
3 984.9185180664062 190.93833923339844 1163.8076171875 562.6524047851562 
2 703.723876953125 269.95660400390625 909.9732666015625 663.5021362304688 
394
3 984.6507568359375 190.18211364746094 1164.158935546875 561.4968872070312 
2 703.9942626953125 269.8393249511719 909.8092041015625 663.3812255859375 
395
3 984.908203125 190.1022186279297 1164.120361328125 561.207275390625 
2 702.1531982421875 270.20068359375 909.7919921875 663.0345458984375 
396
2 702.7174072265625 270.3900146484375 910.00390625 663.3800659179688 
3 985.0663452148438 190.36419677734375 1163.7813720703125 562.7769775390625 
397
3 984.9910278320312 189.87738037109375 1164.3876953125 561.4773559570312 
2 701.5669555664062 270.70343017578125 910.618408203125 662.6804809570312 
398
2 702.8563232421875 270.7464294433594 910.274658203125 662.3992919921875 
3 985.068603515625 189.8564453125 1164.299560546875 561.659423828125 
399
2 703.1432495117188 270.67205810546875 910.90478515625 662.4003295898438 
3 985.1968994140625 189.84996032714844 1164.5179443359375 561.7803955078125 
3 985.2684936523438 190.31884765625 1164.248779296875 562.4833374023438 
400
2 703.3356323242188 270.573974609375 911.7347412109375 662.054931640625 
3 985.4140014648438 190.41648864746094 1164.3536376953125 562.8846435546875 
3 985.4138793945312 189.88803100585938 1164.582763671875 562.2565307617188 
401
3 985.646728515625 190.7010040283203 1164.3736572265625 563.4459228515625 
2 702.8598022460938 270.65399169921875 912.0433349609375 662.38134765625 
402
3 986.0909423828125 190.64617919921875 1164.7823486328125 562.9609985351562 
2 703.6934204101562 270.490478515625 911.8871459960938 662.044677734375 
403
3 986.0785522460938 190.58438110351562 1164.673583984375 562.90283203125 
2 704.290771484375 271.0736083984375 911.012451171875 661.5238037109375 
404
3 986.4952392578125 190.65737915039062 1164.8236083984375 563.3834838867188 
2 703.883544921875 271.45343017578125 911.0608520507812 661.8082275390625 
405
3 986.6848754882812 190.71617126464844 1164.9678955078125 563.3140869140625 
2 701.95166015625 271.23431396484375 911.453857421875 660.7808227539062 
406
3 986.5114135742188 190.55282592773438 1165.0389404296875 563.3324584960938 
2 701.5152587890625 271.6646423339844 911.65673828125 661.0652465820312 
407
3 986.2584228515625 190.5756378173828 1164.95751953125 563.3546142578125 
2 701.3170166015625 270.98345947265625 911.375 662.5526123046875 
408
3 986.4180908203125 190.577880859375 1165.2437744140625 563.9911499023438 
2 701.5700073242188 270.91961669921875 912.4464111328125 661.3455810546875 
409
3 986.3956909179688 190.5311279296875 1165.2215576171875 564.3974609375 
2 700.5037231445312 270.75189208984375 912.4224853515625 662.0094604492188 
410
3 986.573974609375 190.4137725830078 1165.494384765625 564.2381591796875 
2 701.317626953125 270.55889892578125 912.060302734375 661.2806396484375 
411
3 986.73193359375 190.32374572753906 1165.207275390625 564.2232055664062 
2 701.6619873046875 270.4782409667969 912.0695190429688 661.6812744140625 
412
3 987.0257568359375 190.22119140625 1165.3304443359375 564.1267700195312 
2 702.364501953125 270.58782958984375 911.0814208984375 661.3997802734375 
413
3 986.9738159179688 190.25450134277344 1165.469970703125 564.1991577148438 
2 702.6775512695312 270.646484375 911.3325805664062 661.36767578125 
414
3 987.077880859375 190.31106567382812 1165.35205078125 564.4039916992188 
2 703.3148803710938 270.8384704589844 911.322509765625 661.7786865234375 
415
3 987.3170166015625 190.36041259765625 1165.3929443359375 564.3163452148438 
2 702.5903930664062 270.93310546875 911.4169311523438 661.5125732421875 
416
3 987.3844604492188 190.40223693847656 1165.4686279296875 564.2380981445312 
2 702.1978149414062 271.1255798339844 911.7537231445312 661.940673828125 
417
3 987.428955078125 190.47900390625 1165.4884033203125 564.865966796875 
2 701.8525390625 270.9384765625 911.021484375 661.52392578125 
418
3 987.6813354492188 190.32504272460938 1165.438232421875 564.87646484375 
2 702.5501708984375 270.72552490234375 911.959228515625 661.67333984375 
3 2395.666015625 108.54219055175781 2456.08935546875 177.19857788085938 
419
3 987.7826538085938 190.27658081054688 1165.63623046875 564.7333984375 
2 703.0621337890625 270.16973876953125 911.5067138671875 662.29833984375 
420
3 988.0387573242188 190.39300537109375 1165.9603271484375 565.113037109375 
2 704.2510375976562 269.947021484375 912.4140625 662.296875 
421
3 987.8612060546875 190.40902709960938 1165.7548828125 565.125 
2 706.0293579101562 269.7694091796875 911.640869140625 661.7890014648438 
422
3 988.1180419921875 190.43980407714844 1165.8992919921875 566.67138671875 
2 712.8583984375 269.5119934082031 911.8649291992188 662.6904296875 
423
3 987.9590454101562 190.45457458496094 1165.7464599609375 565.32421875 
2 711.2548828125 269.26171875 911.00390625 662.53125 
424
3 987.9381713867188 190.40699768066406 1165.91845703125 565.3226928710938 
2 709.4664306640625 269.4139404296875 911.6315307617188 662.5457763671875 
425
3 988.0184326171875 190.53846740722656 1165.8778076171875 565.111083984375 
2 712.6553344726562 269.92669677734375 911.1224365234375 662.6566772460938 
3 2395.148681640625 108.90272521972656 2458.317138671875 177.66966247558594 
426
3 987.970458984375 190.5238800048828 1165.953125 565.050537109375 
2 716.1312255859375 269.98345947265625 909.9274291992188 662.906494140625 
3 2395.56591796875 108.83731079101562 2458.12158203125 177.34756469726562 
427
3 987.860595703125 190.34597778320312 1166.0963134765625 566.7421875 
2 715.6583251953125 270.168212890625 909.5069580078125 662.8531494140625 
428
3 987.9005126953125 190.49777221679688 1165.9605712890625 566.02587890625 
2 716.1921997070312 270.14959716796875 909.3150024414062 661.9757080078125 
3 2395.531005859375 108.28958129882812 2463.31689453125 177.1534423828125 
429
3 988.3016357421875 190.59877014160156 1166.0394287109375 566.5376586914062 
2 715.8798828125 270.009765625 909.8604736328125 661.8814086914062 
430
3 988.25048828125 190.5390625 1165.903076171875 566.4822387695312 
2 716.3572387695312 269.7403564453125 909.1048583984375 662.020751953125 
431
3 988.1326904296875 190.4912109375 1166.065673828125 565.9825439453125 
2 715.9505615234375 269.6122741699219 909.6240234375 662.06689453125 
432
3 988.0980834960938 190.41873168945312 1166.0570068359375 565.9598999023438 
2 716.2420654296875 269.7335205078125 909.0643310546875 662.03271484375 
433
3 987.96630859375 190.52346801757812 1166.16845703125 565.5615844726562 
2 716.3814697265625 269.6929016113281 909.0763549804688 662.4969482421875 
434
3 988.07275390625 190.56451416015625 1166.2308349609375 565.405517578125 
2 716.63671875 269.5396728515625 909.6351318359375 662.404052734375 
435
3 987.9445190429688 190.6588897705078 1166.179443359375 566.1736450195312 
2 716.62890625 269.6578369140625 909.613525390625 662.6939697265625 
436
3 987.9443969726562 191.0751190185547 1166.0850830078125 565.6265869140625 
2 716.7889404296875 269.6875 909.5198364257812 662.2254638671875 
437
3 987.755126953125 191.04249572753906 1166.0948486328125 565.49951171875 
2 717.0231323242188 269.6340637207031 909.6326904296875 662.3516845703125 
438
3 987.8472290039062 191.0811004638672 1166.248291015625 565.3422241210938 
2 717.40771484375 269.36181640625 909.37646484375 662.5446166992188 
439
3 987.9337158203125 191.03744506835938 1166.182861328125 564.98046875 
2 717.908935546875 269.2151184082031 909.8119506835938 663.4306030273438 
440
3 987.89404296875 191.052490234375 1166.432861328125 564.640625 
2 718.0086669921875 268.9580078125 910.38134765625 663.837646484375 
441
3 987.73046875 191.00547790527344 1166.5264892578125 565.322509765625 
2 718.2545776367188 268.9990234375 908.8076171875 663.3726196289062 
442
3 987.9830322265625 190.9576873779297 1166.6849365234375 565.8401489257812 
2 718.1408081054688 268.1780700683594 908.7357177734375 662.860595703125 
443
3 987.8659057617188 190.8809356689453 1166.6068115234375 566.2337646484375 
2 718.9378051757812 267.9415283203125 907.786376953125 664.3031005859375 
444
3 987.78125 190.97994995117188 1166.4931640625 565.8964233398438 
2 718.992431640625 267.6454162597656 906.5569458007812 663.062255859375 
445
3 987.7916870117188 190.86013793945312 1166.561279296875 565.5200805664062 
2 719.0164794921875 267.9311828613281 909.7297973632812 663.3204345703125 
446
3 987.7662963867188 190.7664337158203 1166.48095703125 565.3126831054688 
2 720.2218017578125 268.0832214355469 909.89794921875 663.4952392578125 
447
3 987.814453125 190.74806213378906 1166.58642578125 566.3056640625 
2 719.6829223632812 267.26605224609375 910.6541748046875 662.9689331054688 
448
3 987.6011352539062 190.7947540283203 1166.3934326171875 566.3765258789062 
2 720.7682495117188 266.963134765625 910.6255493164062 663.8759765625 
449
3 987.606689453125 190.7088623046875 1166.5069580078125 564.5662231445312 
2 721.5159912109375 266.697998046875 911.3765869140625 663.438720703125 
450
3 987.6889038085938 190.67428588867188 1166.4615478515625 565.4721069335938 
2 720.5518798828125 267.0658874511719 911.7305908203125 663.789306640625 
451
3 987.7918090820312 190.6974334716797 1166.5697021484375 565.7429809570312 
2 720.540771484375 267.073486328125 911.1903686523438 664.29931640625 
452
3 987.6766357421875 190.48223876953125 1166.5562744140625 565.8935546875 
2 717.165283203125 266.9612121582031 910.9882202148438 664.12548828125 
453
3 987.6513061523438 190.61468505859375 1166.447509765625 564.11328125 
2 718.21240234375 266.74639892578125 911.06005859375 664.5525512695312 
454
3 987.6531372070312 190.51731872558594 1166.4588623046875 564.9049072265625 
2 718.1681518554688 266.51910400390625 911.3063354492188 664.611083984375 
455
3 987.4417114257812 190.73374938964844 1166.554443359375 565.1046142578125 
2 718.6610717773438 266.4604797363281 911.4182739257812 664.2373657226562 
456
3 987.650634765625 190.5303497314453 1166.3953857421875 564.62744140625 
2 720.0945434570312 266.5706787109375 911.9647216796875 663.34716796875 
457
3 987.4100952148438 190.52073669433594 1166.35400390625 564.33544921875 
2 721.363525390625 266.3581848144531 911.0643310546875 662.0612182617188 
458
3 987.306396484375 190.65708923339844 1166.414306640625 565.0405883789062 
2 723.5741577148438 266.37060546875 911.3560180664062 662.8133544921875 
459
3 987.1864013671875 190.57937622070312 1166.529541015625 564.770263671875 
2 723.7103271484375 266.289794921875 911.474853515625 662.3635864257812 
460
3 987.1632690429688 190.57455444335938 1166.3990478515625 564.981689453125 
2 723.468994140625 266.412841796875 911.2200317382812 662.348388671875 
461
3 987.2119750976562 190.65966796875 1166.4912109375 564.6952514648438 
2 723.4635009765625 266.52752685546875 911.2667236328125 661.8973388671875 
462
3 987.3836669921875 190.60865783691406 1166.441162109375 564.9768676757812 
2 722.6355590820312 266.5105285644531 911.2086791992188 661.81396484375 
463
3 987.7123413085938 190.496337890625 1166.49658203125 564.0803833007812 
2 723.0349731445312 266.3397216796875 912.5113525390625 663.2132568359375 
464
3 987.6913452148438 190.450439453125 1166.5052490234375 564.67333984375 
2 722.8959350585938 266.2922668457031 912.2293090820312 662.7206420898438 
465
3 987.668212890625 190.3761749267578 1166.3909912109375 564.8871459960938 
2 722.8333129882812 266.38568115234375 911.4465942382812 661.6454467773438 
466
3 987.6334228515625 190.36807250976562 1166.485595703125 563.7318115234375 
2 722.7506103515625 266.3218688964844 911.4248046875 661.6251220703125 
467
3 987.5106811523438 190.35911560058594 1166.548095703125 563.9324951171875 
2 722.3768310546875 266.24420166015625 911.5689086914062 662.3201904296875 
468
2 721.8721923828125 266.22271728515625 911.4343872070312 663.449951171875 
3 987.6371459960938 190.42144775390625 1166.58056640625 564.960693359375 
469
2 721.2225341796875 266.2168273925781 911.0313720703125 662.22119140625 
3 987.3997802734375 189.78976440429688 1166.9388427734375 563.484619140625 
3 987.4155883789062 190.25767517089844 1166.560302734375 564.1708374023438 
470
3 987.3096923828125 190.3689727783203 1166.5101318359375 563.7000732421875 
2 720.2695922851562 266.211669921875 909.9338989257812 661.7822265625 
471
3 986.784912109375 190.55551147460938 1166.5721435546875 564.0726318359375 
2 720.1219482421875 266.51507568359375 909.5565185546875 661.6073608398438 
472
3 986.7496337890625 190.7130889892578 1166.818603515625 565.4223022460938 
2 719.7443237304688 266.7133483886719 912.0321044921875 662.003173828125 
473
3 986.3613891601562 190.6454620361328 1166.8175048828125 564.85693359375 
2 719.3902587890625 266.8299255371094 910.6284790039062 661.9583740234375 
474
3 986.42724609375 190.63845825195312 1166.7999267578125 566.2880859375 
2 718.8642578125 266.86474609375 911.5812377929688 661.6890258789062 
3 2417.151611328125 110.01112365722656 2464.5634765625 182.7147979736328 
475
3 986.4356689453125 190.96099853515625 1166.983154296875 565.2732543945312 
2 718.08642578125 266.96734619140625 912.17529296875 661.4362182617188 
476
3 986.5974731445312 191.40374755859375 1166.701904296875 565.8201904296875 
2 716.5668334960938 267.11029052734375 912.5430908203125 662.34228515625 
477
3 986.5004272460938 191.40191650390625 1166.783447265625 566.44921875 
2 715.8516235351562 267.36053466796875 912.26318359375 661.9196166992188 
478
3 986.8618774414062 191.88331604003906 1166.5494384765625 566.70166015625 
2 715.813720703125 267.2447509765625 912.41064453125 662.2674560546875 
479
3 986.5799560546875 191.80108642578125 1166.681396484375 566.6263427734375 
2 715.9767456054688 267.2459716796875 913.2841796875 662.39208984375 
480
3 986.62841796875 192.03070068359375 1166.64599609375 565.9628295898438 
2 716.3009643554688 267.326416015625 911.4238891601562 662.5338745117188 
481
3 986.6914672851562 192.06703186035156 1166.7552490234375 565.8350219726562 
2 716.7799682617188 267.67779541015625 912.168212890625 661.8904418945312 
482
3 986.6104125976562 192.00445556640625 1166.396728515625 566.4136962890625 
2 716.7642822265625 267.9787292480469 909.8489990234375 662.1177978515625 
483
3 986.6982421875 192.1066436767578 1166.648193359375 565.93798828125 
2 716.7112426757812 267.99560546875 911.4840698242188 662.4229125976562 
484
3 986.6844482421875 192.07022094726562 1166.7086181640625 565.7357788085938 
2 716.7734375 268.123779296875 911.3010864257812 662.6043701171875 
485
3 986.5745849609375 192.00169372558594 1166.5911865234375 565.8524780273438 
2 716.7975463867188 268.4784240722656 911.1696166992188 662.856689453125 
486
3 986.4042358398438 192.08731079101562 1166.63916015625 566.279052734375 
2 716.4520263671875 268.93414306640625 909.4719848632812 662.1548461914062 
487
3 986.4024658203125 192.10098266601562 1166.595703125 565.9463500976562 
2 716.1105346679688 268.90533447265625 908.1815795898438 663.9940795898438 
488
3 986.3657836914062 192.03482055664062 1166.6868896484375 565.712890625 
2 715.6746215820312 268.73516845703125 906.8397827148438 663.003662109375 
489
3 986.4117431640625 192.02923583984375 1166.775146484375 565.3427734375 
2 715.7619018554688 268.498779296875 907.0945434570312 664.7647705078125 
490
3 986.2985229492188 191.94122314453125 1166.766845703125 566.4043579101562 
2 715.6019287109375 268.78173828125 906.2662353515625 664.0166015625 
491
3 986.2305908203125 191.91627502441406 1166.875244140625 564.9092407226562 
2 715.1712036132812 268.63885498046875 910.146484375 665.5960693359375 
492
3 986.1312255859375 191.8529510498047 1166.7501220703125 564.9610595703125 
2 715.2275390625 268.69970703125 910.3316040039062 665.0751953125 
493
3 986.328857421875 191.76019287109375 1166.863037109375 565.2583618164062 
2 715.5233764648438 268.6259765625 909.136962890625 668.1854248046875 
494
3 986.228515625 191.76220703125 1166.832275390625 564.5613403320312 
2 715.470703125 268.75030517578125 909.5272216796875 666.4330444335938 
495
3 986.3727416992188 191.9403533935547 1166.7723388671875 565.0013427734375 
2 715.573486328125 268.750732421875 908.3732299804688 666.1614990234375 
496
3 986.2847900390625 191.77951049804688 1166.9659423828125 564.5762939453125 
2 715.5714111328125 268.90338134765625 908.3215942382812 663.9771728515625 
497
3 986.3972778320312 191.81906127929688 1166.8212890625 566.2349243164062 
2 715.4291381835938 268.7079162597656 909.3895263671875 665.0703125 
498
3 986.5541381835938 192.00421142578125 1166.88818359375 565.5038452148438 
2 715.4950561523438 268.7865295410156 907.795166015625 664.3033447265625 
499
3 986.7070922851562 191.9241180419922 1166.8604736328125 566.2481079101562 
2 715.381591796875 268.67547607421875 908.307373046875 664.0416259765625 
500
3 986.9152221679688 191.6852264404297 1167.0843505859375 566.2786865234375 
2 714.9601440429688 268.438720703125 908.297119140625 665.2740478515625 
501
3 986.8607177734375 191.4979705810547 1166.965576171875 567.483154296875 
2 715.01611328125 268.4837646484375 909.3319702148438 665.5067138671875 
502
3 986.8464965820312 191.4878387451172 1167.1162109375 567.4411010742188 
2 714.4935913085938 268.6656494140625 909.8275146484375 665.08056640625 
503
3 987.0922241210938 191.4520263671875 1167.0963134765625 566.813720703125 
2 714.33740234375 268.7559509277344 908.7672729492188 664.79833984375 
504
3 987.0862426757812 191.48138427734375 1167.023193359375 567.1481323242188 
2 714.1703491210938 268.8655700683594 908.7802124023438 665.1253662109375 
505
3 987.4038696289062 191.37611389160156 1167.1993408203125 566.5025634765625 
2 714.0263061523438 268.6339111328125 909.6619873046875 666.1592407226562 
506
3 987.424560546875 191.42909240722656 1167.1854248046875 566.985595703125 
2 714.0262451171875 268.5380859375 909.8067016601562 666.0730590820312 
507
3 987.1187744140625 191.51870727539062 1167.149658203125 565.9925537109375 
2 714.1051025390625 268.59197998046875 909.3319091796875 665.308349609375 
508
3 987.1052856445312 191.5749969482422 1167.1192626953125 565.7927856445312 
2 714.07861328125 268.4311828613281 908.6260986328125 665.0806884765625 
509
3 987.0682373046875 191.38661193847656 1166.9757080078125 565.9913330078125 
2 714.3016967773438 268.3601989746094 908.93505859375 665.701171875 
510
3 987.0387573242188 191.25161743164062 1167.1435546875 565.7298583984375 
2 714.5018920898438 268.2834777832031 909.1018676757812 673.021484375 
511
3 986.55419921875 191.480712890625 1167.06787109375 564.7578735351562 
2 714.4591064453125 268.1839599609375 909.887939453125 667.4197998046875 
512
3 986.865966796875 191.35955810546875 1166.92236328125 565.2769775390625 
2 714.5704956054688 268.04022216796875 909.2849731445312 665.3048095703125 
513
3 986.7664184570312 191.21429443359375 1166.9825439453125 565.2181396484375 
2 714.570068359375 267.9748229980469 909.0325317382812 666.1107177734375 
514
3 986.8239135742188 191.0392608642578 1166.957275390625 565.215576171875 
2 714.679443359375 267.9927978515625 909.2313232421875 666.0570678710938 
515
3 986.8739624023438 190.8807373046875 1167.0087890625 566.3466796875 
2 714.3836059570312 267.86004638671875 909.013671875 665.4527587890625 
516
3 986.9881591796875 190.89251708984375 1167.0406494140625 565.413818359375 
2 714.7559204101562 267.61700439453125 908.4099731445312 664.2025146484375 
517
3 986.5860595703125 190.71360778808594 1166.947021484375 564.8072509765625 
2 714.919677734375 267.59759521484375 910.5555419921875 664.90576171875 
518
3 986.4592895507812 190.70411682128906 1166.794189453125 565.8886108398438 
2 715.2342529296875 267.5635986328125 910.2396240234375 664.3816528320312 
519
3 986.156982421875 190.68557739257812 1166.60791015625 563.6561279296875 
2 715.1199340820312 267.3304443359375 910.0399780273438 664.4246826171875 
520
3 985.951904296875 190.6674346923828 1166.3446044921875 564.4959106445312 
2 715.014404296875 267.0894775390625 907.7207641601562 664.0079345703125 
521
3 985.9783325195312 190.9621124267578 1166.30419921875 565.169921875 
2 715.1110229492188 266.59686279296875 909.0428466796875 663.4739379882812 
522
3 985.8576049804688 190.92782592773438 1166.1119384765625 565.0828857421875 
2 716.15576171875 266.5882568359375 908.8216552734375 664.2818603515625 
523
3 985.7921142578125 191.04600524902344 1166.172607421875 565.0338745117188 
2 716.3409423828125 266.7314758300781 907.8959350585938 664.4871826171875 
524
3 985.7765502929688 191.11656188964844 1165.8553466796875 564.984375 
2 716.8297119140625 266.6907958984375 905.5440673828125 663.62109375 
525
3 985.5991821289062 191.136474609375 1165.8690185546875 564.3446655273438 
2 718.2255859375 266.58050537109375 907.0849609375 663.7537841796875 
526
3 985.45068359375 191.03781127929688 1165.933349609375 564.1559448242188 
2 717.1494140625 266.04290771484375 909.2958374023438 663.6397094726562 
527
3 985.4705810546875 191.01681518554688 1166.001953125 564.9185180664062 
2 717.4573974609375 266.1156005859375 911.4061279296875 666.3462524414062 
528
3 985.414306640625 191.01397705078125 1165.7398681640625 564.054931640625 
2 718.5001220703125 266.22845458984375 910.9039306640625 665.1821899414062 
529
3 985.4197998046875 190.87672424316406 1165.7471923828125 564.5762329101562 
2 718.7750854492188 266.4949645996094 911.1722412109375 664.9849853515625 
530
3 985.53271484375 190.4090576171875 1166.0389404296875 564.1679077148438 
2 719.3966064453125 266.66912841796875 911.130126953125 664.4193725585938 
531
3 985.2752685546875 190.200927734375 1166.0107421875 564.5524291992188 
2 720.228515625 266.83502197265625 911.4503784179688 664.6917724609375 
532
3 985.2025146484375 190.16876220703125 1166.0733642578125 564.25439453125 
2 722.0499877929688 266.8427734375 911.5701904296875 664.0888061523438 
533
3 985.0613403320312 189.97207641601562 1166.0728759765625 564.571044921875 
2 722.1384887695312 266.8017272949219 911.3958740234375 667.3355712890625 
534
3 984.7975463867188 189.99203491210938 1166.047607421875 564.8311157226562 
2 723.12353515625 266.8338317871094 910.982421875 665.95361328125 
535
2 720.9730834960938 266.4012451171875 911.248779296875 667.4694213867188 
3 984.8905639648438 190.19488525390625 1165.648681640625 565.234375 
3 984.898681640625 189.75067138671875 1165.9736328125 564.4818115234375 
536
3 984.68359375 190.14187622070312 1165.937744140625 565.9205932617188 
2 721.9702758789062 266.57794189453125 911.5274047851562 665.6288452148438 
537
3 984.6699829101562 190.03765869140625 1165.4937744140625 564.9957885742188 
2 720.8607788085938 266.37091064453125 911.9205932617188 668.9925537109375 
538
3 984.6992797851562 190.1622772216797 1165.697021484375 565.5969848632812 
2 721.0418090820312 266.32147216796875 912.2733154296875 667.3301391601562 
539
3 984.8751220703125 190.2772979736328 1165.4224853515625 564.9000854492188 
2 721.3485717773438 266.27838134765625 912.007080078125 667.3934936523438 
540
3 984.90771484375 190.41761779785156 1165.66845703125 565.7116088867188 
2 721.3927001953125 266.4051818847656 911.7484130859375 666.6314697265625 
