0
3 59.3989143371582 125.85997009277344 128.25877380371094 242.31573486328125 
1
3 58.14124298095703 136.83975219726562 128.92991638183594 251.61029052734375 
2
3 52.95531463623047 138.27096557617188 128.90005493164062 248.79183959960938 
3
4
5
6
7
8
9
10
11
12
13
14
15
16
17
18
19
3 0.07133865356445312 148.9934539794922 61.97003173828125 258.61419677734375 
20
3 0.133209228515625 149.2847137451172 80.34967041015625 258.083740234375 
21
3 0.2331390380859375 153.71238708496094 77.50680541992188 256.6939392089844 
22
3 0.0 156.54193115234375 73.1036148071289 258.9512634277344 
23
3 0.32436656951904297 158.36680603027344 62.582298278808594 253.53909301757812 
24
3 0.33345890045166016 158.2410125732422 55.41273498535156 256.4701843261719 
25
3 0.09810066223144531 159.4449462890625 53.759361267089844 258.97955322265625 
26
3 0.095458984375 162.02487182617188 53.3583869934082 256.1188049316406 
27
3 0.04911518096923828 162.9086456298828 54.41517639160156 255.48553466796875 
28
3 0.06914043426513672 163.55352783203125 55.14328384399414 259.3773498535156 
29
30
3 0.16876888275146484 174.92481994628906 30.76510238647461 264.93658447265625 
31
32
33
34
35
36
37
38
39
40
41
42
43
44
45
46
47
48
49
50
51
52
53
54
55
56
57
58
3 0.18317794799804688 275.37451171875 73.33879089355469 496.8211669921875 
59
3 0.0 146.81414794921875 17.5811710357666 187.782958984375 
60
61
3 0.1411581039428711 270.33001708984375 74.08139038085938 484.408447265625 
62
3 0.06794452667236328 262.71722412109375 72.23036193847656 485.674560546875 
3 0.0 146.1764373779297 18.407197952270508 198.59417724609375 
63
3 0.04411125183105469 146.24090576171875 18.403383255004883 200.66104125976562 
3 0.066192626953125 261.314208984375 72.686767578125 476.13568115234375 
64
3 0.01879596710205078 146.51329040527344 18.83859634399414 196.73927307128906 
65
3 0.05759716033935547 146.8817596435547 18.352174758911133 199.38284301757812 
66
67
68
69
70
3 0.0 148.85595703125 16.21840476989746 188.75555419921875 
71
72
73
74
75
76
77
78
79
80
81
82
83
84
85
86
87
88
89
90
91
92
93
94
95
96
3 1.8617935180664062 210.5912322998047 124.45602416992188 386.228271484375 
97
98
99
100
101
102
103
104
105
106
107
108
109
110
111
112
113
114
115
116
117
118
119
120
121
122
123
124
125
126
127
128
129
130
131
132
3 49.887306213378906 187.14588928222656 203.39614868164062 396.66632080078125 
133
3 53.07353210449219 186.45120239257812 203.96127319335938 395.51025390625 
134
135
3 56.690025329589844 186.84686279296875 213.6864013671875 394.5697021484375 
136
3 59.94027328491211 186.56640625 217.53062438964844 394.7672424316406 
137
3 62.44623565673828 181.94635009765625 222.80075073242188 401.85711669921875 
138
3 538.3321533203125 46.27238464355469 566.8438110351562 151.8047332763672 
139
3 537.0855102539062 47.32969665527344 566.4481201171875 151.60992431640625 
3 69.49932861328125 181.8890380859375 226.12428283691406 403.1492614746094 
140
3 72.72572326660156 183.69796752929688 222.06298828125 401.8822021484375 
3 515.84765625 46.95996856689453 565.7930908203125 151.56396484375 
141
3 74.50308227539062 183.41409301757812 226.8164520263672 406.4201965332031 
3 515.8374633789062 47.89044189453125 565.996337890625 152.04571533203125 
142
3 515.887451171875 48.990753173828125 564.9420166015625 153.60986328125 
3 77.4273681640625 185.76040649414062 226.85992431640625 405.53509521484375 
143
3 517.0941162109375 50.45588684082031 562.2349853515625 155.55001831054688 
3 80.23056030273438 183.39695739746094 228.0880126953125 406.2977600097656 
144
3 515.4612426757812 52.63240051269531 558.9472045898438 155.3332061767578 
3 84.11188507080078 182.95559692382812 226.27191162109375 405.5545654296875 
145
3 87.72652435302734 182.8078155517578 225.01358032226562 405.7501220703125 
3 514.5274047851562 54.57744598388672 557.889404296875 155.05557250976562 
146
3 90.56971740722656 181.4217071533203 224.06068420410156 404.36431884765625 
3 511.3444519042969 57.130088806152344 555.7467041015625 151.7833709716797 
147
3 509.46533203125 57.605674743652344 556.18798828125 153.4881134033203 
3 93.04694366455078 179.44122314453125 223.88136291503906 403.71343994140625 
148
3 505.5472717285156 58.65013122558594 553.8247680664062 151.9361114501953 
149
3 501.51287841796875 56.47862243652344 555.0621948242188 156.6066131591797 
150
3 498.98651123046875 59.471710205078125 549.1570434570312 154.31761169433594 
151
152
3 490.8672790527344 65.32441711425781 543.10302734375 158.80601501464844 
153
3 486.3656005859375 65.06401062011719 535.4683837890625 159.60791015625 
154
3 483.4435119628906 66.0659408569336 528.521240234375 159.1632537841797 
3 121.92976379394531 171.3813018798828 227.199951171875 380.6502685546875 
155
3 479.39056396484375 66.72013854980469 524.1237182617188 158.52346801757812 
3 127.32606506347656 170.60580444335938 231.91836547851562 409.4932861328125 
156
3 475.49041748046875 67.46356201171875 519.67236328125 156.6735382080078 
3 131.0444793701172 171.63055419921875 233.739013671875 412.2615966796875 
157
3 470.44134521484375 68.07890319824219 514.6673583984375 157.4806365966797 
158
3 465.4599304199219 68.9620132446289 511.5333557128906 158.86314392089844 
159
3 461.19378662109375 69.34900665283203 512.5595703125 159.84564208984375 
160
3 456.9540710449219 69.0238037109375 511.7977294921875 159.2217254638672 
161
162
3 448.2027893066406 72.54495239257812 509.3526611328125 157.18316650390625 
163
3 446.23809814453125 73.2001953125 505.80224609375 157.563232421875 
164
165
3 439.1574401855469 77.58281707763672 496.43450927734375 152.4639892578125 
166
3 434.37811279296875 78.43132781982422 479.4162902832031 146.45201110839844 
167
3 432.3043518066406 79.09032440185547 474.0150451660156 146.2963409423828 
168
169
170
171
172
173
174
175
176
177
178
179
180
181
3 365.7836608886719 91.3590316772461 429.6286926269531 212.23089599609375 
182
183
3 360.9027404785156 92.04518127441406 428.2478332519531 208.6150360107422 
3 258.4059143066406 138.82022094726562 374.66497802734375 249.29598999023438 
184
3 360.7441101074219 92.77519226074219 424.5754089355469 209.95021057128906 
3 266.49017333984375 141.08419799804688 374.4599914550781 247.50836181640625 
185
3 359.6697082519531 93.26873779296875 410.6815490722656 212.34483337402344 
186
3 355.4534912109375 93.64976501464844 412.3446960449219 214.12313842773438 
3 279.3421325683594 145.73858642578125 374.2394714355469 242.77978515625 
3 166.10574340820312 73.76056671142578 234.52206420898438 204.32077026367188 
187
3 350.7637939453125 93.93751525878906 405.73095703125 215.45252990722656 
3 288.9832458496094 146.72537231445312 368.90545654296875 241.09423828125 
3 166.2074432373047 74.35441589355469 235.68260192871094 203.40313720703125 
188
3 346.3697814941406 96.0682373046875 405.5579833984375 217.06048583984375 
3 166.3583221435547 75.743896484375 235.14501953125 205.47003173828125 
189
3 343.5842590332031 97.7310791015625 405.732421875 215.67172241210938 
3 288.36175537109375 127.86495971679688 360.27099609375 236.24346923828125 
190
3 343.0959777832031 98.13099670410156 406.36871337890625 218.39256286621094 
3 305.95977783203125 138.85426330566406 363.25189208984375 233.81240844726562 
191
3 339.703857421875 99.44754028320312 404.5034484863281 217.4146728515625 
3 310.52197265625 138.06565856933594 366.7428283691406 232.1995849609375 
192
3 310.24017333984375 125.34886169433594 374.3167419433594 232.31402587890625 
3 333.93402099609375 100.52592468261719 404.15435791015625 210.5927276611328 
193
3 314.7110595703125 102.8583984375 403.4906921386719 230.41058349609375 
194
3 319.559326171875 105.26104736328125 401.7149353027344 231.25961303710938 
195
196
197
3 313.9969177246094 108.13168334960938 354.7738037109375 230.11575317382812 
198
3 311.6125183105469 110.61256408691406 357.7121887207031 229.61831665039062 
199
3 309.4089660644531 110.53378295898438 364.21875 229.22433471679688 
200
3 301.4195861816406 110.65531921386719 355.7268371582031 227.95965576171875 
201
3 298.3005676269531 110.10147094726562 365.6742858886719 229.39462280273438 
3 166.40347290039062 73.61471557617188 234.62167358398438 203.14718627929688 
202
3 295.3222351074219 110.87936401367188 354.83685302734375 230.96697998046875 
203
3 290.3638610839844 113.12289428710938 350.9570617675781 229.51409912109375 
204
3 285.143798828125 109.81585693359375 350.9957275390625 228.9454345703125 
205
3 283.682861328125 101.6815185546875 352.5596923828125 232.88064575195312 
206
3 279.0683288574219 97.94549560546875 351.910400390625 238.07684326171875 
207
3 274.6015625 101.6878662109375 351.7228698730469 238.46890258789062 
208
3 263.2452392578125 106.64834594726562 350.5021667480469 242.49667358398438 
209
3 258.84228515625 98.24774169921875 334.4794616699219 243.2139892578125 
210
3 258.0327453613281 117.85322570800781 319.41241455078125 254.417236328125 
211
3 248.20849609375 114.53004455566406 314.37628173828125 250.15533447265625 
212
3 247.91162109375 119.34770202636719 307.8360900878906 247.625732421875 
213
3 246.4982452392578 122.863525390625 309.2573547363281 244.618408203125 
214
3 243.79049682617188 123.55181884765625 316.724365234375 247.6771240234375 
215
3 241.66241455078125 125.86190795898438 304.7190856933594 243.78173828125 
216
3 237.6372528076172 126.08847045898438 299.9168395996094 244.00042724609375 
217
3 236.00967407226562 133.039306640625 300.53546142578125 244.586669921875 
218
3 219.70343017578125 124.034423828125 299.76666259765625 244.8427734375 
219
3 203.19778442382812 119.20655822753906 299.53521728515625 249.30963134765625 
220
3 202.3365936279297 122.89671325683594 299.835693359375 259.37640380859375 
221
3 207.1266632080078 131.4876708984375 300.3839111328125 264.8861999511719 
222
3 204.23629760742188 128.22622680664062 299.2253723144531 261.27056884765625 
223
3 198.1778564453125 130.15834045410156 298.51324462890625 261.9174499511719 
224
3 194.5483856201172 129.17926025390625 297.5276184082031 269.49169921875 
225
3 185.43618774414062 130.28302001953125 295.7767028808594 270.526611328125 
226
3 184.77967834472656 131.5904541015625 290.86114501953125 269.51220703125 
227
3 174.3826904296875 118.2275390625 283.1664123535156 271.3281555175781 
228
3 172.52700805664062 126.43939208984375 277.81439208984375 268.76556396484375 
229
3 164.30148315429688 69.21257781982422 267.47418212890625 264.30889892578125 
230
231
3 124.46759796142578 92.80076599121094 237.1942901611328 272.92755126953125 
232
3 160.57241821289062 139.88795471191406 238.20468139648438 270.41143798828125 
233
3 160.431396484375 136.29788208007812 236.7529296875 270.5928039550781 
234
3 146.08023071289062 141.7679443359375 234.6429443359375 273.744384765625 
235
3 145.755615234375 145.1182861328125 234.14031982421875 275.69195556640625 
236
3 144.35064697265625 140.03570556640625 234.86087036132812 276.09002685546875 
237
3 143.28387451171875 147.09901428222656 233.55599975585938 276.6405944824219 
238
3 140.6138153076172 150.25323486328125 233.35476684570312 278.7052307128906 
239
3 132.10585021972656 141.996826171875 230.029541015625 280.2546081542969 
3 129.8643035888672 142.9163818359375 192.88851928710938 278.14385986328125 
240
3 126.49542236328125 150.23675537109375 231.69842529296875 284.7825012207031 
3 125.00506591796875 151.2225799560547 186.7414093017578 284.64630126953125 
241
3 125.4228515625 147.0118408203125 227.77427673339844 284.3662414550781 
3 124.28680419921875 147.6326141357422 184.8131866455078 284.3572998046875 
242
3 123.0882568359375 144.91287231445312 219.53082275390625 285.93548583984375 
243
3 118.89927673339844 157.001708984375 191.28567504882812 284.7094421386719 
244
3 115.624267578125 157.885009765625 207.28192138671875 286.08331298828125 
3 116.03419494628906 159.68881225585938 184.00439453125 286.97613525390625 
245
3 114.78179931640625 158.30877685546875 177.49929809570312 286.60638427734375 
246
3 108.94812774658203 157.32171630859375 178.33502197265625 283.53570556640625 
247
3 102.41946411132812 153.7493133544922 175.07693481445312 285.8724365234375 
248
3 97.48491668701172 156.5039825439453 173.62619018554688 291.1371765136719 
249
3 87.14295196533203 159.09007263183594 173.8998565673828 287.7901611328125 
250
3 76.31904602050781 157.06109619140625 174.0019073486328 291.2450256347656 
251
3 74.60261535644531 155.94114685058594 174.67623901367188 292.18914794921875 
252
3 72.71975708007812 157.807861328125 174.73814392089844 296.0416259765625 
253
3 57.303009033203125 155.45220947265625 172.58294677734375 300.271728515625 
254
3 53.0880126953125 151.32186889648438 171.49620056152344 298.2991027832031 
255
3 48.60723876953125 149.2085418701172 171.07374572753906 305.81475830078125 
256
257
3 41.41209411621094 151.93267822265625 165.73936462402344 312.28271484375 
258
3 45.99750518798828 155.4703369140625 158.7567901611328 311.08453369140625 
259
3 25.850570678710938 158.33819580078125 151.80255126953125 310.93975830078125 
260
261
3 23.594438552856445 164.1323699951172 115.02668762207031 308.6573486328125 
262
3 22.629344940185547 161.75030517578125 112.46381378173828 310.814208984375 
263
3 22.627777099609375 173.97584533691406 113.88143920898438 310.84893798828125 
3 23.42664337158203 173.22154235839844 113.56031799316406 311.1899719238281 
264
3 23.71196937561035 178.36097717285156 100.57835388183594 303.06048583984375 
265
3 22.613998413085938 186.8664093017578 103.73628234863281 318.83355712890625 
266
3 21.05534553527832 189.37973022460938 103.57593536376953 324.41204833984375 
267
3 17.383962631225586 191.75521850585938 105.86083984375 325.5993347167969 
268
3 12.926387786865234 191.56593322753906 104.40885925292969 323.7935791015625 
269
3 8.478240966796875 192.52505493164062 104.3829345703125 327.2358703613281 
270
3 2.7952728271484375 196.61976623535156 104.50721740722656 329.3662414550781 
271
3 0.24017333984375 198.2935333251953 102.14192199707031 333.92791748046875 
272
3 0.11109638214111328 200.6953887939453 52.25267791748047 341.73907470703125 
273
3 0.11221885681152344 202.8308868408203 47.890769958496094 337.6719970703125 
274
3 0.04674053192138672 202.89305114746094 45.3557014465332 337.8653869628906 
3 0.36722564697265625 201.78530883789062 86.68203735351562 336.31304931640625 
275
3 0.0 205.12100219726562 44.005393981933594 339.838134765625 
3 0.15280914306640625 203.73617553710938 77.01266479492188 339.14154052734375 
276
3 0.009013175964355469 211.5576629638672 64.28286743164062 337.32611083984375 
277
3 0.14733600616455078 214.8170166015625 52.2882194519043 335.404296875 
278
3 0.08810710906982422 214.91903686523438 43.27280044555664 334.1694641113281 
279
280
3 0.18516826629638672 248.79315185546875 43.23429870605469 339.0357971191406 
281
3 0.1480865478515625 248.5947265625 43.22735595703125 342.1397399902344 
282
3 0.21819496154785156 264.9294738769531 43.270835876464844 342.4245910644531 
283
3 0.21068954467773438 275.48809814453125 43.25947570800781 342.7920227050781 
284
285
286
287
288
289
290
291
292
293
294
295
296
297
298
299
