0
3 842.8560180664062 0.0 877.4898071289062 56.51594543457031 
1
2
3
3 818.022216796875 0.0 853.4147338867188 59.74375915527344 
4
5
6
7
8
9
10
11
12
13
14
15
16
17
18
19
20
21
22
23
24
25
26
3 61.193023681640625 119.3179931640625 98.4177017211914 168.356201171875 
27
28
29
30
31
32
33
34
35
36
37
38
39
40
41
42
43
44
45
46
47
48
49
50
51
52
53
54
55
56
57
58
59
60
61
62
63
64
65
66
67
68
69
70
71
72
73
74
75
76
77
78
79
80
81
82
83
84
85
86
87
88
89
90
91
92
93
94
95
96
97
98
99
100
101
102
103
104
105
106
107
108
3 2496.580810546875 502.923828125 2558.98046875 726.4110717773438 
109
3 2489.44091796875 494.02069091796875 2558.974609375 726.3067626953125 
110
3 2483.61328125 483.7596435546875 2559.02001953125 724.8059692382812 
111
3 2478.20751953125 481.15533447265625 2559.028564453125 724.2135620117188 
112
3 2472.56982421875 479.37713623046875 2558.848388671875 723.2073974609375 
113
3 2467.614501953125 479.85699462890625 2558.8564453125 724.6943359375 
114
3 2463.158203125 480.3428955078125 2558.9189453125 723.4605102539062 
115
3 2458.0654296875 479.25970458984375 2559.06591796875 723.6680908203125 
116
3 2452.226806640625 477.4134521484375 2558.990234375 724.081787109375 
117
3 2448.25390625 476.02105712890625 2559.055908203125 722.743408203125 
118
3 2442.62060546875 474.6878662109375 2559.109619140625 721.5678100585938 
119
3 2439.7353515625 475.1417236328125 2559.22314453125 723.94482421875 
120
3 2434.313720703125 475.5615234375 2559.39306640625 724.7171630859375 
121
3 2428.94189453125 475.47332763671875 2559.441650390625 722.265380859375 
122
3 2424.7080078125 474.47967529296875 2559.793701171875 720.9625244140625 
123
3 2420.708984375 462.9734191894531 2559.027099609375 720.576171875 
124
3 2416.607177734375 459.2372131347656 2559.1220703125 720.4996337890625 
125
3 2412.317626953125 457.7627868652344 2559.001953125 722.2755126953125 
126
3 2407.9287109375 457.6087951660156 2558.958984375 723.364990234375 
127
3 2401.740234375 457.59442138671875 2558.960693359375 724.1329345703125 
128
3 2397.830810546875 450.7988586425781 2559.033447265625 722.8145751953125 
129
3 2393.110107421875 446.6667175292969 2558.997314453125 721.5887451171875 
130
3 2388.856689453125 444.649658203125 2559.02685546875 721.8521118164062 
131
3 2384.5517578125 443.8834533691406 2558.931640625 723.009033203125 
132
3 2379.07275390625 443.79595947265625 2558.905517578125 725.2526245117188 
133
3 2372.7177734375 443.9594421386719 2558.974853515625 724.3317260742188 
134
3 2367.325439453125 440.4891662597656 2558.94580078125 722.4619750976562 
135
3 2361.8046875 439.4068298339844 2558.893798828125 721.9346923828125 
136
3 2356.6123046875 437.83074951171875 2558.900146484375 721.0228881835938 
137
3 2350.2919921875 436.6402893066406 2558.945068359375 721.873291015625 
138
3 2342.482666015625 435.45556640625 2558.8203125 722.2537841796875 
139
3 2338.305419921875 434.3974304199219 2558.001708984375 724.052490234375 
140
3 2331.154052734375 433.8303527832031 2550.8505859375 723.3423461914062 
141
3 2325.5888671875 430.86236572265625 2542.335205078125 720.2754516601562 
142
3 2317.406982421875 429.94073486328125 2535.5478515625 720.4357299804688 
143
3 2312.65234375 428.3157958984375 2530.76708984375 720.1487426757812 
144
3 2305.9140625 428.10595703125 2524.2900390625 721.4469604492188 
145
3 2300.556884765625 427.42816162109375 2517.8505859375 720.485595703125 
146
3 2292.408447265625 425.85675048828125 2510.862548828125 721.9752807617188 
147
3 2286.66943359375 424.0142822265625 2504.443359375 717.98193359375 
148
3 2280.96142578125 422.669677734375 2496.5478515625 718.0892333984375 
149
3 2274.1748046875 421.88372802734375 2490.891357421875 717.3466796875 
150
3 2267.9609375 421.8656005859375 2486.259765625 716.0650634765625 
151
3 2260.894287109375 421.3974609375 2479.1318359375 719.2279052734375 
152
3 2254.743408203125 420.8975524902344 2474.298828125 717.5477294921875 
153
3 2230.835205078125 419.1336975097656 2468.922119140625 716.7677001953125 
154
3 2238.462890625 418.4103088378906 2463.462158203125 716.0654296875 
155
3 2228.4228515625 416.2243347167969 2455.93701171875 712.9630126953125 
156
3 2226.3564453125 415.56170654296875 2450.5009765625 714.7479248046875 
157
3 2214.482666015625 415.48529052734375 2443.50341796875 712.9834594726562 
158
3 2206.904052734375 414.79644775390625 2434.9736328125 713.7122802734375 
159
3 2200.155517578125 414.3281555175781 2428.623779296875 713.1160278320312 
160
3 2191.944091796875 412.042724609375 2422.62841796875 711.4932861328125 
161
3 2182.683349609375 410.59478759765625 2416.03125 710.4619140625 
162
3 2177.002685546875 410.33514404296875 2407.576904296875 709.8740844726562 
163
3 2167.515869140625 410.0423583984375 2401.217529296875 710.2777099609375 
164
3 2159.482421875 410.8619384765625 2393.611083984375 707.44580078125 
165
3 2152.79833984375 410.5396728515625 2385.196533203125 709.13720703125 
166
3 2143.873046875 409.6575012207031 2375.248291015625 708.1453857421875 
167
3 2135.400634765625 408.22113037109375 2366.698486328125 708.349365234375 
168
3 2123.382080078125 407.41650390625 2357.584228515625 706.2734375 
169
3 2113.8486328125 409.4051818847656 2350.386962890625 704.8480224609375 
170
3 2105.42919921875 410.27789306640625 2341.87109375 704.2114868164062 
171
3 2093.832275390625 410.97998046875 2333.404541015625 704.284423828125 
172
3 2086.07421875 410.1829833984375 2324.156494140625 701.2409057617188 
173
3 2074.0478515625 409.4145202636719 2316.8681640625 699.814453125 
174
3 2064.212646484375 408.85113525390625 2307.359130859375 699.64111328125 
175
3 2056.380126953125 408.57708740234375 2297.917236328125 700.05712890625 
176
1 2045.50830078125 406.92974853515625 2288.38818359375 697.3536376953125 
177
1 2036.531005859375 406.4337158203125 2280.881103515625 696.2532348632812 
178
1 2024.3089599609375 405.26605224609375 2265.75537109375 695.1561889648438 
179
1 2012.187255859375 403.3253173828125 2256.248046875 693.325439453125 
180
1 2001.7000732421875 402.3992004394531 2249.2119140625 692.8909301757812 
181
1 1992.537109375 403.80841064453125 2235.80517578125 690.1770629882812 
182
1 1980.4261474609375 401.8265380859375 2225.8310546875 691.1148071289062 
183
1 1969.26025390625 400.5810852050781 2215.549072265625 687.01708984375 
184
1 1957.0802001953125 398.9268798828125 2200.37646484375 687.79443359375 
185
1 1945.6962890625 396.7816162109375 2191.68896484375 686.627685546875 
186
1 1931.4876708984375 395.41424560546875 2178.498291015625 684.322021484375 
187
1 1918.287353515625 393.9064025878906 2181.68359375 681.8711547851562 
188
2 1908.06689453125 393.04656982421875 2159.07080078125 640.552490234375 
189
2 1899.4290771484375 392.7754821777344 2142.816162109375 633.8716430664062 
190
2 1882.5238037109375 390.65863037109375 2148.845458984375 679.5477294921875 
191
2 1872.12939453125 388.6494140625 2138.83544921875 675.9924926757812 
192
2 1860.4300537109375 385.83331298828125 2128.24560546875 674.8826293945312 
193
2 1847.80908203125 383.71868896484375 2118.6025390625 672.3008422851562 
194
2 1834.080322265625 382.78314208984375 2107.750732421875 670.3770751953125 
195
2 1835.0162353515625 382.7125244140625 2072.3095703125 634.145263671875 
196
2 1819.867431640625 382.0057678222656 2058.30810546875 629.879638671875 
197
2 1807.3829345703125 381.8284606933594 2047.5750732421875 632.4724731445312 
198
2 1798.306396484375 378.34918212890625 2038.57958984375 663.8601684570312 
199
2 1788.9920654296875 376.3525390625 2024.093505859375 625.1716918945312 
200
2 1781.3314208984375 374.09576416015625 2014.94287109375 622.79150390625 
201
2 1772.506591796875 371.01580810546875 2007.3134765625 622.2403564453125 
202
2 1762.8397216796875 371.04083251953125 1997.75146484375 623.8643188476562 
203
2 1753.970703125 370.1601257324219 1988.568603515625 622.7462158203125 
204
2 1746.95849609375 368.0116882324219 1979.6151123046875 621.5902709960938 
205
2 1735.4095458984375 365.8406982421875 1971.671875 621.832275390625 
206
2 1727.6175537109375 364.5096130371094 1966.5318603515625 621.9846801757812 
207
2 1720.900146484375 360.3158874511719 1960.034912109375 618.9844970703125 
208
2 1714.87158203125 357.48895263671875 1953.134033203125 617.868408203125 
209
2 1712.549560546875 356.4139404296875 1949.81494140625 630.3380737304688 
210
2 1711.731689453125 354.25616455078125 1952.051513671875 642.8012084960938 
211
2 1706.8541259765625 352.6722717285156 1941.042724609375 628.3916015625 
212
2 1702.052734375 350.9652099609375 1936.950927734375 618.4638671875 
213
2 1695.7449951171875 348.99627685546875 1933.244384765625 619.844970703125 
214
2 1691.8372802734375 347.3973388671875 1927.4302978515625 619.39501953125 
215
2 1688.8082275390625 345.4215087890625 1923.5625 620.296142578125 
216
2 1686.4658203125 343.9883117675781 1921.0301513671875 622.1359252929688 
217
2 1683.033203125 342.61468505859375 1951.4588623046875 636.6859130859375 
218
2 1683.60009765625 341.41107177734375 1916.064453125 618.571533203125 
219
2 1681.415283203125 340.2376708984375 1914.9776611328125 625.4952392578125 
220
2 1679.0975341796875 339.2844543457031 1914.655517578125 643.5385131835938 
221
2 1679.3426513671875 339.53057861328125 1913.775390625 645.69140625 
222
2 1680.4962158203125 340.3714904785156 1913.573974609375 626.9376220703125 
223
2 1681.822265625 340.78857421875 1913.883544921875 623.0020141601562 
224
2 1681.47509765625 340.9801025390625 1913.78369140625 620.84033203125 
225
2 1681.5552978515625 340.7886962890625 1913.472900390625 615.96923828125 
226
2 1682.0079345703125 339.99884033203125 1913.625732421875 620.8651123046875 
227
2 1680.7484130859375 340.67437744140625 1913.292236328125 647.0735473632812 
228
2 1680.6021728515625 340.94451904296875 1913.4332275390625 642.6657104492188 
229
2 1681.01318359375 341.28900146484375 1912.69970703125 617.909423828125 
230
2 1680.4140625 341.4571533203125 1911.4197998046875 614.5615234375 
231
2 1682.7635498046875 340.851806640625 1909.7449951171875 612.7811279296875 
232
2 1681.406982421875 340.6299133300781 1908.5277099609375 613.5538330078125 
233
2 1678.5384521484375 340.6192626953125 1907.3643798828125 613.0523681640625 
234
2 1678.5240478515625 340.6676025390625 1907.919677734375 612.625244140625 
235
2 1677.276611328125 341.2283630371094 1908.44189453125 611.8876953125 
236
2 1676.673828125 343.391845703125 1908.4366455078125 613.735595703125 
237
2 1678.46337890625 344.59539794921875 1908.7581787109375 612.264892578125 
3 2535.2568359375 134.64002990722656 2559.079833984375 206.398193359375 
238
2 1678.835205078125 345.12432861328125 1909.2490234375 613.3763427734375 
3 2534.529296875 135.35791015625 2559.1005859375 205.3275146484375 
239
2 1679.2884521484375 344.3956298828125 1909.227783203125 613.662353515625 
3 2533.75439453125 133.808349609375 2559.111328125 206.25570678710938 
3 878.0692749023438 24.877304077148438 911.037353515625 84.19937133789062 
240
2 1678.3487548828125 344.0256042480469 1908.78466796875 612.12109375 
3 878.439208984375 25.5235595703125 910.2103881835938 83.91773986816406 
3 2532.7197265625 131.53683471679688 2559.09423828125 206.79043579101562 
241
2 1677.3741455078125 343.96588134765625 1908.3175048828125 612.119384765625 
242
2 1675.265380859375 345.81695556640625 1907.4130859375 614.6334228515625 
243
2 1674.34716796875 346.73931884765625 1906.8470458984375 614.7933349609375 
244
2 1668.7825927734375 348.66192626953125 1910.7880859375 647.384765625 
245
2 1670.6063232421875 349.3097229003906 1913.7340087890625 627.189453125 
246
2 1673.4912109375 348.8899841308594 1905.342041015625 638.3838500976562 
247
2 1672.229248046875 347.6084899902344 1905.1973876953125 653.80810546875 
248
2 1673.032470703125 346.9793395996094 1902.7344970703125 652.115966796875 
249
2 1672.2833251953125 346.33123779296875 1901.504150390625 652.7988891601562 
250
2 1670.666015625 346.7017822265625 1901.9053955078125 651.603759765625 
3 870.1005859375 26.554462432861328 903.9738159179688 91.4522705078125 
251
2 1670.09814453125 347.07275390625 1901.4493408203125 651.04296875 
252
2 1673.62158203125 347.101806640625 1900.9371337890625 651.1792602539062 
253
2 1673.767822265625 346.47857666015625 1899.3681640625 644.2044677734375 
254
2 1673.78466796875 345.9995422363281 1898.3177490234375 614.507568359375 
3 867.6595458984375 27.030628204345703 900.3845825195312 91.466552734375 
255
2 1669.223876953125 345.3096008300781 1897.0941162109375 613.4681396484375 
2 1668.576904296875 344.6275634765625 1933.9464111328125 651.0286865234375 
3 897.7371826171875 15.957908630371094 935.695556640625 87.53832244873047 
256
2 1661.6649169921875 345.26702880859375 1898.0806884765625 628.3682250976562 
2 1660.7672119140625 345.1740417480469 1933.7550048828125 650.9119873046875 
257
2 1658.1270751953125 345.8570556640625 1894.68701171875 647.2049560546875 
3 863.2848510742188 27.41326141357422 897.118896484375 90.73016357421875 
258
2 1658.529052734375 346.98138427734375 1894.5723876953125 649.871826171875 
259
2 1665.7725830078125 349.0816650390625 1892.5966796875 612.6560668945312 
2 1664.35107421875 349.193603515625 1930.6484375 650.5153198242188 
260
2 1671.5057373046875 349.7743225097656 1891.540771484375 627.331298828125 
261
2 1676.2567138671875 350.3858642578125 1890.3157958984375 649.3917846679688 
262
2 1678.202880859375 351.1258544921875 1888.012451171875 613.8685302734375 
2 1677.9161376953125 351.1973876953125 1926.2227783203125 651.5778198242188 
263
2 1679.3323974609375 351.541259765625 1887.453125 609.6427001953125 
2 1678.0999755859375 351.4384460449219 1925.8486328125 650.2154541015625 
264
2 1679.579345703125 351.3499755859375 1885.906494140625 608.633544921875 
2 1678.82958984375 351.5811767578125 1924.1700439453125 648.7703247070312 
265
266
267
268
2 1621.162841796875 347.8795166015625 1922.235107421875 648.0106201171875 
269
2 1617.3214111328125 347.714599609375 1922.1390380859375 647.9732055664062 
270
2 1615.775390625 347.55316162109375 1921.730224609375 647.3447265625 
271
2 1675.115234375 349.04144287109375 1921.492919921875 646.7929077148438 
272
2 1629.286865234375 350.20263671875 1921.1402587890625 646.978271484375 
273
2 1642.8184814453125 350.689453125 1920.032958984375 646.65478515625 
274
2 1625.20947265625 350.853759765625 1911.083740234375 645.59375 
275
2 1666.140625 351.6899719238281 1891.0296630859375 604.220947265625 
276
2 1639.925537109375 351.88726806640625 1891.12109375 606.5015869140625 
277
2 1654.5008544921875 352.8826904296875 1891.84033203125 606.2211303710938 
278
2 1655.59912109375 353.165283203125 1891.4801025390625 605.92431640625 
279
2 1655.458984375 352.83050537109375 1891.237548828125 608.0810546875 
280
2 1658.57861328125 352.2787780761719 1892.0325927734375 607.7638549804688 
281
2 1652.2733154296875 351.98785400390625 1891.1871337890625 606.507080078125 
282
2 1653.88330078125 351.7667236328125 1892.7344970703125 607.42578125 
283
2 1655.13232421875 351.5372619628906 1892.144775390625 606.806640625 
284
2 1663.7144775390625 351.30975341796875 1891.613037109375 605.9139404296875 
285
2 1661.0528564453125 350.93768310546875 1892.8526611328125 606.2154541015625 
286
2 1660.46435546875 350.8561096191406 1893.4619140625 606.2400512695312 
287
2 1654.216552734375 350.7529296875 1894.94580078125 605.7295532226562 
288
2 1649.4599609375 350.91436767578125 1901.3985595703125 607.7264404296875 
289
2 1649.8377685546875 350.80535888671875 1908.24951171875 641.6431274414062 
290
2 1648.15576171875 351.1187744140625 1910.50146484375 646.0875244140625 
291
2 1644.727783203125 351.31463623046875 1908.699951171875 646.1185302734375 
292
2 1641.995361328125 352.287353515625 1904.1036376953125 644.754638671875 
293
2 1642.8087158203125 352.9776306152344 1907.129150390625 643.1622314453125 
294
2 1639.597900390625 353.52862548828125 1906.9986572265625 644.1404418945312 
295
2 1634.8656005859375 353.28375244140625 1908.2633056640625 642.305908203125 
296
2 1632.1734619140625 353.1131286621094 1906.198974609375 610.061767578125 
297
2 1630.5838623046875 352.2796630859375 1905.695556640625 611.2625122070312 
298
2 1629.6981201171875 352.00115966796875 1909.643798828125 644.750732421875 
299
2 1625.54296875 352.1025085449219 1909.503173828125 644.858154296875 
300
2 1626.370849609375 352.70947265625 1906.2982177734375 620.246826171875 
301
2 1636.10009765625 353.0984802246094 1906.465576171875 613.3427124023438 
302
2 1657.5921630859375 353.22991943359375 1905.4742431640625 611.5725708007812 
303
2 1652.464111328125 353.0469970703125 1905.85595703125 611.859130859375 
304
2 1648.7803955078125 353.16986083984375 1906.9935302734375 620.197998046875 
305
2 1626.0181884765625 353.0033874511719 1908.463134765625 624.4956665039062 
306
2 1629.38330078125 352.6527099609375 1907.40234375 622.4979858398438 
307
2 1626.59130859375 352.679931640625 1907.306884765625 610.251953125 
308
2 1630.6109619140625 353.3223876953125 1907.5191650390625 626.9850463867188 
309
2 1629.7215576171875 353.94439697265625 1906.2786865234375 611.5711669921875 
310
2 1653.3414306640625 354.1695251464844 1906.326416015625 614.6029052734375 
311
2 1632.505859375 353.98577880859375 1907.407958984375 611.6812133789062 
312
2 1627.42822265625 353.26275634765625 1907.5074462890625 624.5782470703125 
313
2 1627.4959716796875 353.1239013671875 1908.6141357421875 635.6444091796875 
314
2 1628.8428955078125 353.0846252441406 1908.7542724609375 637.1868286132812 
315
2 1628.207763671875 354.1612854003906 1908.122802734375 639.6309204101562 
316
2 1631.744873046875 354.93060302734375 1907.72412109375 638.56640625 
317
2 1650.4559326171875 355.3383483886719 1907.329833984375 628.7342529296875 
318
2 1641.575439453125 354.89764404296875 1907.5030517578125 637.804443359375 
319
2 1624.8966064453125 354.45843505859375 1907.950439453125 636.5386962890625 
320
2 1624.0765380859375 354.4099426269531 1909.0889892578125 639.986083984375 
321
2 1620.94140625 354.2779541015625 1908.77978515625 632.4126586914062 
322
2 1622.6025390625 353.93780517578125 1908.98681640625 626.8438110351562 
323
2 1626.0223388671875 353.903076171875 1909.725830078125 640.0213623046875 
324
2 1632.1956787109375 352.5975341796875 1910.73291015625 645.0999145507812 
325
2 1636.28369140625 351.2112121582031 1910.929931640625 645.1414794921875 
326
2 1641.7222900390625 349.4468688964844 1907.49267578125 628.7586669921875 
327
2 1648.81787109375 345.630126953125 1911.187744140625 644.3078002929688 
328
2 1655.917724609375 340.4782409667969 1899.4490966796875 606.2117919921875 
329
2 1653.2071533203125 336.8779296875 1906.442138671875 641.3270263671875 
330
2 1654.2294921875 332.6461181640625 1890.68115234375 609.397216796875 
331
2 1665.8988037109375 328.84466552734375 1886.5343017578125 610.25146484375 
332
2 1669.619873046875 325.308837890625 1882.662841796875 607.6476440429688 
333
2 1678.7493896484375 319.5083923339844 1907.285400390625 644.8082275390625 
334
2 1685.6214599609375 315.28857421875 1910.604248046875 645.7776489257812 
335
2 1688.9847412109375 311.1222839355469 1910.4139404296875 644.713134765625 
336
2 1681.520263671875 306.82086181640625 1909.841796875 644.514404296875 
337
2 1681.8040771484375 304.5953674316406 1909.60205078125 644.9694213867188 
338
2 1683.9053955078125 302.34954833984375 1908.365234375 644.54541015625 
339
2 1683.3382568359375 299.8797302246094 1908.4019775390625 643.403564453125 
340
2 1684.469970703125 299.9381103515625 1908.3262939453125 644.5546875 
341
2 1684.2274169921875 299.65399169921875 1907.9339599609375 645.43408203125 
342
2 1683.4976806640625 298.6221923828125 1908.355224609375 645.3001708984375 
343
2 1683.8583984375 298.47515869140625 1910.93017578125 646.4404296875 
344
2 1683.9549560546875 297.4009094238281 1912.462158203125 646.1317138671875 
345
2 1684.186279296875 297.5805358886719 1913.9462890625 645.459716796875 
346
2 1682.808349609375 298.12335205078125 1915.235595703125 646.6283569335938 
347
2 1680.8765869140625 298.9175109863281 1917.045166015625 646.8536376953125 
348
2 1679.9681396484375 299.8936767578125 1918.435546875 647.5792236328125 
349
2 1679.227294921875 300.44903564453125 1918.9732666015625 647.4705810546875 
350
2 1678.753662109375 301.3685302734375 1920.0234375 646.528564453125 
351
2 1678.814697265625 303.01708984375 1920.3489990234375 646.4063110351562 
352
2 1678.9228515625 303.7742919921875 1917.960693359375 646.3904418945312 
353
2 1680.375 304.7315673828125 1920.107421875 646.7340087890625 
354
2 1681.237060546875 306.5120544433594 1920.7451171875 646.404541015625 
355
2 1682.5107421875 309.1206970214844 1922.0977783203125 647.940185546875 
356
2 1683.8671875 309.7996520996094 1920.27392578125 647.6142578125 
357
2 1686.942138671875 311.422607421875 1922.1492919921875 647.928466796875 
358
2 1690.329345703125 312.71014404296875 1925.9815673828125 648.1993408203125 
359
2 1694.161376953125 313.4792785644531 1929.0311279296875 648.2023315429688 
360
2 1698.8199462890625 313.7576904296875 1930.307861328125 648.3577270507812 
361
2 1703.5684814453125 313.968994140625 1931.0133056640625 648.0352783203125 
362
2 1708.403564453125 314.52911376953125 1932.180908203125 647.746337890625 
363
2 1712.24609375 315.34344482421875 1933.200439453125 647.7254638671875 
364
2 1715.140625 315.93701171875 1932.4111328125 648.2552490234375 
365
2 1716.5771484375 318.2618408203125 1933.6746826171875 647.9923095703125 
366
2 1717.1351318359375 319.86627197265625 1933.834228515625 648.0982666015625 
367
2 1718.478515625 321.30743408203125 1934.6622314453125 648.149658203125 
368
2 1719.5604248046875 323.4582824707031 1935.752685546875 648.798583984375 
369
2 1719.250732421875 324.45318603515625 1935.0330810546875 648.8738403320312 
370
2 1719.3193359375 325.0639953613281 1934.209228515625 648.7144775390625 
371
2 1719.4554443359375 325.845703125 1928.4376220703125 648.919921875 
372
2 1719.9346923828125 327.0198974609375 1929.7015380859375 649.343017578125 
373
2 1719.631591796875 327.4988098144531 1937.45947265625 649.01025390625 
374
2 1720.2174072265625 327.5179443359375 1940.1932373046875 649.0011596679688 
375
2 1720.394287109375 327.5865783691406 1939.2523193359375 648.8214721679688 
376
2 1720.5234375 327.83038330078125 1939.492431640625 648.182373046875 
377
2 1719.7967529296875 328.64532470703125 1939.3426513671875 648.3197021484375 
378
2 1719.80224609375 328.98150634765625 1938.7808837890625 648.575927734375 
379
2 1719.6278076171875 329.578125 1938.734619140625 649.0895385742188 
380
2 1719.421142578125 331.26226806640625 1938.2987060546875 649.3355712890625 
381
2 1719.2783203125 331.56854248046875 1937.6873779296875 649.9480590820312 
382
2 1719.7073974609375 331.6161193847656 1938.0635986328125 650.7259521484375 
383
2 1720.355224609375 331.307373046875 1937.9051513671875 651.0828857421875 
384
2 1721.1212158203125 330.7232971191406 1938.113037109375 650.9522705078125 
385
2 1722.103515625 329.65484619140625 1938.2496337890625 651.4569702148438 
386
2 1723.436767578125 328.8561096191406 1939.629150390625 650.7042236328125 
387
2 1724.1649169921875 328.63323974609375 1940.1553955078125 650.6387939453125 
388
2 1727.0411376953125 328.4660339355469 1941.7711181640625 651.3309936523438 
389
2 1729.9935302734375 329.74407958984375 1943.89697265625 651.3511352539062 
390
2 1732.84912109375 330.51495361328125 1945.3560791015625 652.0689697265625 
391
2 1733.729736328125 330.8058776855469 1945.18212890625 651.4111938476562 
392
2 1735.975830078125 332.6772766113281 1946.121826171875 651.9739379882812 
393
2 1737.98583984375 334.70367431640625 1948.8975830078125 652.4963989257812 
394
2 1738.966552734375 336.16217041015625 1954.4974365234375 653.433837890625 
395
2 1742.2701416015625 337.6849365234375 1959.9251708984375 655.2513427734375 
396
2 1745.8929443359375 339.91278076171875 1965.551513671875 655.8314208984375 
397
2 1748.6300048828125 341.7305603027344 1970.9151611328125 655.987060546875 
398
2 1752.6123046875 345.5115051269531 1977.562255859375 657.573486328125 
399
2 1757.0174560546875 348.35467529296875 1983.7601318359375 657.6074829101562 
400
2 1762.4207763671875 350.62347412109375 1987.331298828125 657.5025024414062 
401
2 1766.4420166015625 354.54010009765625 1991.7685546875 658.359619140625 
402
2 1772.4398193359375 359.0365295410156 1995.2767333984375 659.4077758789062 
403
2 1777.946044921875 362.370849609375 1998.120361328125 660.5554809570312 
404
2 1782.4188232421875 366.40411376953125 1999.517578125 661.7202758789062 
405
2 1785.732177734375 371.695068359375 1999.5552978515625 663.70166015625 
406
2 1791.1551513671875 374.719482421875 1999.556396484375 664.090087890625 
407
2 1797.58349609375 380.05865478515625 2000.09033203125 666.41845703125 
408
2 1801.4500732421875 384.8536071777344 2001.256103515625 672.7488403320312 
409
2 1806.75830078125 390.8260498046875 2004.834716796875 671.5978393554688 
410
2 1811.1068115234375 395.61029052734375 2010.374755859375 680.2786865234375 
411
1 1816.676025390625 401.4183349609375 2019.6075439453125 683.1148681640625 
412
1 1821.63427734375 406.1173095703125 2025.6795654296875 688.50390625 
413
1 1826.5413818359375 407.81744384765625 2030.8870849609375 683.5992431640625 
414
1 1833.91259765625 407.92376708984375 2036.7296142578125 683.4925537109375 
415
1 1837.9766845703125 407.56640625 2041.9110107421875 683.83203125 
416
1 1844.09033203125 406.0391540527344 2048.952392578125 684.0958251953125 
417
1 1846.3079833984375 402.7835998535156 2053.22119140625 685.7314453125 
418
1 1853.4422607421875 399.6514587402344 2057.95458984375 687.9251708984375 
419
1 1858.03662109375 394.8308410644531 2062.4580078125 688.3832397460938 
420
1 1862.1429443359375 390.7640380859375 2065.580322265625 688.4742431640625 
421
1 1866.195556640625 386.5355529785156 2066.37841796875 690.6707153320312 
422
1 1869.244873046875 380.8206787109375 2068.68603515625 691.4598388671875 
423
1 1874.36572265625 376.2591552734375 2069.018310546875 691.66552734375 
424
1 1877.880859375 371.509033203125 2072.16455078125 692.7291870117188 
425
1 1881.284423828125 367.5630187988281 2076.2041015625 692.9105834960938 
426
1 1884.88427734375 365.2364807128906 2080.6630859375 695.2761840820312 
427
1 1889.9400634765625 362.4474792480469 2078.197509765625 695.0985717773438 
428
1 1893.15673828125 359.61932373046875 2087.17236328125 696.6583862304688 
429
1 1896.6763916015625 358.22015380859375 2071.322509765625 697.9902954101562 
430
1 1900.465576171875 355.75958251953125 2073.826171875 699.0810546875 
431
1 1903.6767578125 354.48541259765625 2072.944580078125 699.0151977539062 
432
1 1906.7327880859375 353.4244384765625 2078.49560546875 699.93408203125 
433
1 1910.6298828125 353.3412170410156 2113.503173828125 702.8895263671875 
1 1910.6168212890625 353.0869140625 2091.481201171875 702.0117797851562 
434
1 1914.571044921875 354.0229797363281 2117.976806640625 703.93701171875 
435
1 1918.1339111328125 353.964111328125 2123.373291015625 704.0626831054688 
436
1 1921.9085693359375 354.46832275390625 2127.1162109375 705.4989013671875 
437
1 1926.869384765625 353.93463134765625 2084.1845703125 707.3528442382812 
438
1 1931.3951416015625 353.1628723144531 2086.874267578125 707.9862670898438 
439
1 1935.458251953125 353.4934997558594 2090.862548828125 709.2490234375 
440
1 1940.1160888671875 354.9287109375 2094.977294921875 711.2277221679688 
441
1 1945.4755859375 355.1934509277344 2098.783203125 711.75732421875 
1 1945.5731201171875 356.8116149902344 2145.68115234375 711.5576782226562 
442
1 1950.055419921875 356.42364501953125 2155.318115234375 713.661865234375 
443
1 1956.14453125 357.804931640625 2107.893798828125 714.2275390625 
444
1 1960.84912109375 359.3694763183594 2112.802978515625 715.3339233398438 
1 1960.494140625 359.72467041015625 2167.75048828125 713.318115234375 
445
1 1965.65185546875 360.7132568359375 2121.37939453125 718.67041015625 
1 1966.2650146484375 360.7904052734375 2172.071533203125 716.3160400390625 
446
1 1971.732421875 361.8636169433594 2128.30908203125 719.2066650390625 
1 1972.36572265625 361.9880676269531 2179.38525390625 714.357666015625 
447
1 1975.950439453125 363.4205627441406 2133.25048828125 721.3722534179688 
448
1 1981.71337890625 365.02117919921875 2141.54296875 723.64697265625 
1 1981.6658935546875 365.69873046875 2191.210693359375 719.5955810546875 
449
1 1986.5379638671875 366.10540771484375 2142.134033203125 724.441650390625 
1 1986.705078125 366.3090515136719 2192.354248046875 724.7661743164062 
1 1986.619140625 368.1564025878906 2195.611328125 723.4895629882812 
450
1 1990.764892578125 367.9348449707031 2146.382080078125 726.3341674804688 
451
1 1994.327880859375 369.25543212890625 2202.76025390625 727.18994140625 
452
1 1997.039306640625 370.4835205078125 2206.5625 728.2130126953125 
453
1 2000.6302490234375 371.2499084472656 2158.69677734375 727.8364868164062 
454
1 2004.59765625 372.5204162597656 2161.9580078125 730.5516357421875 
1 2004.5643310546875 373.0894775390625 2205.908935546875 730.9444580078125 
455
1 2008.27685546875 374.85968017578125 2215.055908203125 731.3213500976562 
456
1 2010.871337890625 376.22283935546875 2216.70361328125 732.1639404296875 
457
1 2014.17578125 377.14373779296875 2169.831298828125 733.1739501953125 
1 2013.947021484375 377.6654357910156 2217.62744140625 733.706298828125 
458
1 2016.466796875 378.4100341796875 2219.605712890625 734.8230590820312 
459
1 2018.7010498046875 380.0718078613281 2221.951904296875 735.6981811523438 
460
1 2023.345947265625 380.9783020019531 2224.544189453125 736.4810791015625 
461
1 2027.3663330078125 382.51043701171875 2183.751708984375 735.8132934570312 
1 2026.9677734375 382.1349182128906 2227.986083984375 736.4853515625 
462
1 2030.7320556640625 384.84051513671875 2187.601806640625 739.157470703125 
463
1 2035.2012939453125 387.1596374511719 2234.392822265625 739.91796875 
464
1 2039.1331787109375 388.4952697753906 2239.243896484375 743.2509765625 
465
1 2043.369384765625 389.98919677734375 2243.654541015625 743.90380859375 
466
1 2046.6175537109375 391.62750244140625 2246.65869140625 744.8632202148438 
467
1 2049.581787109375 392.850830078125 2249.486572265625 744.923095703125 
468
1 2052.586181640625 393.52288818359375 2251.502685546875 746.2360229492188 
469
1 2056.0810546875 395.07281494140625 2253.224365234375 748.2515869140625 
470
1 2058.043212890625 396.5377197265625 2225.361328125 747.907470703125 
471
1 2060.051025390625 397.88238525390625 2257.73828125 748.8359985351562 
472
1 2062.042724609375 399.30157470703125 2259.773681640625 749.1463012695312 
473
1 2065.106689453125 400.7491455078125 2261.633544921875 751.611572265625 
474
3 2067.9541015625 402.2811279296875 2263.604736328125 754.3309936523438 
475
3 2069.500244140625 403.6824951171875 2265.506103515625 752.2239379882812 
476
3 2071.951171875 405.38238525390625 2268.40673828125 752.8076782226562 
477
3 2075.484619140625 407.57269287109375 2271.61181640625 753.6057739257812 
478
3 2078.85107421875 409.9345703125 2273.571533203125 754.6153564453125 
479
3 2082.208740234375 413.14666748046875 2278.096435546875 756.7215576171875 
480
3 2084.744873046875 415.13763427734375 2281.763427734375 756.9450073242188 
481
3 2088.25341796875 418.3775329589844 2285.380859375 757.8355712890625 
482
3 2091.648681640625 421.9815368652344 2285.260009765625 759.6364135742188 
483
3 2095.019287109375 426.5944519042969 2283.073486328125 759.3922119140625 
484
3 2099.327392578125 431.05078125 2289.91650390625 762.6824951171875 
485
3 2103.715087890625 435.50006103515625 2294.2529296875 763.5518188476562 
486
3 2106.86669921875 439.43896484375 2301.75341796875 764.626708984375 
487
3 2112.22216796875 444.3177490234375 2298.70068359375 766.89697265625 
488
3 2116.666015625 448.53289794921875 2306.205810546875 767.588623046875 
489
3 2120.945068359375 454.3040466308594 2316.392333984375 769.256591796875 
490
3 2125.419189453125 458.3883056640625 2321.858154296875 770.5449829101562 
491
3 2129.0615234375 462.4710693359375 2325.88720703125 771.8052978515625 
492
3 2133.135009765625 465.94647216796875 2331.492919921875 773.1891479492188 
493
3 2136.855712890625 469.7203369140625 2331.976806640625 775.8992309570312 
494
3 2139.456787109375 473.11865234375 2334.50927734375 775.8480224609375 
495
3 2140.779296875 477.44366455078125 2338.660888671875 776.9113159179688 
496
3 2142.53662109375 480.4593505859375 2340.8505859375 776.9158325195312 
497
3 2143.70947265625 482.56536865234375 2342.405029296875 776.5580444335938 
498
3 2145.2099609375 485.01287841796875 2343.662841796875 780.5642700195312 
499
3 2147.294677734375 486.458251953125 2344.884521484375 779.6552734375 
500
3 2150.080810546875 487.628662109375 2347.99267578125 780.5543212890625 
501
3 2154.287841796875 490.33551025390625 2351.845703125 781.3519897460938 
502
3 2158.1318359375 493.00543212890625 2357.45068359375 784.4757080078125 
503
3 2162.748291015625 493.2677001953125 2361.429931640625 784.1491088867188 
504
3 2165.787841796875 495.907958984375 2364.4990234375 786.6612548828125 
505
3 2169.31494140625 497.47869873046875 2368.0947265625 787.73974609375 
506
3 2172.373046875 496.8133544921875 2372.368896484375 788.6463012695312 
507
3 2176.627197265625 501.58453369140625 2374.79248046875 791.0037841796875 
508
3 2176.76708984375 501.7503662109375 2377.680419921875 791.9408569335938 
509
3 2178.81201171875 503.4058837890625 2379.393310546875 792.3632202148438 
510
3 2180.795654296875 504.9005126953125 2380.3095703125 792.2920532226562 
511
3 2181.1669921875 505.26934814453125 2381.7119140625 792.8797607421875 
3 2472.076416015625 495.868896484375 2558.814208984375 701.6622924804688 
512
3 2182.275146484375 505.553955078125 2382.948486328125 793.7379760742188 
513
3 2184.21240234375 505.845703125 2384.714599609375 794.546875 
514
3 2187.12890625 506.50128173828125 2387.8857421875 795.4359741210938 
515
3 2189.848876953125 506.93304443359375 2390.8037109375 796.43310546875 
516
3 2193.696533203125 508.3555908203125 2394.890625 797.5986938476562 
517
3 2198.16064453125 509.88568115234375 2399.179931640625 798.9609375 
518
3 2202.054931640625 511.26953125 2404.53466796875 800.3237915039062 
519
3 2208.604736328125 513.06982421875 2409.84765625 802.4335327148438 
520
3 2212.473876953125 515.5806884765625 2413.84228515625 804.9532470703125 
521
3 2217.92138671875 517.2237548828125 2418.640869140625 807.87353515625 
522
3 2222.235107421875 518.9302978515625 2424.70703125 808.909912109375 
523
3 2225.9248046875 521.3421020507812 2429.1865234375 811.239013671875 
524
3 2230.369140625 522.153076171875 2434.7333984375 812.9364624023438 
525
3 2233.364013671875 523.1219482421875 2441.35595703125 814.1751708984375 
526
3 2235.893310546875 524.5723266601562 2445.604248046875 815.7848510742188 
527
3 2242.903564453125 526.28662109375 2450.49462890625 817.1556396484375 
528
3 2245.95703125 527.9361572265625 2456.2158203125 819.2557983398438 
529
3 2251.76806640625 529.7466430664062 2461.875732421875 821.4869995117188 
530
3 2257.486328125 532.9237060546875 2467.617431640625 823.6595458984375 
531
3 2264.46826171875 534.783935546875 2473.498046875 826.2545776367188 
532
3 2270.0576171875 537.5272216796875 2478.506591796875 827.99755859375 
533
3 2275.102783203125 539.2788696289062 2485.354736328125 831.1998291015625 
534
3 2280.861328125 540.6604614257812 2491.0166015625 832.4801025390625 
535
3 2286.062255859375 543.4344482421875 2495.97802734375 834.7747802734375 
536
3 2291.314697265625 544.814697265625 2501.63232421875 837.2736206054688 
537
3 2296.80126953125 547.2037353515625 2505.882080078125 839.3223876953125 
538
3 2300.10888671875 550.0950317382812 2510.93505859375 840.912353515625 
539
3 2303.3212890625 551.7696533203125 2515.58349609375 845.065185546875 
540
3 2308.3349609375 552.8858642578125 2520.3125 845.3722534179688 
541
3 2310.961669921875 554.3408203125 2525.103759765625 847.8563842773438 
542
3 2316.224365234375 557.0279541015625 2527.880859375 848.33740234375 
543
3 2320.05322265625 558.089111328125 2533.883544921875 851.3331909179688 
544
3 2324.14111328125 560.404296875 2539.08349609375 853.2186889648438 
545
3 2328.126953125 562.9089965820312 2542.982666015625 855.9300537109375 
546
3 2333.369384765625 565.6412353515625 2548.0361328125 857.2559814453125 
547
3 2336.691162109375 566.5565795898438 2555.240234375 860.4202880859375 
548
3 2342.50830078125 569.8138427734375 2558.64697265625 863.484619140625 
549
3 2346.534912109375 572.2498779296875 2558.890869140625 864.7886352539062 
550
3 2352.9794921875 574.553955078125 2558.883056640625 868.4019775390625 
551
3 2355.6875 577.5234985351562 2558.866455078125 871.3795776367188 
552
3 2360.25146484375 580.8865966796875 2558.87451171875 875.8502197265625 
553
3 2365.627685546875 582.0183715820312 2558.8642578125 879.1463012695312 
554
3 2368.793212890625 583.82177734375 2558.91064453125 881.5325927734375 
555
3 2373.89404296875 587.5731811523438 2558.92041015625 885.6748657226562 
556
3 2376.1337890625 575.1046142578125 2558.947998046875 885.401123046875 
557
3 2381.365966796875 592.5840454101562 2558.96142578125 888.1461791992188 
558
3 2385.902099609375 575.5430908203125 2558.932373046875 890.2163696289062 
559
3 2390.689453125 588.6324462890625 2559.026611328125 892.067138671875 
560
3 2395.551025390625 597.7778930664062 2558.878173828125 897.5729370117188 
561
3 2401.155517578125 600.3232421875 2558.83056640625 900.9388427734375 
562
3 2405.578369140625 606.169677734375 2558.881591796875 903.781005859375 
563
3 2410.350830078125 607.8873291015625 2558.919189453125 908.3128051757812 
564
3 2416.51171875 609.371826171875 2558.919677734375 910.6091918945312 
565
3 2420.80322265625 615.7213134765625 2558.900634765625 914.1041870117188 
566
3 2425.411865234375 622.63134765625 2558.97265625 917.1290893554688 
567
3 2429.345458984375 625.602294921875 2559.013916015625 920.2850952148438 
568
3 2432.94775390625 629.4337158203125 2558.9541015625 921.9724731445312 
569
3 2436.421142578125 631.1094970703125 2558.956787109375 924.9415283203125 
570
3 2438.86474609375 636.8593139648438 2559.256591796875 925.95654296875 
571
3 2442.105224609375 638.4141235351562 2558.9951171875 928.6268310546875 
572
3 2446.514892578125 643.072265625 2558.998291015625 930.0615234375 
573
3 2449.140625 647.9818725585938 2558.9970703125 933.1261596679688 
574
3 2451.509521484375 651.809814453125 2559.21923828125 935.8407592773438 
3 30.548358917236328 102.42240905761719 52.29193878173828 135.59439086914062 
575
3 2453.98388671875 653.6250610351562 2559.14794921875 937.8342895507812 
3 35.92734146118164 102.21897888183594 56.88311767578125 134.7510528564453 
576
3 2457.514404296875 657.37255859375 2559.060791015625 940.811767578125 
3 40.48759078979492 101.02194213867188 59.966644287109375 131.04319763183594 
577
3 2460.857177734375 661.70947265625 2559.04052734375 941.8970947265625 
578
3 2466.187744140625 666.135986328125 2559.0751953125 942.6932373046875 
579
3 2467.0849609375 667.630859375 2559.096435546875 944.4418334960938 
580
3 2470.225830078125 666.6029052734375 2559.067138671875 945.3086547851562 
581
3 2470.736083984375 667.200439453125 2559.0380859375 947.2958374023438 
3 57.48365020751953 95.7086181640625 76.73564910888672 127.45838928222656 
3 128.8662567138672 81.23712158203125 154.11676025390625 121.99983215332031 
3 100.97335815429688 91.8709487915039 117.24222564697266 120.201171875 
582
3 2473.975341796875 673.1477661132812 2558.938720703125 949.3125 
3 60.24357604980469 94.87734985351562 79.10649871826172 125.74728393554688 
583
3 2475.00634765625 679.0244140625 2558.890380859375 949.9473876953125 
3 64.24549102783203 95.32080078125 83.35140228271484 125.30889892578125 
584
3 2477.4501953125 680.4339599609375 2558.943115234375 951.0418090820312 
3 67.69756317138672 91.75013732910156 86.64495849609375 123.55726623535156 
585
3 2479.869140625 682.0693969726562 2558.929931640625 951.2789306640625 
3 70.86073303222656 93.89370727539062 89.27674102783203 122.5758056640625 
586
3 2482.405517578125 686.5707397460938 2559.11767578125 954.475341796875 
3 73.3389892578125 91.0371322631836 92.64016723632812 122.97317504882812 
3 1695.1182861328125 31.989227294921875 1736.656494140625 89.47866821289062 
3 148.4046173095703 77.5702133178711 169.17210388183594 117.85348510742188 
587
3 2484.997802734375 688.821044921875 2559.12353515625 955.7109375 
3 75.32386779785156 90.5978012084961 95.00399780273438 121.76112365722656 
588
3 2485.5400390625 691.744140625 2559.08251953125 959.3704223632812 
589
3 2488.76611328125 695.0121459960938 2559.056396484375 959.3016967773438 
590
3 2489.235107421875 697.7333984375 2559.06787109375 957.157958984375 
3 84.4579849243164 87.1881332397461 103.15294647216797 119.89302062988281 
591
3 2494.20654296875 701.5641479492188 2558.96875 957.0606689453125 
3 86.83878326416016 88.18585968017578 104.72445678710938 117.83355712890625 
592
593
594
3 2498.63720703125 705.8101806640625 2559.017578125 954.9957275390625 
595
3 101.37371826171875 83.3562240600586 118.35458374023438 113.69064331054688 
3 2501.564208984375 712.2053833007812 2559.05859375 954.8737182617188 
3 1754.833740234375 32.22080993652344 1808.2908935546875 93.36700439453125 
596
3 104.62680053710938 80.75088500976562 122.77660369873047 111.25685119628906 
597
3 1732.7841796875 36.94160461425781 1769.260986328125 89.47306823730469 
598
3 1734.864013671875 37.853187561035156 1773.1220703125 90.3934326171875 
599
3 1738.623291015625 37.840476989746094 1777.13134765625 91.84095764160156 
