0
1
2
3
4
5
6
7
8
9
10
11
12
13
14
15
16
17
18
19
20
21
22
23
24
25
26
27
28
29
30
31
32
33
34
35
36
37
38
39
40
41
42
43
44
45
46
47
48
49
50
51
52
53
54
55
56
57
58
59
60
61
62
63
64
65
66
67
68
69
70
71
72
73
74
75
76
77
78
79
80
81
82
83
84
85
86
87
88
89
90
91
92
93
94
95
96
97
98
99
100
101
102
103
104
105
106
107
108
109
110
111
112
113
114
115
116
117
118
119
120
121
122
123
124
125
126
127
128
129
130
131
132
133
134
135
136
137
138
139
140
141
142
143
144
145
146
147
148
149
150
151
152
153
154
155
156
157
158
159
160
161
162
163
164
165
166
167
168
169
170
171
172
173
174
175
176
177
178
179
0 0.800506591796875 718.7745361328125 360.0305480957031 982.9410400390625 
180
0 0.82220458984375 699.1190185546875 406.399658203125 982.91796875 
181
0 1.000732421875 680.09912109375 455.5609436035156 981.375244140625 
182
0 0.871826171875 665.5003051757812 480.23236083984375 968.8734130859375 
183
0 0.4965362548828125 654.1612548828125 530.617919921875 960.947265625 
184
0 0.8020172119140625 644.1627197265625 555.2142333984375 956.9181518554688 
185
0 0.54364013671875 637.9258422851562 570.0991821289062 954.7864990234375 
186
0 0.0 627.0862426757812 585.8596801757812 955.5176391601562 
187
0 5.1373291015625 618.270751953125 595.8995361328125 953.6644897460938 
188
0 22.93463134765625 608.2844848632812 623.6033935546875 955.5452880859375 
189
0 40.83692932128906 597.1715087890625 591.4022827148438 953.1090087890625 
190
0 58.109649658203125 582.3201904296875 595.9921875 957.116455078125 
191
0 72.82077026367188 570.9652709960938 617.5878295898438 975.8521728515625 
192
0 91.06396484375 556.6910400390625 609.6753540039062 980.5374755859375 
193
0 103.60400390625 546.62255859375 601.6094970703125 980.5572509765625 
194
0 111.86395263671875 536.0361938476562 610.0775146484375 961.55029296875 
195
0 131.1668701171875 526.246826171875 632.8800048828125 976.4784545898438 
196
0 145.07586669921875 516.699951171875 623.6798706054688 959.5048217773438 
197
0 158.67776489257812 509.6558837890625 616.6083984375 938.412841796875 
198
0 173.06393432617188 500.0931396484375 640.9970092773438 922.0221557617188 
199
0 188.84437561035156 492.1666259765625 640.0927734375 907.080322265625 
200
0 202.2397003173828 485.35162353515625 682.2714233398438 897.9327392578125 
201
0 218.77288818359375 480.0445556640625 724.4765625 885.96728515625 
202
0 237.19691467285156 476.19610595703125 767.626953125 882.8380737304688 
203
0 256.8248291015625 470.8290710449219 808.4417724609375 881.644775390625 
204
0 275.11590576171875 470.1986083984375 828.386962890625 881.9274291992188 
205
0 296.0533447265625 467.7746887207031 847.5059814453125 881.7259521484375 
206
0 319.8511047363281 465.4155578613281 866.3859252929688 881.37890625 
207
0 341.15509033203125 461.4518737792969 862.1357421875 883.4166259765625 
208
0 362.070556640625 460.8580322265625 836.549072265625 879.1396484375 
209
0 386.55523681640625 458.02471923828125 840.4115600585938 877.751220703125 
210
0 407.8714904785156 452.60418701171875 886.9230346679688 873.3914794921875 
211
0 428.7843017578125 447.3763732910156 851.5554809570312 858.7020263671875 
212
0 450.9559326171875 442.1275939941406 886.958984375 845.0994262695312 
213
0 468.02447509765625 436.9205322265625 889.5277099609375 838.3165283203125 
214
0 484.91064453125 429.558837890625 888.973876953125 829.4050903320312 
215
0 504.83349609375 420.96002197265625 873.5914306640625 827.7297973632812 
216
0 519.2938232421875 415.4063415527344 851.4765625 821.49609375 
217
0 541.9329833984375 406.96087646484375 887.46142578125 824.4689331054688 
218
0 557.9511108398438 397.74676513671875 871.7415771484375 819.31640625 
219
0 574.9248657226562 392.965087890625 893.0753173828125 827.9935302734375 
220
0 597.470703125 387.8620910644531 926.4588623046875 825.7120971679688 
221
0 614.7966918945312 383.58624267578125 981.3845825195312 827.380615234375 
222
0 637.702392578125 381.31597900390625 1023.6744995117188 820.6937255859375 
223
0 662.0113525390625 379.1086120605469 1052.119140625 815.690673828125 
224
0 683.840576171875 375.5498046875 1082.044189453125 822.70068359375 
225
0 708.505615234375 375.42724609375 1106.140380859375 818.5855712890625 
226
0 732.3923950195312 373.704833984375 1105.0107421875 819.9429931640625 
227
0 756.0152587890625 371.70989990234375 1139.4754638671875 812.72900390625 
228
0 780.0873413085938 368.1083984375 1116.303466796875 813.2064208984375 
229
0 786.3825073242188 366.8568115234375 1161.18994140625 816.20703125 
230
1 830.8756103515625 363.2836608886719 1164.930908203125 758.0069580078125 
231
1 853.4053955078125 357.3260498046875 1127.9853515625 753.8851928710938 
232
1 872.3125610351562 354.2425537109375 1129.107666015625 750.1597900390625 
233
1 894.7704467773438 351.16131591796875 1129.366943359375 743.5602416992188 
234
1 910.9864501953125 343.6891174316406 1132.6070556640625 749.601806640625 
235
1 930.0123291015625 336.80218505859375 1159.0321044921875 754.946044921875 
236
1 947.7843627929688 330.65509033203125 1180.9478759765625 775.4385986328125 
237
1 966.1095581054688 325.83343505859375 1200.61279296875 767.1934814453125 
238
1 986.83984375 321.822021484375 1218.711669921875 764.1840209960938 
239
1 1006.6323852539062 318.6153564453125 1238.533203125 758.9970703125 
240
1 1027.2684326171875 319.4810791015625 1302.5859375 756.7564086914062 
241
1 1047.01318359375 321.5836181640625 1347.095947265625 753.9613647460938 
242
1 1062.09033203125 324.3046569824219 1380.196044921875 746.92529296875 
243
1 1062.20263671875 328.6673278808594 1404.073974609375 746.5175170898438 
244
1 1063.804443359375 332.9720458984375 1405.625 746.8375244140625 
245
1 1063.4154052734375 337.46429443359375 1426.4273681640625 748.9635620117188 
246
1 1064.7098388671875 341.17913818359375 1434.033935546875 746.2765502929688 
247
1 1082.89697265625 342.5985107421875 1438.375244140625 745.44775390625 
248
1 1095.6468505859375 341.68035888671875 1437.969482421875 742.492431640625 
1 1197.4549560546875 343.2865295410156 1438.5623779296875 740.6451416015625 
249
1 1131.815185546875 344.29791259765625 1442.077392578125 742.0095825195312 
250
1 1161.9967041015625 342.8504638671875 1462.0797119140625 739.8865966796875 
251
1 1195.871337890625 337.2138671875 1483.7640380859375 737.914306640625 
1 1255.244140625 337.7922058105469 1484.0902099609375 736.0772094726562 
252
1 1222.0634765625 331.5594482421875 1505.00439453125 739.5635375976562 
253
1 1259.607177734375 324.9207763671875 1523.81005859375 740.0546875 
254
1 1303.7281494140625 318.15093994140625 1543.927001953125 739.1918334960938 
255
1 1324.1798095703125 313.9617919921875 1563.707275390625 740.58203125 
256
1 1335.958740234375 309.431884765625 1581.9461669921875 740.64794921875 
257
1 1337.8604736328125 307.8421630859375 1599.942626953125 742.8915405273438 
258
1 1338.5552978515625 308.2447509765625 1617.228759765625 746.4307861328125 
259
1 1338.4012451171875 305.9844970703125 1636.0653076171875 742.7113037109375 
260
1 1338.893310546875 305.5895080566406 1652.983154296875 740.7427978515625 
261
1 1338.6029052734375 307.3665466308594 1670.453857421875 742.6026611328125 
262
1 1339.2679443359375 307.6590576171875 1686.8770751953125 742.9419555664062 
263
1 1348.470947265625 304.16534423828125 1706.1693115234375 737.8605346679688 
264
1 1360.216796875 302.2232666015625 1721.909912109375 740.5798950195312 
265
1 1373.1558837890625 299.7469482421875 1738.6339111328125 737.4304809570312 
266
1 1406.6832275390625 295.79083251953125 1755.3988037109375 734.2951049804688 
267
1 1417.9705810546875 288.0931091308594 1770.6895751953125 725.5155639648438 
268
1 1459.6541748046875 283.4636535644531 1786.037841796875 713.907958984375 
269
1 1487.0059814453125 278.43084716796875 1800.7159423828125 712.637451171875 
270
1 1528.113525390625 273.18426513671875 1815.6617431640625 703.212646484375 
271
1 1551.838134765625 269.25067138671875 1830.3076171875 695.4103393554688 
272
1 1580.31005859375 263.4082946777344 1840.86328125 681.8714599609375 
273
1 1588.9376220703125 262.2261047363281 1854.5889892578125 675.2128295898438 
274
1 1589.3079833984375 260.92706298828125 1868.2867431640625 669.7828979492188 
275
1 1590.0115966796875 256.718505859375 1878.5306396484375 668.93994140625 
276
1 1590.21826171875 256.84686279296875 1890.288330078125 668.6818237304688 
277
1 1590.26220703125 257.806884765625 1900.1143798828125 667.91943359375 
278
1 1590.4774169921875 259.569091796875 1911.391845703125 668.250244140625 
279
1 1589.706298828125 260.1181640625 1923.40673828125 668.2605590820312 
280
1 1589.9715576171875 261.6649475097656 1936.478515625 668.2349853515625 
281
1 1591.849365234375 263.1103515625 1949.2122802734375 665.6678466796875 
282
1 1592.5419921875 264.00213623046875 1963.635986328125 665.747314453125 
283
1 1597.7564697265625 264.2212829589844 1978.713134765625 660.1376953125 
284
1 1598.6158447265625 263.0145263671875 1994.044921875 657.4369506835938 
285
1 1613.6719970703125 262.8851318359375 2007.9755859375 657.7596435546875 
286
1 1622.39990234375 259.7977600097656 2022.8990478515625 645.6127319335938 
287
1 1654.3680419921875 256.3423767089844 2033.8011474609375 630.817138671875 
288
1 1675.0491943359375 255.362060546875 2047.0335693359375 622.265869140625 
289
1 1699.3665771484375 251.52008056640625 2058.087646484375 620.9938354492188 
290
1 1715.8955078125 251.20156860351562 2068.10546875 619.691650390625 
291
1 1731.5009765625 249.29684448242188 2077.85498046875 620.341796875 
292
1 1760.8736572265625 246.07305908203125 2086.228759765625 618.6887817382812 
293
1 1784.757080078125 244.7327880859375 2094.547607421875 623.9765625 
294
1 1791.029052734375 242.14947509765625 2101.9521484375 624.029541015625 
295
1 1793.1732177734375 240.8486328125 2110.2783203125 622.0858154296875 
296
1 1792.7564697265625 240.28848266601562 2117.670166015625 619.5953369140625 
297
1 1794.397216796875 239.3294677734375 2123.767822265625 618.4661254882812 
298
1 1795.119140625 239.14801025390625 2131.97509765625 619.90283203125 
299
1 1792.451171875 239.88134765625 2135.850341796875 621.419677734375 
300
1 1792.7135009765625 240.34609985351562 2142.753173828125 620.1489868164062 
301
1 1794.45556640625 240.31207275390625 2148.445068359375 620.4673461914062 
302
1 1799.35791015625 238.27432250976562 2154.58203125 619.061767578125 
303
1 1803.68505859375 237.180419921875 2160.567138671875 616.1716918945312 
304
1 1810.0364990234375 233.62008666992188 2167.501953125 622.3388671875 
305
1 1819.3076171875 230.18359375 2175.3525390625 618.419921875 
306
1 1833.7740478515625 226.8436279296875 2183.183837890625 610.90283203125 
307
1 1848.39208984375 223.86724853515625 2188.94091796875 605.2461547851562 
308
1 1854.583984375 220.97274780273438 2194.90283203125 609.5929565429688 
309
1 1866.0438232421875 217.53341674804688 2201.444580078125 600.1319580078125 
310
1 1859.71923828125 214.19834899902344 2208.10888671875 631.044189453125 
311
1 1909.5511474609375 210.66952514648438 2216.985107421875 579.4051513671875 
312
1 1931.9493408203125 207.42141723632812 2222.85107421875 567.3980712890625 
313
1 1933.705810546875 204.60272216796875 2228.371337890625 573.1052856445312 
314
1 1933.193603515625 204.34906005859375 2234.3515625 556.985107421875 
315
1 1935.852294921875 205.18118286132812 2240.29833984375 547.4281005859375 
316
1 1940.6158447265625 205.11883544921875 2248.125732421875 547.9466552734375 
317
1 1943.33984375 205.37521362304688 2258.40771484375 546.570556640625 
318
1 1947.9185791015625 208.7152099609375 2267.142822265625 544.1399536132812 
319
1 1949.832763671875 210.94802856445312 2277.887939453125 548.036376953125 
320
1 1953.599853515625 213.9288330078125 2286.923828125 549.1804809570312 
321
1 1957.9033203125 215.65347290039062 2298.019287109375 547.8416748046875 
322
1 1962.32421875 217.3311767578125 2308.25732421875 548.0162963867188 
323
1 1965.7802734375 220.83340454101562 2320.1279296875 544.6234130859375 
324
2 1970.9249267578125 221.7415771484375 2333.032470703125 540.9678955078125 
325
2 1980.755615234375 220.54412841796875 2346.503662109375 538.1678466796875 
326
2 1996.623779296875 221.436767578125 2360.8056640625 533.29931640625 
327
2 2015.938720703125 224.0792236328125 2376.803466796875 530.7574462890625 
328
2 2025.4801025390625 225.639892578125 2392.869873046875 535.1660766601562 
329
2 2052.446533203125 226.24212646484375 2411.023193359375 530.3060913085938 
330
2 2080.1591796875 226.54025268554688 2427.41845703125 536.4275512695312 
331
2 2102.85693359375 229.41690063476562 2447.07763671875 537.8306884765625 
332
2 2124.61572265625 230.2811279296875 2462.8564453125 540.7131958007812 
333
3 2148.638427734375 233.90350341796875 2478.51904296875 547.108154296875 
334
3 2168.74755859375 234.26541137695312 2493.8544921875 547.9724731445312 
335
3 2191.163330078125 238.07321166992188 2508.4794921875 552.85302734375 
336
3 2210.723876953125 242.1046142578125 2522.423583984375 561.2359619140625 
337
3 2215.6328125 246.88616943359375 2536.913818359375 565.8392333984375 
338
3 2228.1484375 251.68756103515625 2555.023193359375 573.3372802734375 
339
3 2245.8369140625 258.40228271484375 2559.01904296875 572.041015625 
340
3 2257.31494140625 263.651123046875 2558.830078125 583.3325805664062 
341
3 2272.563232421875 272.81329345703125 2558.949462890625 585.5870361328125 
342
3 2286.204345703125 297.44757080078125 2558.916748046875 592.2012939453125 
3 0.11077022552490234 200.26458740234375 38.994712829589844 304.5873718261719 
343
3 2299.873046875 305.7926940917969 2558.974609375 599.2918701171875 
3 0.22239017486572266 179.4820098876953 53.69778060913086 296.893310546875 
3 0.4175300598144531 443.9056701660156 121.45928192138672 586.6680908203125 
3 0.36284732818603516 444.138916015625 85.66885375976562 548.80078125 
344
3 2316.947509765625 310.1448974609375 2558.941162109375 608.7464599609375 
3 0.1504058837890625 150.6026611328125 70.16433715820312 288.6539001464844 
3 0.5147247314453125 420.22052001953125 98.9280776977539 546.90185546875 
345
3 2336.365234375 317.3689880371094 2558.917236328125 614.8504638671875 
3 0.39842987060546875 132.16500854492188 84.70497131347656 285.13616943359375 
3 0.5518264770507812 395.2613830566406 141.99246215820312 564.9562377929688 
346
3 2355.65185546875 321.9596252441406 2558.867919921875 626.9981689453125 
3 17.323318481445312 126.01350402832031 95.81439208984375 273.41900634765625 
3 0.3275947570800781 372.825439453125 127.7541732788086 543.8794555664062 
347
3 2375.672607421875 326.4003601074219 2558.913330078125 630.9540405273438 
3 35.11528015136719 118.931640625 112.17398834228516 268.61785888671875 
3 0.365875244140625 350.17987060546875 135.44876098632812 523.7916259765625 
348
3 2396.57958984375 330.79779052734375 2558.87646484375 638.7774658203125 
3 0.7545700073242188 331.23284912109375 178.14295959472656 545.0631713867188 
3 51.35467529296875 111.45211791992188 125.55879211425781 264.26641845703125 
3 51.443748474121094 111.98585510253906 120.69295501708984 191.74591064453125 
3 0.47170257568359375 332.25787353515625 153.7781982421875 521.5739135742188 
349
3 71.45323181152344 103.94122314453125 139.87852478027344 180.76849365234375 
3 2430.146728515625 339.32373046875 2558.971923828125 639.8909912109375 
3 96.6327896118164 208.1351776123047 141.28451538085938 255.24374389648438 
3 0.45183563232421875 303.6554260253906 163.22152709960938 519.3284912109375 
350
3 0.3914337158203125 279.33843994140625 178.71405029296875 502.1473388671875 
3 86.73187255859375 95.46357727050781 149.8799285888672 183.7978973388672 
3 88.22476196289062 95.77334594726562 157.78213500976562 247.38662719726562 
351
3 110.69227600097656 84.38720703125 170.93081665039062 169.08132934570312 
3 0.5982513427734375 242.65884399414062 194.24896240234375 492.3160400390625 
3 132.15765380859375 188.2828369140625 176.5457763671875 238.64694213867188 
352
3 133.8412628173828 74.1578369140625 183.829833984375 160.29745483398438 
353
3 155.4344940185547 65.62434387207031 214.6855010986328 143.05828857421875 
354
3 180.17327880859375 55.713829040527344 235.25991821289062 142.3178253173828 
355
3 202.14682006835938 47.19544219970703 271.9987487792969 125.85270690917969 
3 95.69491577148438 79.06553649902344 120.81397247314453 119.93830871582031 
356
3 231.144775390625 37.29713439941406 299.3677062988281 115.56991577148438 
357
3 259.57379150390625 30.380172729492188 324.1748046875 108.72686767578125 
358
3 292.4217224121094 21.38909912109375 352.70062255859375 96.94325256347656 
3 290.2666320800781 129.55685424804688 332.8540344238281 178.66375732421875 
3 150.14205932617188 61.90019989013672 197.21163940429688 139.6306610107422 
359
3 315.1671142578125 11.948596954345703 381.6368713378906 87.24266815185547 
360
3 345.94451904296875 2.386219024658203 410.7399597167969 74.30819702148438 
361
3 376.95654296875 0.0 441.09613037109375 66.05448150634766 
362
3 415.4357604980469 0.16536712646484375 472.06268310546875 56.06908416748047 
3 398.62213134765625 93.13340759277344 439.2908020019531 142.526611328125 
363
364
365
366
367
368
369
370
371
3 115.74613952636719 88.57018280029297 179.02467346191406 168.25570678710938 
372
373
374
375
376
377
378
379
380
381
382
383
384
385
386
387
388
389
390
391
392
393
394
395
396
397
398
399
400
401
402
403
404
405
406
407
408
409
410
3 0.4482879638671875 967.9396362304688 159.14634704589844 1078.0050048828125 
411
3 0.47782135009765625 967.6607055664062 159.17343139648438 1077.973388671875 
412
413
414
415
416
417
418
419
