0
1 1.060699462890625 390.0596923828125 384.7257995605469 857.266357421875 
3 26.524932861328125 331.55670166015625 420.99627685546875 686.434814453125 
1
1 1.13397216796875 392.4466857910156 384.64385986328125 857.3292846679688 
3 25.33843994140625 332.99090576171875 421.5953674316406 687.7183837890625 
2
1 1.08563232421875 392.80224609375 382.3946533203125 857.3435668945312 
3 21.88909912109375 333.33929443359375 419.3834533691406 687.921875 
3
1 1.220428466796875 394.81207275390625 382.02386474609375 857.4257202148438 
3 17.155517578125 333.4055480957031 416.63397216796875 688.1351928710938 
4
1 1.4166259765625 398.16754150390625 378.73309326171875 857.4735717773438 
3 11.039337158203125 333.1322937011719 411.557373046875 688.90283203125 
5
1 1.4290924072265625 401.1614990234375 373.2587890625 857.397705078125 
3 5.3768768310546875 332.14581298828125 401.81243896484375 689.3277587890625 
6
1 1.32452392578125 401.2869873046875 374.1819763183594 857.4735107421875 
3 2.476593017578125 331.8967590332031 389.47625732421875 688.325439453125 
7
1 1.4526519775390625 402.2441101074219 376.24261474609375 857.7935180664062 
3 0.8860931396484375 332.2000427246094 377.64544677734375 686.161376953125 
8
1 1.441802978515625 404.2936706542969 375.46282958984375 857.8828735351562 
3 0.9237213134765625 333.36492919921875 362.00738525390625 684.9776611328125 
9
1 1.3601531982421875 403.10888671875 371.7879638671875 857.7195434570312 
3 0.49749755859375 334.2513427734375 350.32574462890625 686.8135986328125 
3 0.354522705078125 923.2047729492188 76.95616912841797 1061.3759765625 
10
1 1.272216796875 408.577392578125 373.66790771484375 857.2841186523438 
3 0.3600311279296875 334.87847900390625 340.2571105957031 688.9957275390625 
11
1 1.17120361328125 407.00067138671875 368.0783386230469 857.0718994140625 
3 0.25323486328125 337.4596252441406 331.5525207519531 690.5536499023438 
3 0.2581634521484375 909.2140502929688 129.64559936523438 1061.575439453125 
12
1 1.14276123046875 413.3068542480469 361.5709533691406 856.7470703125 
3 0.0755615234375 337.4443664550781 321.0565490722656 698.2442626953125 
3 0.5376739501953125 901.0455932617188 164.4061279296875 1062.2216796875 
13
1 1.15484619140625 409.5633544921875 362.75384521484375 856.8652954101562 
3 0.0 339.702880859375 311.77392578125 701.4754028320312 
3 0.1682281494140625 890.5458984375 214.32427978515625 1058.059814453125 
14
1 1.1922607421875 418.2944030761719 358.29693603515625 856.7596435546875 
3 0.118377685546875 341.7753601074219 301.809326171875 698.472412109375 
0 0.27606201171875 871.577880859375 254.72312927246094 1058.47705078125 
15
3 1.335784912109375 418.24530029296875 352.62371826171875 856.2338256835938 
3 0.0 342.2785339355469 299.2300109863281 704.7449951171875 
0 0.0 871.0247802734375 398.48455810546875 1059.392333984375 
16
3 1.34515380859375 424.92059326171875 352.3521423339844 856.1983642578125 
3 0.02618408203125 345.71099853515625 299.7806091308594 706.0617065429688 
0 0.0 870.6402587890625 429.70428466796875 1064.207275390625 
17
3 1.028717041015625 427.7043762207031 351.09979248046875 856.2156372070312 
3 0.2033843994140625 349.0928649902344 300.2530517578125 707.802734375 
0 0.0 817.487548828125 447.0399475097656 1066.2613525390625 
18
3 1.242156982421875 428.8416442871094 350.8707580566406 856.15673828125 
3 0.1583709716796875 357.0771484375 300.4599609375 710.7691650390625 
0 0.0 809.9012451171875 470.22674560546875 1068.5926513671875 
19
3 1.07940673828125 432.60076904296875 351.07232666015625 856.3231201171875 
3 0.162689208984375 362.5213623046875 299.9541320800781 694.0064086914062 
0 0.0 806.7889404296875 492.4129638671875 1072.05224609375 
20
3 1.28790283203125 435.56903076171875 353.3790283203125 857.319580078125 
3 0.0435791015625 377.5643005371094 300.0856018066406 684.051513671875 
0 0.748382568359375 805.0546875 506.90240478515625 1071.9024658203125 
21
3 1.287567138671875 437.41534423828125 352.76129150390625 856.3914794921875 
3 0.024078369140625 393.00653076171875 300.28021240234375 682.7454223632812 
0 0.310546875 793.3645629882812 514.3659057617188 1072.7552490234375 
22
3 1.184356689453125 439.256591796875 353.28515625 856.5697021484375 
3 0.0780792236328125 403.54779052734375 300.54931640625 682.0731201171875 
0 1.099273681640625 786.8922119140625 516.4789428710938 1072.4427490234375 
23
3 1.185516357421875 440.2493591308594 352.1964111328125 856.9034423828125 
3 0.2000732421875 408.387451171875 301.40252685546875 682.8079223632812 
0 0.9243011474609375 780.6934814453125 517.5538330078125 1072.3431396484375 
24
3 1.182342529296875 439.4228515625 352.46160888671875 857.421875 
3 0.24114990234375 413.36541748046875 298.5872802734375 682.4214477539062 
0 0.603057861328125 750.2919921875 517.552490234375 1073.2059326171875 
25
3 0.90106201171875 444.23846435546875 351.90032958984375 859.4203491210938 
0 0.5812225341796875 734.4869384765625 517.8041381835938 1072.8172607421875 
3 0.280181884765625 418.07757568359375 292.5672912597656 681.0073852539062 
26
3 0.6000823974609375 449.62310791015625 351.78802490234375 857.4383544921875 
0 1.1006927490234375 723.0134887695312 515.10009765625 1071.5123291015625 
3 0.45196533203125 422.7080383300781 285.8227233886719 681.127197265625 
27
3 0.521820068359375 450.29339599609375 351.2413024902344 856.92724609375 
0 0.7529296875 705.5191650390625 514.1246948242188 1071.3843994140625 
3 0.694915771484375 430.03070068359375 276.4235534667969 682.4647216796875 
28
3 0.5545654296875 452.4603271484375 350.3299560546875 853.8975219726562 
0 0.53875732421875 663.3857421875 512.0955810546875 1070.2122802734375 
3 0.697662353515625 428.3072204589844 264.0963134765625 683.1976318359375 
29
3 0.39349365234375 450.4667053222656 349.5975341796875 852.551513671875 
0 1.699676513671875 664.8446044921875 513.317138671875 1069.69287109375 
30
3 0.4327392578125 445.649169921875 349.8143615722656 849.627685546875 
0 1.54150390625 670.006103515625 444.093505859375 1067.0723876953125 
31
0 1.3406524658203125 664.2021484375 508.8021240234375 1069.6197509765625 
3 0.2059326171875 438.85693359375 352.739990234375 847.1320190429688 
32
0 0.966278076171875 664.4356079101562 510.8151550292969 1069.888427734375 
3 1.565338134765625 446.9573669433594 350.3800048828125 843.0512084960938 
33
0 0.6986236572265625 661.0020141601562 544.0361328125 1071.7802734375 
3 0.22675323486328125 449.489501953125 215.55648803710938 731.942626953125 
0 0.7783660888671875 451.1805419921875 541.9490966796875 1071.4283447265625 
34
0 0.8109130859375 451.11541748046875 620.6240844726562 1072.7589111328125 
0 1.21917724609375 650.1406860351562 621.5016479492188 1074.385498046875 
35
0 1.127197265625 452.82733154296875 664.134033203125 1071.994384765625 
36
0 1.08251953125 456.43603515625 694.177490234375 1071.435302734375 
37
0 1.54425048828125 607.6058349609375 715.2694702148438 1072.894287109375 
38
0 1.245880126953125 604.1895751953125 721.5465698242188 1072.443359375 
3 0.40111541748046875 461.43695068359375 177.67440795898438 696.8719482421875 
39
0 2.06396484375 601.864501953125 724.0690307617188 1071.62841796875 
0 0.0 458.8714599609375 724.1234130859375 1071.5833740234375 
3 0.32250213623046875 460.8013916015625 182.9044189453125 696.7984619140625 
40
0 1.89080810546875 602.100341796875 726.5276489257812 1071.2794189453125 
3 0.3611297607421875 460.6542663574219 188.20558166503906 697.7888793945312 
41
0 1.553375244140625 605.1414794921875 727.6708984375 1071.200927734375 
3 0.4703369140625 459.69677734375 193.59408569335938 700.958740234375 
42
0 1.918792724609375 601.384765625 730.2373046875 1068.888427734375 
0 0.9560546875 457.0322570800781 729.4014892578125 1067.564697265625 
43
0 1.1746826171875 599.6943359375 726.6339111328125 1068.8040771484375 
3 0.5624542236328125 457.44482421875 212.31341552734375 693.9865112304688 
44
0 0.77532958984375 597.0466918945312 716.7979125976562 1064.31494140625 
45
0 1.17474365234375 591.8138427734375 735.3411865234375 1055.005126953125 
46
0 1.522003173828125 584.679931640625 759.1473388671875 1052.5010986328125 
3 0.49320220947265625 454.47698974609375 154.78768920898438 613.5718994140625 
47
0 1.2412109375 577.8386840820312 812.5601806640625 1062.08447265625 
3 0.4690666198730469 454.12274169921875 158.5963897705078 613.1484375 
48
0 1.1356201171875 569.75146484375 873.7781982421875 1064.1944580078125 
49
0 0.604736328125 477.19342041015625 916.4037475585938 1070.586669921875 
50
0 7.28448486328125 560.9351806640625 939.1146240234375 1073.4134521484375 
3 0.3180389404296875 453.95599365234375 171.9470977783203 705.5411376953125 
51
0 27.8333740234375 553.98193359375 956.5694580078125 1073.5413818359375 
0 3.599853515625 453.31195068359375 954.7547607421875 1073.7042236328125 
3 0.36847686767578125 453.30987548828125 176.6447296142578 719.6837158203125 
52
0 53.2265625 547.6242065429688 958.640869140625 1072.8382568359375 
53
0 74.8057861328125 539.5213012695312 958.4348754882812 1072.529541015625 
3 0.5641937255859375 448.60736083984375 236.59786987304688 883.091796875 
54
0 99.50491333007812 530.9356689453125 957.2626342773438 1072.833984375 
3 0.519317626953125 446.76348876953125 256.1219177246094 880.6458740234375 
55
0 120.77401733398438 524.3897705078125 956.5223388671875 1073.2138671875 
3 0.4526519775390625 443.88531494140625 259.3745422363281 880.2584838867188 
56
0 139.48870849609375 516.2429809570312 957.1417236328125 1072.5146484375 
3 0.39453887939453125 440.1112060546875 256.0251159667969 880.5664672851562 
57
0 155.978515625 509.7833251953125 957.0390625 1071.56982421875 
3 0.3427734375 412.86651611328125 279.1816711425781 881.4549560546875 
58
0 179.09466552734375 504.75689697265625 956.96923828125 1071.5433349609375 
0 0.1610107421875 392.44158935546875 401.37646484375 886.0173950195312 
59
0 196.17550659179688 499.42816162109375 957.4217529296875 1071.47314453125 
0 0.0 389.6842956542969 429.62384033203125 890.69677734375 
60
0 212.09613037109375 494.98095703125 957.8279418945312 1071.1019287109375 
0 0.0 380.41632080078125 451.3638916015625 897.6691284179688 
61
0 225.28466796875 489.5360107421875 958.4020385742188 1071.156005859375 
0 0.0 373.6900634765625 466.481689453125 905.630615234375 
62
0 242.06707763671875 484.41021728515625 958.7017822265625 1071.5775146484375 
0 0.0 366.85595703125 465.45062255859375 917.1380615234375 
63
0 0.2158355712890625 363.77606201171875 466.0677490234375 927.6472778320312 
0 253.38919067382812 477.549560546875 958.6865234375 1071.4140625 
64
0 263.9280090332031 471.39678955078125 958.51708984375 1073.04931640625 
0 0.605560302734375 361.12591552734375 466.60382080078125 938.74658203125 
65
0 273.6269226074219 464.70050048828125 958.2152709960938 1071.87255859375 
0 0.9390411376953125 358.31024169921875 466.70849609375 948.1515502929688 
66
0 284.00244140625 457.1860656738281 958.5568237304688 1070.903564453125 
0 0.0 356.38848876953125 466.8553466796875 956.376708984375 
67
0 0.0 356.3289794921875 465.07073974609375 963.171142578125 
0 293.59033203125 449.4715576171875 958.656494140625 1071.520263671875 
68
0 298.67095947265625 441.7696228027344 958.579833984375 1072.3389892578125 
0 0.6647186279296875 356.8812255859375 493.0617370605469 966.0421752929688 
69
0 307.58953857421875 434.80474853515625 958.4599609375 1072.249267578125 
0 0.3968963623046875 357.18450927734375 471.3262939453125 932.7284545898438 
70
0 315.9250183105469 430.37152099609375 958.6069946289062 1071.3724365234375 
0 0.3492584228515625 358.96746826171875 531.5836181640625 942.2135009765625 
71
0 322.1429443359375 423.10992431640625 958.947265625 1071.071533203125 
0 0.3716888427734375 360.1015625 490.62542724609375 931.7620239257812 
72
0 326.2133483886719 417.777587890625 959.1273803710938 1070.920654296875 
0 0.118072509765625 363.9913330078125 476.1536865234375 914.9790649414062 
73
0 329.9986572265625 411.75140380859375 959.5119018554688 1070.767333984375 
0 0.0 365.8680419921875 509.79156494140625 930.2783813476562 
0 0.138885498046875 363.4326171875 588.3988037109375 951.1114501953125 
74
0 329.7620849609375 403.5059814453125 959.6881713867188 1070.411865234375 
0 0.0 369.060546875 596.9492797851562 943.6787719726562 
75
0 329.51611328125 396.0120544433594 959.4412841796875 1070.173828125 
0 0.389251708984375 370.8795166015625 597.6141357421875 947.50732421875 
76
0 327.68548583984375 390.69384765625 959.5029907226562 1070.140625 
0 1.0107421875 371.83184814453125 595.16064453125 950.4722290039062 
77
0 1.2635040283203125 372.0423583984375 598.423095703125 942.3668823242188 
0 327.920166015625 387.53228759765625 959.292724609375 1069.9443359375 
78
0 324.2615051269531 380.3485107421875 958.9140625 1069.989013671875 
0 1.14129638671875 372.0732116699219 506.6427001953125 933.7116088867188 
79
0 1.016845703125 372.1958312988281 511.00701904296875 932.9048461914062 
0 320.31317138671875 378.31182861328125 958.6458740234375 1068.5533447265625 
80
0 314.64422607421875 377.2919006347656 958.8391723632812 1067.856201171875 
0 1.0137176513671875 371.9365234375 521.4781494140625 933.2841796875 
81
0 308.44598388671875 372.0766906738281 958.7584228515625 1068.55029296875 
0 0.97296142578125 371.4360046386719 526.0557861328125 936.1934814453125 
82
0 304.49462890625 373.75469970703125 958.6803588867188 1068.78662109375 
0 1.085662841796875 370.19830322265625 528.29638671875 937.188720703125 
83
0 299.691162109375 370.8166809082031 958.5477905273438 1069.171875 
0 1.0321502685546875 366.4139404296875 529.7921142578125 939.8502197265625 
1 0.4331512451171875 366.3699035644531 404.77874755859375 810.2933349609375 
84
0 278.4930419921875 367.986572265625 958.5990600585938 1067.1114501953125 
0 2.7503662109375 363.7445068359375 579.0531005859375 952.3430786132812 
85
0 243.60537719726562 369.5303955078125 961.1676025390625 1060.678466796875 
0 14.20831298828125 358.7351989746094 592.4324340820312 950.3299560546875 
86
0 205.42575073242188 368.33087158203125 962.81689453125 1049.7325439453125 
0 28.27728271484375 356.14630126953125 603.828125 953.7138671875 
87
0 171.855224609375 367.0755310058594 971.655029296875 1038.044677734375 
0 41.0655517578125 352.3741149902344 635.399658203125 955.0797119140625 
88
0 137.86572265625 362.2305603027344 978.4454956054688 1026.1077880859375 
0 56.738922119140625 348.2289733886719 602.5030517578125 958.5193481445312 
89
0 121.07366943359375 360.476318359375 987.934814453125 1012.073974609375 
0 67.69586181640625 343.5541076660156 623.4681396484375 957.388671875 
90
0 113.2969970703125 354.6755065917969 995.5963745117188 997.5230712890625 
0 83.94424438476562 340.8562927246094 597.5664672851562 952.91064453125 
91
0 113.6156005859375 351.1651306152344 1005.3353271484375 995.10693359375 
0 102.22770690917969 336.6471252441406 603.1075439453125 951.73291015625 
92
0 122.9775390625 348.631591796875 1014.1547241210938 999.0595703125 
0 118.13093566894531 331.71533203125 600.259521484375 952.0717163085938 
93
0 149.3524169921875 346.6324462890625 1024.591064453125 996.2559814453125 
0 132.19757080078125 327.0955810546875 598.1118774414062 952.3250122070312 
94
0 196.23190307617188 341.98089599609375 1038.5718994140625 996.6856689453125 
0 165.2777862548828 321.43804931640625 599.7406005859375 951.830078125 
95
0 263.557373046875 337.3526611328125 1053.3292236328125 996.904541015625 
0 186.15478515625 315.928466796875 598.2567138671875 954.2852783203125 
96
0 330.4544677734375 335.9187927246094 1069.6888427734375 997.018798828125 
0 228.4843292236328 310.34869384765625 597.5390625 951.7506103515625 
3 182.76547241210938 338.41552734375 294.5772399902344 617.0714111328125 
97
0 388.80865478515625 334.26788330078125 1080.86865234375 996.7835693359375 
3 197.9656219482422 334.1828308105469 317.5290832519531 615.2089233398438 
0 257.61322021484375 300.69183349609375 595.8189697265625 953.156982421875 
98
0 427.05084228515625 331.2945556640625 1092.72802734375 996.8956298828125 
0 284.6197509765625 295.0918273925781 598.151123046875 953.6219482421875 
1 213.12677001953125 330.77947998046875 438.0724182128906 783.145263671875 
99
0 459.6396179199219 331.0937805175781 1094.033935546875 996.3740234375 
3 228.89492797851562 325.7421569824219 356.1751403808594 608.8734130859375 
1 228.78585815429688 325.3956298828125 438.844970703125 780.7888793945312 
0 307.42620849609375 287.0591735839844 616.4498901367188 953.97802734375 
1 305.57904052734375 286.12884521484375 531.7188720703125 704.3851928710938 
100
0 477.7411193847656 325.3048095703125 1098.41064453125 997.5345458984375 
1 241.84190368652344 321.86767578125 452.91162109375 775.9808959960938 
0 477.85009765625 328.3644714355469 1097.6175537109375 996.3924560546875 
1 327.1014709472656 276.004638671875 558.375244140625 776.7679443359375 
101
0 511.0467224121094 323.2775573730469 1098.43505859375 997.8602294921875 
1 249.8640899658203 315.2378234863281 476.7682189941406 772.09033203125 
0 349.59649658203125 265.7916259765625 648.3050537109375 947.5887451171875 
102
0 530.4703369140625 320.0185241699219 1097.243408203125 996.129150390625 
1 259.4312438964844 310.7540588378906 495.8866882324219 764.380859375 
0 369.89495849609375 260.323486328125 680.4775390625 942.3201904296875 
103
0 555.7938842773438 310.62689208984375 1095.6907958984375 996.6630859375 
0 385.65386962890625 252.8792724609375 710.5371704101562 928.9951782226562 
1 269.0413513183594 306.35345458984375 514.3804931640625 751.988037109375 
104
0 582.6629028320312 304.0684509277344 1096.381591796875 996.27587890625 
1 278.81231689453125 301.0899353027344 531.4404296875 730.1728515625 
0 402.8101501464844 245.12997436523438 749.3194580078125 916.192626953125 
105
0 603.5407104492188 296.7572326660156 1097.6697998046875 999.7259521484375 
0 424.4830322265625 240.63949584960938 763.255859375 899.908935546875 
1 287.4144287109375 297.3974609375 620.8629150390625 753.6845092773438 
106
0 624.2572631835938 290.1661682128906 1102.6805419921875 1005.570556640625 
0 440.1598205566406 235.17446899414062 777.8985595703125 882.6941528320312 
1 295.4177551269531 293.0653076171875 643.0150146484375 748.8330078125 
107
0 642.0255126953125 283.908203125 1118.7188720703125 1007.9610595703125 
1 456.9043884277344 227.8189697265625 796.388671875 867.1800537109375 
1 306.447021484375 292.2126159667969 646.7908935546875 745.9660034179688 
108
0 656.0728759765625 280.3826904296875 1125.3187255859375 1008.832275390625 
1 318.986328125 288.92529296875 664.0745239257812 743.139404296875 
1 475.0801086425781 226.0374755859375 821.8978271484375 853.9468994140625 
109
0 669.8734741210938 275.1553649902344 1135.2547607421875 1007.2379150390625 
1 489.0635681152344 224.39312744140625 841.856201171875 843.431396484375 
1 330.33050537109375 283.7320861816406 687.070556640625 738.3538818359375 
110
0 680.7734985351562 270.9432373046875 1137.008544921875 1007.053466796875 
1 342.39202880859375 279.2298583984375 689.9209594726562 729.2562255859375 
1 506.4390869140625 221.37896728515625 859.587646484375 828.08203125 
111
0 696.2769775390625 268.4330139160156 1164.625732421875 1003.570068359375 
1 355.4151611328125 282.0035400390625 694.3472900390625 721.5899047851562 
1 524.2727661132812 221.15631103515625 863.1854248046875 811.3732299804688 
112
0 711.7735595703125 266.3932189941406 1213.551025390625 1002.765380859375 
1 369.3221130371094 281.15289306640625 696.4739990234375 719.532470703125 
1 543.6107788085938 218.9320068359375 857.7528076171875 809.7958374023438 
113
0 723.696533203125 265.30377197265625 1253.9373779296875 998.063720703125 
1 383.2891845703125 283.1388244628906 700.845458984375 720.2786254882812 
1 561.2078857421875 220.748779296875 850.9073486328125 808.510009765625 
114
0 741.75390625 263.3602600097656 1299.275634765625 993.6163330078125 
1 396.13763427734375 283.2371520996094 709.8346557617188 720.1668090820312 
1 577.5640258789062 219.64755249023438 856.338134765625 809.1565551757812 
115
0 761.7767333984375 262.0620422363281 1347.5098876953125 991.3553466796875 
1 409.8478088378906 282.870849609375 723.3316040039062 721.1819458007812 
1 595.045166015625 219.65057373046875 867.1390380859375 810.0482788085938 
116
1 422.4402160644531 282.3426208496094 741.0064086914062 721.068603515625 
0 772.2940063476562 263.35711669921875 1384.7001953125 984.78076171875 
1 613.7508544921875 221.60446166992188 875.4150390625 808.0782470703125 
117
0 788.2462768554688 263.3818664550781 1423.61474609375 982.1092529296875 
1 437.7630615234375 280.565673828125 758.4432373046875 720.2977294921875 
1 629.8453369140625 220.217529296875 877.2716064453125 805.9800415039062 
118
0 800.3937377929688 264.94244384765625 1458.415771484375 978.0810546875 
1 452.67108154296875 280.5267028808594 777.0000610351562 719.3821411132812 
1 649.5828857421875 220.3287353515625 881.30224609375 797.7027587890625 
119
0 823.017333984375 264.05670166015625 1483.4715576171875 969.7115478515625 
1 464.9729309082031 276.564453125 796.720458984375 717.9976196289062 
1 669.6187744140625 216.1434326171875 891.0822143554688 792.68505859375 
120
1 479.2836608886719 273.4658203125 813.8900146484375 714.536376953125 
0 836.0579223632812 266.3282165527344 1514.261962890625 962.7015991210938 
1 686.0137939453125 214.44140625 902.7879028320312 787.39306640625 
121
0 855.773193359375 268.2486267089844 1537.5601806640625 956.7620849609375 
1 489.28143310546875 271.1854248046875 839.6707153320312 710.7125244140625 
1 705.2620239257812 212.08322143554688 920.513916015625 783.080810546875 
122
0 875.6118774414062 269.8105773925781 1558.3232421875 954.306396484375 
1 498.44415283203125 270.2522888183594 842.815185546875 708.0217895507812 
1 723.2670288085938 208.80941772460938 938.4970092773438 772.2685546875 
123
0 897.3074951171875 271.7936706542969 1583.0980224609375 953.9459228515625 
1 508.0346984863281 264.70941162109375 837.8753051757812 697.3541870117188 
1 740.6444091796875 204.49200439453125 956.5669555664062 763.413330078125 
124
0 911.5431518554688 273.40301513671875 1604.638671875 953.553955078125 
1 518.3477783203125 263.5673828125 839.1419067382812 695.0598754882812 
1 757.4894409179688 200.9544677734375 972.440673828125 752.4571533203125 
125
0 925.7211303710938 274.0517272949219 1624.040771484375 952.2666625976562 
1 525.1741943359375 259.3970031738281 829.700439453125 694.0946655273438 
1 774.8770751953125 195.59225463867188 993.6126708984375 746.9911499023438 
126
0 941.44873046875 273.5174865722656 1642.539306640625 953.22509765625 
1 536.0145263671875 260.6763000488281 838.0321044921875 694.662841796875 
0 794.9677734375 189.89276123046875 1114.843994140625 886.120849609375 
127
0 953.1415405273438 269.9298095703125 1661.5693359375 953.1896362304688 
1 545.5489501953125 256.1546630859375 836.7996826171875 694.6246337890625 
0 813.2203369140625 187.17333984375 1125.4124755859375 888.009521484375 
128
0 967.8045043945312 269.5882263183594 1678.9232177734375 953.9080810546875 
0 832.3092041015625 184.0899658203125 1137.7783203125 892.264404296875 
1 556.137939453125 252.87225341796875 839.973876953125 694.4112548828125 
129
0 964.90673828125 269.38299560546875 1692.6689453125 953.3211669921875 
1 567.0986328125 252.6190185546875 872.8106689453125 694.1854248046875 
1 854.3992919921875 181.59689331054688 1072.4915771484375 806.9071655273438 
130
0 965.027587890625 268.74774169921875 1704.1075439453125 953.23828125 
1 578.9669799804688 250.4102783203125 902.0242919921875 694.613037109375 
1 875.298095703125 178.504638671875 1085.8758544921875 803.7257690429688 
131
0 972.2567138671875 266.44207763671875 1709.8583984375 952.9478759765625 
1 589.6694946289062 250.51107788085938 931.0618286132812 695.12841796875 
1 895.0394897460938 178.76165771484375 1098.735107421875 803.6813354492188 
132
1 602.285400390625 252.20361328125 961.3602294921875 695.3582153320312 
0 987.3735961914062 267.1468811035156 1713.691162109375 952.66943359375 
1 914.0670166015625 177.01034545898438 1111.6181640625 801.927490234375 
133
0 1003.4152221679688 267.25250244140625 1713.624755859375 954.183349609375 
1 615.919921875 249.03607177734375 976.6514892578125 695.3309326171875 
1 933.7926025390625 176.20388793945312 1131.274169921875 799.3456420898438 
134
0 1016.7305297851562 267.1096496582031 1705.33740234375 963.5113525390625 
1 629.1090698242188 248.53298950195312 997.4747924804688 695.2353515625 
1 954.1784057617188 176.29705810546875 1154.55126953125 797.08544921875 
135
0 1020.9954833984375 265.24066162109375 1692.567138671875 972.6118774414062 
1 643.9015502929688 248.47238159179688 1009.7896118164062 695.04638671875 
1 973.50537109375 176.42868041992188 1175.595947265625 801.3546752929688 
136
0 1014.8773193359375 264.913818359375 1672.53466796875 980.1112670898438 
1 656.8599243164062 248.826171875 1019.8466796875 695.3405151367188 
1 989.8845825195312 176.42147827148438 1198.334228515625 798.0752563476562 
137
1 670.7501220703125 247.05279541015625 1023.261474609375 695.009765625 
0 1023.453369140625 265.16693115234375 1644.4227294921875 986.3619995117188 
1 990.40869140625 177.01400756835938 1221.2681884765625 794.4712524414062 
138
0 1014.026123046875 265.70550537109375 1605.4931640625 992.5394287109375 
1 684.8136596679688 244.33258056640625 1028.5428466796875 692.1690673828125 
1 994.3496704101562 173.60919189453125 1241.906005859375 791.9466552734375 
2 1039.465576171875 173.4481964111328 1242.563720703125 475.425537109375 
139
0 1007.7508544921875 265.9782409667969 1559.916748046875 996.943359375 
1 698.02197265625 240.4268798828125 1026.2965087890625 689.5809326171875 
1 1001.0182495117188 170.202880859375 1264.32763671875 785.8648681640625 
2 1063.3741455078125 170.13621520996094 1264.746826171875 467.9491882324219 
140
0 1003.6041870117188 267.7748718261719 1511.3856201171875 993.309814453125 
1 710.210205078125 238.5103759765625 1015.4217529296875 686.3548583984375 
2 1084.2528076171875 167.08157348632812 1284.41796875 470.4105529785156 
1 1003.2811889648438 168.2232666015625 1285.247314453125 785.7118530273438 
141
1 721.8284912109375 234.87582397460938 1002.9534912109375 682.3423461914062 
0 1016.4696655273438 266.85430908203125 1489.7113037109375 1002.720947265625 
2 1105.3895263671875 162.92611694335938 1306.44140625 471.0443115234375 
142
1 730.876708984375 233.10751342773438 992.3729248046875 679.7070922851562 
0 989.4171142578125 271.5303039550781 1481.5076904296875 1000.776611328125 
3 1152.418212890625 158.7214813232422 1332.4683837890625 290.4212341308594 
143
1 738.7610473632812 229.9962158203125 987.4478149414062 679.2371215820312 
0 980.5911865234375 273.0352783203125 1472.1827392578125 999.4700927734375 
2 1171.90478515625 155.76336669921875 1373.3037109375 481.423095703125 
144
1 748.3174438476562 228.0927734375 985.3342895507812 679.0728149414062 
0 975.2957153320312 276.42034912109375 1465.8819580078125 997.7281494140625 
2 1192.30029296875 152.19952392578125 1387.097412109375 475.5984191894531 
145
1 758.0623168945312 225.78302001953125 982.6905517578125 681.165771484375 
0 970.3348999023438 280.8624572753906 1453.7706298828125 1000.5264892578125 
2 1212.08740234375 149.51324462890625 1403.6881103515625 503.5194091796875 
146
1 765.2619018554688 223.84347534179688 987.6732177734375 681.07080078125 
0 961.3441162109375 280.7203369140625 1444.5377197265625 1003.397705078125 
2 1232.6689453125 146.7987823486328 1419.4918212890625 522.4702758789062 
147
0 958.532958984375 283.6073303222656 1433.70654296875 1002.6031494140625 
1 773.0303955078125 222.86325073242188 1000.4199829101562 690.7037353515625 
2 1242.8282470703125 145.2861785888672 1433.8819580078125 538.7418212890625 
148
0 954.5260620117188 285.9553527832031 1424.5548095703125 1001.92626953125 
1 781.787841796875 221.61502075195312 1007.216552734375 690.349853515625 
1 1253.271728515625 145.26345825195312 1454.7615966796875 670.5366821289062 
149
0 952.3176879882812 290.25640869140625 1412.22314453125 1001.77734375 
1 790.177001953125 221.2174072265625 1015.958740234375 684.2645263671875 
1 1246.529296875 145.57003784179688 1474.881103515625 791.0714721679688 
150
0 947.89501953125 293.0274353027344 1404.6839599609375 1003.8082275390625 
1 800.2596435546875 221.173828125 1024.9058837890625 683.0370483398438 
1 1256.405029296875 149.05828857421875 1494.05810546875 791.4307861328125 
151
0 943.035888671875 295.4994201660156 1393.9652099609375 1002.8956298828125 
1 809.3609619140625 221.26742553710938 1032.613525390625 671.5410766601562 
1 1271.4652099609375 150.81668090820312 1508.9638671875 791.1265869140625 
152
0 941.3849487304688 298.3451232910156 1387.2884521484375 1002.4249267578125 
1 1284.87158203125 155.58285522460938 1552.4586181640625 790.27197265625 
1 821.257568359375 221.42852783203125 1042.633056640625 671.6402587890625 
153
0 942.585205078125 300.7720947265625 1379.57958984375 1003.3585205078125 
1 1300.4935302734375 158.14373779296875 1598.8795166015625 788.30712890625 
1 830.5162353515625 222.29278564453125 1037.833984375 671.889892578125 
154
0 945.4466552734375 302.42193603515625 1376.74609375 1002.6080322265625 
1 1317.318603515625 163.4830322265625 1640.115478515625 783.8237915039062 
1 840.5150756835938 222.63162231445312 1043.7093505859375 671.2298583984375 
155
1 1334.0361328125 168.93826293945312 1667.6195068359375 777.3607177734375 
0 950.8284912109375 305.7380676269531 1379.777587890625 1003.813720703125 
1 853.9761352539062 224.25662231445312 1052.72021484375 671.2152099609375 
156
1 1332.523681640625 175.25616455078125 1674.5443115234375 777.6921997070312 
0 958.5844116210938 306.6275329589844 1378.104248046875 1003.96337890625 
1 866.1278686523438 226.86083984375 1062.85546875 671.315673828125 
157
1 1332.8023681640625 180.10006713867188 1678.723388671875 778.79833984375 
0 965.625244140625 309.18121337890625 1379.25830078125 1003.4605712890625 
1 879.1978759765625 227.13641357421875 1073.0740966796875 671.0081176757812 
158
1 1334.72265625 183.17300415039062 1682.3785400390625 780.3719482421875 
0 979.5189208984375 313.1509704589844 1379.299072265625 1003.9493408203125 
1 892.7954711914062 228.43557739257812 1081.6871337890625 670.8264770507812 
159
0 994.2368774414062 313.68756103515625 1380.755859375 1003.0272216796875 
1 1334.576904296875 185.27972412109375 1684.1845703125 782.2174072265625 
1 906.5841674804688 227.9898681640625 1093.7196044921875 671.2017822265625 
160
0 1012.601806640625 316.8523864746094 1383.07763671875 1002.303466796875 
1 1334.5877685546875 188.48251342773438 1705.5911865234375 781.9389038085938 
1 919.3655395507812 226.34197998046875 1104.9114990234375 669.0250244140625 
161
1 1333.643798828125 189.60214233398438 1727.204345703125 781.97021484375 
0 1027.2701416015625 317.8067626953125 1385.16748046875 1004.1697998046875 
1 926.1043701171875 226.84320068359375 1108.676513671875 667.109375 
162
1 1334.98779296875 190.1336669921875 1750.522216796875 781.983642578125 
0 1026.242431640625 316.5143127441406 1388.0494384765625 1004.6282958984375 
1 931.355224609375 225.99603271484375 1125.4716796875 668.496826171875 
163
1 1349.4654541015625 191.82003784179688 1772.524658203125 782.532958984375 
0 1024.28466796875 315.2819519042969 1390.85205078125 1005.7652587890625 
2 941.5137939453125 225.94415283203125 1129.1759033203125 663.93896484375 
164
1 1376.390869140625 191.35772705078125 1794.3345947265625 782.0224609375 
0 1011.5238647460938 314.0443115234375 1397.0909423828125 1005.034912109375 
2 954.0038452148438 225.7431640625 1112.2177734375 663.9129638671875 
165
1 1403.953369140625 189.860107421875 1818.8094482421875 782.0927124023438 
0 1012.28173828125 314.2347717285156 1403.3406982421875 1003.1279296875 
2 971.7374877929688 223.5087890625 1120.1622314453125 661.2427978515625 
166
1 1442.67138671875 189.8785400390625 1837.44189453125 782.2355346679688 
0 1011.5101928710938 314.1695251464844 1408.9796142578125 1005.5703125 
2 987.4424438476562 222.85797119140625 1129.1636962890625 653.4342651367188 
167
1 1477.6220703125 187.59576416015625 1856.89990234375 782.1005859375 
0 1006.5145874023438 312.8706359863281 1416.774658203125 997.9287109375 
2 999.73583984375 223.78866577148438 1133.9537353515625 648.5498046875 
168
0 1025.1754150390625 311.3992614746094 1421.87255859375 1001.71142578125 
1 1521.4771728515625 187.68768310546875 1876.9190673828125 782.2396850585938 
2 1012.6270141601562 221.33721923828125 1142.8582763671875 643.403564453125 
169
1 1553.9888916015625 187.85382080078125 1897.3109130859375 782.4883422851562 
0 1034.3114013671875 311.51129150390625 1428.931884765625 1004.818359375 
2 1023.4225463867188 219.338134765625 1153.821044921875 632.7785034179688 
170
1 1554.4210205078125 190.2293701171875 1918.411865234375 781.9290771484375 
0 1045.3519287109375 311.27978515625 1435.998291015625 1003.546142578125 
2 1030.024169921875 216.7010498046875 1163.636962890625 638.5798950195312 
171
1 1554.3123779296875 191.59353637695312 1936.80126953125 782.2535400390625 
0 1050.7884521484375 310.52978515625 1443.647216796875 1005.308837890625 
2 1040.40234375 218.20562744140625 1172.62890625 649.3082275390625 
172
1 1554.4671630859375 195.01824951171875 1956.164794921875 782.26220703125 
0 1053.1927490234375 308.9378662109375 1451.7962646484375 1005.6923828125 
1 1053.3612060546875 216.5987548828125 1184.3033447265625 689.1223754882812 
2 1052.7283935546875 218.62942504882812 1182.997802734375 491.50115966796875 
173
1 1554.39892578125 196.873046875 1976.650390625 782.5362548828125 
0 1058.10205078125 307.6650390625 1456.445068359375 1004.8636474609375 
1 1062.7059326171875 218.9449462890625 1200.0240478515625 692.57177734375 
174
1 1554.48974609375 202.63705444335938 1994.75439453125 782.0498046875 
0 1062.327392578125 306.38702392578125 1464.5628662109375 1004.749755859375 
1 1074.58203125 218.861572265625 1215.6260986328125 692.669189453125 
2 1073.9796142578125 218.75946044921875 1214.5592041015625 502.5966796875 
175
1 1554.747314453125 206.71981811523438 2012.80859375 782.1290283203125 
0 1072.1015625 306.5265808105469 1469.272705078125 1005.7520751953125 
1 1087.057861328125 220.09658813476562 1229.086181640625 692.7196655273438 
176
1 1556.1085205078125 211.52838134765625 2030.7132568359375 781.85888671875 
0 1085.254638671875 306.09466552734375 1476.882568359375 1005.90869140625 
1 1096.5211181640625 219.08221435546875 1244.2080078125 692.0272216796875 
177
1 1557.3106689453125 215.92535400390625 2047.6710205078125 781.4090576171875 
0 1089.68798828125 305.6702575683594 1483.4498291015625 1005.393310546875 
1 1097.4415283203125 217.37017822265625 1259.938232421875 693.39599609375 
178
1 1559.649658203125 219.14324951171875 2065.318359375 781.2232666015625 
0 1091.15087890625 304.181396484375 1488.6087646484375 1005.1610107421875 
2 1126.7425537109375 218.5814208984375 1271.90478515625 494.92840576171875 
1 1097.08203125 217.4910125732422 1272.6456298828125 693.2465209960938 
1 1098.6240234375 216.77191162109375 1272.13232421875 693.6842651367188 
179
1 1567.003173828125 219.78826904296875 2084.805908203125 780.9080200195312 
0 1099.125244140625 304.0449523925781 1495.73779296875 1005.0623779296875 
1 1100.3895263671875 215.9244384765625 1285.9061279296875 693.5935668945312 
2 1137.3634033203125 216.42654418945312 1285.277587890625 493.1619873046875 
180
1 1579.5167236328125 219.52783203125 2100.66064453125 781.3973999023438 
0 1103.394775390625 303.6016540527344 1501.7894287109375 1004.946533203125 
1 1100.682861328125 214.2967529296875 1301.1422119140625 693.43994140625 
181
1 1588.597900390625 219.33663940429688 2121.175537109375 782.8441772460938 
0 1106.5908203125 303.14697265625 1508.459228515625 1004.43115234375 
1 1101.124267578125 212.82528686523438 1315.4754638671875 692.262939453125 
2 1164.2198486328125 212.81329345703125 1317.0001220703125 495.1060791015625 
182
1 1607.141845703125 219.3870849609375 2134.87646484375 783.184814453125 
0 1108.9990234375 302.3330078125 1514.235595703125 1003.99169921875 
1 1103.6639404296875 210.17401123046875 1328.91357421875 689.6160888671875 
2 1179.5926513671875 209.14654541015625 1327.4310302734375 495.6673583984375 
183
1 1633.70947265625 218.0732421875 2158.170166015625 783.236572265625 
0 1110.1595458984375 302.0252380371094 1518.1441650390625 1003.454345703125 
2 1193.4371337890625 207.62060546875 1350.1104736328125 491.14697265625 
1 1107.638671875 206.88604736328125 1359.6690673828125 683.813232421875 
184
1 1666.4495849609375 218.4298095703125 2173.384033203125 782.6390380859375 
0 1111.20458984375 300.6322326660156 1521.2822265625 1003.4678955078125 
2 1208.404541015625 206.4031219482422 1365.53857421875 487.90789794921875 
1 1115.09130859375 205.52294921875 1368.457763671875 679.754150390625 
185
1 1696.013916015625 218.85491943359375 2190.628173828125 787.9119262695312 
0 1111.02294921875 299.54205322265625 1525.4599609375 1002.0333251953125 
0 1110.9791259765625 299.9686279296875 1526.007080078125 1002.3714599609375 
2 1216.883056640625 205.4010009765625 1368.9769287109375 488.3988037109375 
186
1 1729.795166015625 219.187744140625 2211.477294921875 796.7166748046875 
0 1111.607666015625 299.4639587402344 1529.1544189453125 1001.0994873046875 
2 1229.12158203125 203.90005493164062 1373.246826171875 493.0325927734375 
187
0 1112.23779296875 295.9425354003906 1531.7052001953125 998.6343994140625 
1 1765.486083984375 221.95565795898438 2225.79541015625 807.009521484375 
188
1 1804.841064453125 223.240966796875 2245.74072265625 821.2662963867188 
0 1111.8563232421875 292.1935729980469 1532.6329345703125 998.774658203125 
2 1246.178466796875 201.89154052734375 1390.76416015625 497.14825439453125 
189
0 1111.6060791015625 290.76123046875 1534.3338623046875 1001.786865234375 
1 1821.0965576171875 222.9913330078125 2265.8798828125 832.5308227539062 
2 1253.7227783203125 201.1907958984375 1398.6544189453125 497.14697265625 
190
1 1822.9208984375 234.14752197265625 2285.19189453125 842.2460327148438 
0 1111.9071044921875 291.0006103515625 1535.48388671875 1002.560546875 
3 1268.490234375 198.74871826171875 1406.87158203125 367.1567687988281 
2 1263.386962890625 200.35690307617188 1407.032958984375 497.2978515625 
191
1 1822.8453369140625 239.23052978515625 2302.098876953125 851.9132080078125 
0 1111.1751708984375 292.0516662597656 1535.5997314453125 1002.666259765625 
3 1278.385498046875 197.94509887695312 1414.965087890625 360.89801025390625 
192
1 1822.2401123046875 245.415771484375 2319.7294921875 855.8025512695312 
0 1111.20263671875 292.0542297363281 1535.73291015625 1003.606201171875 
3 1288.1688232421875 198.16761779785156 1422.1732177734375 354.8203125 
193
1 1823.3397216796875 253.8121337890625 2335.86865234375 855.739990234375 
0 1110.88916015625 292.45697021484375 1535.757080078125 1001.98974609375 
3 1296.3330078125 198.6057586669922 1431.21142578125 358.0494384765625 
194
1 1822.6378173828125 261.96337890625 2353.239013671875 855.2741088867188 
0 1110.44873046875 294.5506286621094 1534.8367919921875 1003.6029052734375 
3 1306.6514892578125 199.44171142578125 1441.0225830078125 355.44976806640625 
195
1 1824.169921875 270.6285400390625 2369.7646484375 852.0582275390625 
0 1106.2833251953125 294.90106201171875 1534.0567626953125 1003.09765625 
3 1317.50390625 200.59608459472656 1451.6497802734375 348.42730712890625 
196
1 1827.30712890625 278.9462890625 2388.65869140625 855.5087890625 
0 1098.882080078125 294.72723388671875 1533.0751953125 1003.37353515625 
197
0 1084.493408203125 297.4431457519531 1531.83544921875 1004.01171875 
1 1830.8358154296875 287.1129150390625 2403.345703125 857.69189453125 
3 1283.797119140625 200.72772216796875 1569.4544677734375 384.1298828125 
3 1370.4888916015625 205.69459533691406 1465.58984375 301.91766357421875 
198
0 1065.299560546875 299.2161865234375 1532.3621826171875 1007.1044921875 
1 1835.5872802734375 296.4664001464844 2421.77099609375 862.409912109375 
3 1285.6099853515625 199.73956298828125 1570.402587890625 386.580810546875 
3 1367.382080078125 206.71047973632812 1471.628662109375 306.6117248535156 
199
1 1843.1190185546875 300.48333740234375 2441.935302734375 864.4092407226562 
0 1047.0322265625 302.0771484375 1531.6387939453125 1007.48291015625 
3 1283.67236328125 200.31398010253906 1570.184326171875 386.3018798828125 
200
1 1858.391845703125 305.7989501953125 2459.905517578125 865.7561645507812 
0 1013.1600341796875 300.6759033203125 1531.952880859375 1003.6904296875 
201
1 1873.560791015625 311.44244384765625 2479.3154296875 865.5587158203125 
0 978.7623901367188 302.1310119628906 1527.3330078125 1002.697265625 
202
1 1895.5982666015625 316.12451171875 2498.269287109375 865.6831665039062 
0 947.0208740234375 305.07318115234375 1528.005126953125 1003.36572265625 
1 1395.468505859375 208.02801513671875 1571.41162109375 686.233154296875 
203
1 1923.0257568359375 320.06884765625 2516.010009765625 865.5347900390625 
0 915.0867309570312 306.76165771484375 1525.821533203125 1003.329345703125 
1 1405.72802734375 211.34259033203125 1578.570068359375 686.2092895507812 
204
1 1950.0113525390625 323.93463134765625 2532.722900390625 865.4807739257812 
0 885.15673828125 308.6134338378906 1522.903076171875 1003.3447265625 
1 1417.0009765625 212.67425537109375 1582.037353515625 686.5031127929688 
205
0 856.2396850585938 309.49774169921875 1516.0845947265625 1003.47216796875 
1 1978.5400390625 328.39697265625 2549.9794921875 865.6593627929688 
1 1420.3154296875 212.46014404296875 1543.41796875 686.7776489257812 
206
1 2009.192626953125 328.0818176269531 2559.010986328125 865.3270263671875 
0 831.8698120117188 309.22357177734375 1513.414794921875 1003.4512939453125 
1 1420.7120361328125 209.23004150390625 1576.0167236328125 686.0538330078125 
1 1365.052734375 205.93728637695312 1583.078369140625 685.4343872070312 
207
1 2037.970703125 330.55377197265625 2559.01318359375 864.382568359375 
0 809.8856201171875 310.193115234375 1507.5316162109375 1003.903564453125 
1 1418.4727783203125 212.33047485351562 1599.1802978515625 686.8753051757812 
208
1 2068.793212890625 334.0638732910156 2558.97900390625 864.5303344726562 
0 795.11572265625 309.8406066894531 1498.6806640625 1004.2813720703125 
1 1406.19775390625 212.43170166015625 1604.061279296875 687.054443359375 
209
1 2074.391357421875 337.87127685546875 2559.322998046875 864.3352661132812 
0 782.7903442382812 309.4933166503906 1491.756103515625 1003.923095703125 
1 1378.48486328125 211.24655151367188 1607.931640625 687.101806640625 
210
1 2073.890869140625 341.1560974121094 2559.139404296875 864.1738891601562 
0 768.912353515625 310.7309265136719 1482.458984375 1003.8511962890625 
1 1414.7191162109375 210.82928466796875 1608.3209228515625 686.477294921875 
211
1 2074.466796875 349.77471923828125 2558.56201171875 863.7210083007812 
0 759.8065185546875 311.986083984375 1467.97998046875 1003.840576171875 
1 1413.82470703125 210.10382080078125 1593.2841796875 686.8123168945312 
212
0 751.810546875 312.3268127441406 1458.5673828125 1003.5679931640625 
1 2074.066650390625 357.1204833984375 2558.544677734375 863.0032958984375 
1 1409.3079833984375 209.6868896484375 1607.88623046875 686.4698486328125 
213
1 2074.3017578125 365.36669921875 2559.04345703125 863.6636962890625 
0 740.1241455078125 314.4290466308594 1449.3155517578125 1004.1397705078125 
1 1404.8055419921875 210.205322265625 1607.900390625 686.2720336914062 
214
1 2074.29541015625 376.8439025878906 2558.945556640625 863.904296875 
0 732.1287841796875 314.9544677734375 1437.04736328125 1003.751953125 
1 1400.4388427734375 207.5687255859375 1608.1678466796875 686.1420288085938 
215
0 724.8741455078125 317.1595153808594 1427.317626953125 1004.3466796875 
1 2074.54736328125 402.3896179199219 2558.953125 867.3948974609375 
1 1397.847900390625 205.91793823242188 1616.3160400390625 686.6087036132812 
216
0 718.4644165039062 318.07391357421875 1417.9443359375 1004.154541015625 
0 2074.599853515625 435.481201171875 2558.9765625 874.8526611328125 
1 1390.9971923828125 206.44180297851562 1626.1781005859375 686.5792846679688 
217
0 715.023193359375 318.86572265625 1406.2158203125 1003.4228515625 
0 2076.426025390625 441.4506530761719 2558.6064453125 877.1271362304688 
1 1386.4468994140625 205.456298828125 1632.51611328125 686.5113525390625 
218
0 710.787841796875 319.47821044921875 1393.0794677734375 1002.0872802734375 
0 2080.329833984375 446.1306457519531 2558.53271484375 882.2627563476562 
1 1377.9136962890625 202.064697265625 1637.1708984375 686.5745849609375 
219
0 706.7958984375 319.62188720703125 1383.5479736328125 1000.97412109375 
1 1377.920654296875 200.53036499023438 1643.93408203125 686.5282592773438 
0 2093.22802734375 451.17913818359375 2558.49755859375 886.3970947265625 
220
0 701.4526977539062 320.00714111328125 1379.73876953125 1001.9388427734375 
1 1379.857666015625 200.5985107421875 1649.0208740234375 686.4169921875 
0 2102.80859375 455.7679443359375 2558.6787109375 886.4130859375 
221
0 697.3017578125 319.7025146484375 1378.81787109375 1002.0078125 
1 1381.800048828125 200.54244995117188 1647.7381591796875 687.6478881835938 
0 2113.732421875 457.55810546875 2558.744140625 885.6517944335938 
222
0 691.3363037109375 319.89727783203125 1376.51416015625 999.73388671875 
1 1384.1661376953125 200.21820068359375 1647.205810546875 691.1349487304688 
0 2130.29345703125 463.35400390625 2558.63720703125 885.5125732421875 
223
0 680.6876220703125 321.3477783203125 1376.3746337890625 999.2655029296875 
1 1388.756591796875 200.2960205078125 1646.881103515625 697.64501953125 
0 2153.54931640625 470.91571044921875 2558.6630859375 884.0642700195312 
224
0 678.2347412109375 321.538818359375 1373.884033203125 999.26611328125 
1 1391.998291015625 199.92144775390625 1646.50048828125 700.3189697265625 
0 2174.948974609375 480.175537109375 2558.465087890625 884.373046875 
225
0 673.868896484375 322.3403015136719 1371.9296875 998.4345703125 
1 1395.595458984375 200.06005859375 1646.8790283203125 700.0805053710938 
0 2201.060791015625 492.645751953125 2558.892333984375 884.3991088867188 
226
0 672.074951171875 322.7455749511719 1374.65478515625 1002.4720458984375 
1 1399.465087890625 199.65713500976562 1643.98388671875 700.6357421875 
3 2230.060546875 508.36572265625 2558.83203125 891.2791137695312 
227
0 669.52099609375 323.0814208984375 1375.39697265625 998.0709228515625 
1 1402.485107421875 199.12542724609375 1641.7452392578125 701.2720947265625 
3 2254.916015625 532.5618896484375 2558.88525390625 901.0498046875 
228
0 662.7392578125 323.2082824707031 1375.4056396484375 1000.548583984375 
1 1402.9801025390625 197.27188110351562 1640.691650390625 698.6746826171875 
3 2279.0341796875 552.8675537109375 2558.880859375 916.1387329101562 
229
0 660.4575805664062 323.05364990234375 1374.776123046875 998.905517578125 
1 1391.8228759765625 196.84716796875 1639.1514892578125 692.0083618164062 
3 2289.736083984375 561.0995483398438 2558.943603515625 934.110107421875 
230
0 656.8925170898438 323.28204345703125 1374.2197265625 1002.383544921875 
1 1386.2215576171875 195.4287109375 1636.488525390625 686.0428466796875 
3 2291.513671875 576.449462890625 2558.853759765625 947.135498046875 
231
0 651.2656860351562 323.2917785644531 1375.14453125 1003.02734375 
1 1381.8128662109375 195.34439086914062 1637.103759765625 678.931884765625 
3 2291.630615234375 591.0234375 2558.873291015625 958.1549072265625 
232
0 648.5064697265625 323.4866638183594 1375.0025634765625 1000.7275390625 
1 1376.229736328125 194.98135375976562 1636.5595703125 671.319580078125 
3 2292.25390625 606.095947265625 2558.9482421875 966.994384765625 
233
0 648.648193359375 323.43133544921875 1375.521240234375 1004.384033203125 
2 1371.737548828125 192.68182373046875 1634.5177001953125 663.521728515625 
3 2292.99951171875 620.297119140625 2558.927001953125 972.7904052734375 
234
0 649.8895263671875 323.4542236328125 1376.8671875 1009.2598876953125 
2 1367.87548828125 192.343017578125 1633.350341796875 656.6998901367188 
3 2293.439453125 629.5057983398438 2558.91943359375 972.82177734375 
235
0 654.1734619140625 323.35089111328125 1376.4111328125 1014.39892578125 
2 1367.5924072265625 191.08628845214844 1633.086669921875 647.569580078125 
3 2293.365478515625 640.4378051757812 2558.91552734375 966.5255126953125 
236
0 663.9874877929688 322.834228515625 1375.943359375 1003.5693359375 
2 1366.5245361328125 189.63821411132812 1633.005126953125 644.4345703125 
3 2293.5859375 655.072998046875 2558.899658203125 964.1064453125 
237
0 670.2973022460938 322.54937744140625 1375.777099609375 1017.4349365234375 
3 2294.333251953125 666.7000732421875 2558.90283203125 963.7470092773438 
2 1363.690185546875 189.5247802734375 1631.591552734375 643.9524536132812 
2 1363.634521484375 188.95703125 1631.8262939453125 644.0443115234375 
238
0 694.960205078125 322.5968017578125 1375.647705078125 1012.145751953125 
2 1364.4580078125 188.36166381835938 1628.2744140625 643.51025390625 
3 2296.080078125 689.1691284179688 2559.039794921875 968.5047607421875 
239
0 723.587890625 323.3466796875 1375.576171875 1009.640380859375 
2 1363.822021484375 187.43475341796875 1623.9989013671875 643.473876953125 
3 2302.13720703125 706.52294921875 2559.04296875 971.3043212890625 
240
0 760.978515625 324.5176696777344 1375.2083740234375 1013.8953857421875 
2 1363.80517578125 186.18112182617188 1619.8931884765625 643.6055908203125 
3 2306.194580078125 725.2320556640625 2559.09619140625 974.714111328125 
241
0 809.0406494140625 325.4217224121094 1375.08251953125 1003.443115234375 
2 1363.6107177734375 185.83029174804688 1615.593017578125 643.5973510742188 
3 2321.2744140625 741.90576171875 2559.095703125 974.6470336914062 
242
0 864.2366943359375 324.6346435546875 1375.7763671875 1008.9544677734375 
2 1363.9068603515625 185.3826904296875 1613.7138671875 643.7820434570312 
3 2337.25732421875 762.43359375 2559.098388671875 975.021484375 
243
2 1363.6729736328125 183.57470703125 1610.60888671875 643.7425537109375 
0 926.647705078125 326.7582702636719 1375.4150390625 1009.9136962890625 
244
0 920.8076782226562 325.9332580566406 1375.2545166015625 1007.3990478515625 
2 1363.990966796875 183.4385986328125 1609.8856201171875 643.8404541015625 
3 2370.51611328125 786.042236328125 2558.995361328125 974.8876953125 
245
0 917.3465576171875 325.8934326171875 1377.0078125 1003.078369140625 
2 1363.896484375 182.595947265625 1609.3267822265625 643.7542114257812 
246
0 916.7064208984375 325.1634521484375 1380.05224609375 1002.11083984375 
2 1363.85693359375 183.39080810546875 1603.3826904296875 643.7711791992188 
3 2421.184326171875 805.1785888671875 2559.10107421875 975.57177734375 
247
0 918.0045166015625 324.2498779296875 1381.3785400390625 996.586669921875 
2 1363.5604248046875 183.05911254882812 1603.2022705078125 643.8553466796875 
3 2446.74365234375 811.278564453125 2559.1650390625 974.6513061523438 
248
0 926.5440063476562 321.0238037109375 1387.943359375 997.73974609375 
2 1363.352294921875 183.39947509765625 1598.74853515625 643.55126953125 
3 2469.768798828125 829.93798828125 2558.868408203125 974.96728515625 
249
0 936.0108032226562 316.949951171875 1395.222412109375 996.1995849609375 
2 1367.279541015625 183.766845703125 1599.337158203125 644.0634765625 
3 2476.2109375 839.8937377929688 2559.021484375 975.8525390625 
250
0 952.7487182617188 309.7373352050781 1422.1661376953125 995.9091796875 
2 1374.027587890625 184.23605346679688 1598.4140625 643.2556762695312 
3 2477.301513671875 849.9752197265625 2559.113525390625 975.73876953125 
251
0 973.633544921875 304.7451171875 1457.3262939453125 995.2578125 
2 1373.521484375 184.55996704101562 1598.286376953125 643.1934814453125 
3 2475.73779296875 871.096435546875 2558.950439453125 975.1065673828125 
252
0 996.8327026367188 299.6666259765625 1488.974609375 995.281982421875 
2 1372.6171875 183.61810302734375 1600.507080078125 637.4273681640625 
3 2474.468017578125 881.9016723632812 2559.14208984375 975.384521484375 
253
0 1013.6917724609375 294.2060546875 1514.6812744140625 994.766845703125 
2 1371.07421875 183.26113891601562 1602.5599365234375 627.4636840820312 
3 2474.54541015625 885.7611694335938 2559.021728515625 975.5020141601562 
254
0 1030.396484375 290.9729919433594 1533.356689453125 997.3759765625 
2 1373.402099609375 182.177978515625 1602.5711669921875 610.705322265625 
3 2474.38525390625 885.6731567382812 2559.026611328125 975.3738403320312 
255
0 1049.963134765625 289.6119384765625 1547.165283203125 995.509521484375 
2 1376.985595703125 182.06109619140625 1598.369873046875 596.8407592773438 
3 2474.416259765625 888.3164672851562 2558.978271484375 975.5974731445312 
256
0 1072.8232421875 288.7252502441406 1558.6824951171875 994.4757080078125 
2 1376.3214111328125 182.12344360351562 1597.5169677734375 583.5784301757812 
3 2474.697998046875 888.7088012695312 2558.949951171875 975.7613525390625 
257
0 1096.4512939453125 286.9777526855469 1569.704345703125 992.5916748046875 
2 1375.9453125 181.30075073242188 1595.33251953125 563.7958984375 
3 2476.79150390625 892.9855346679688 2558.903564453125 975.6148071289062 
258
0 1109.1336669921875 284.92950439453125 1581.19580078125 993.3980712890625 
2 1375.4241943359375 180.68450927734375 1596.56005859375 533.5565185546875 
3 2478.031982421875 896.9361572265625 2558.987060546875 975.727783203125 
259
0 1110.9393310546875 285.8128662109375 1591.83984375 995.301513671875 
2 1387.5450439453125 181.18226623535156 1594.778564453125 501.25103759765625 
260
0 1110.03564453125 286.192138671875 1608.09912109375 996.874267578125 
2 1390.210205078125 181.26092529296875 1594.5303955078125 486.80206298828125 
261
0 1106.96875 288.859375 1619.564697265625 992.718017578125 
2 1387.1651611328125 181.38998413085938 1593.687744140625 481.54949951171875 
262
0 1103.3916015625 287.4599609375 1633.480712890625 994.7327880859375 
3 1378.6697998046875 181.77513122558594 1592.9482421875 391.9845886230469 
2 1379.95556640625 181.64031982421875 1593.8984375 481.49542236328125 
263
0 1102.4405517578125 287.14715576171875 1647.67138671875 986.651123046875 
3 1359.518798828125 181.52255249023438 1600.1131591796875 368.582275390625 
264
0 1153.694580078125 286.215087890625 1663.0369873046875 978.7470703125 
2 1364.6326904296875 181.42222595214844 1575.91650390625 458.13555908203125 
265
0 1185.3438720703125 284.84893798828125 1679.98974609375 972.3311767578125 
3 1365.143310546875 180.6487579345703 1569.685302734375 454.33843994140625 
266
0 1203.8382568359375 283.9468994140625 1696.8338623046875 960.66015625 
3 1365.02880859375 180.47572326660156 1562.6348876953125 449.47344970703125 
267
0 1226.9989013671875 283.7132873535156 1712.8172607421875 949.8572387695312 
3 1365.2301025390625 180.494140625 1567.242431640625 441.8160705566406 
268
0 1240.49365234375 284.38232421875 1728.9154052734375 943.68017578125 
3 1369.7080078125 180.8993682861328 1566.933349609375 448.837646484375 
269
0 1315.1668701171875 284.80682373046875 1746.5240478515625 944.966796875 
1 1259.1287841796875 181.19268798828125 1571.496826171875 730.5266723632812 
270
0 1279.4052734375 285.97393798828125 1767.102783203125 949.5589599609375 
2 1371.1744384765625 180.46206665039062 1579.123779296875 485.654052734375 
271
2 1369.551025390625 180.7664031982422 1583.002685546875 510.8529052734375 
0 1258.927734375 286.1345520019531 1787.30517578125 944.8756713867188 
272
0 1255.139404296875 285.7806396484375 1807.0369873046875 946.062255859375 
2 1367.7705078125 180.7504425048828 1594.18896484375 521.1612548828125 
273
0 1343.5704345703125 288.07427978515625 1823.8201904296875 944.260986328125 
2 1370.764404296875 180.85984802246094 1599.2181396484375 537.41064453125 
274
0 1348.7481689453125 289.89111328125 1841.1241455078125 944.7733154296875 
2 1371.331298828125 180.97232055664062 1602.4058837890625 579.2681884765625 
275
0 1349.935791015625 290.4420166015625 1856.4959716796875 946.827880859375 
2 1368.7384033203125 181.71902465820312 1603.140625 614.3536376953125 
276
0 1347.21142578125 290.2135009765625 1872.2081298828125 948.2109375 
2 1368.0316162109375 180.8822021484375 1605.2298583984375 617.8953857421875 
277
0 1349.6859130859375 291.79412841796875 1887.014404296875 948.2357177734375 
2 1365.270263671875 180.44830322265625 1607.23291015625 616.0985107421875 
278
0 1349.31005859375 290.53106689453125 1902.1993408203125 945.6328735351562 
2 1365.9256591796875 179.25686645507812 1606.229736328125 622.4630126953125 
279
0 1353.668701171875 289.88262939453125 1913.8662109375 941.77001953125 
2 1364.175048828125 176.7686767578125 1606.646240234375 629.218994140625 
280
0 1357.0313720703125 286.7131652832031 1928.27734375 938.2958984375 
2 1363.9080810546875 176.37225341796875 1606.348876953125 630.5267333984375 
281
0 1368.91064453125 281.4351501464844 1941.382568359375 929.9205322265625 
2 1364.243896484375 176.99835205078125 1604.0919189453125 630.7381591796875 
282
0 1386.68603515625 277.31903076171875 1953.35400390625 923.348876953125 
2 1364.035888671875 179.5372314453125 1605.19287109375 641.230712890625 
283
0 1418.47021484375 272.9763488769531 1966.179443359375 915.1476440429688 
2 1364.268310546875 179.111083984375 1609.640869140625 644.8922729492188 
284
0 1448.7449951171875 267.4327697753906 1980.134521484375 910.2235107421875 
2 1364.6563720703125 181.46871948242188 1614.712646484375 643.427978515625 
285
0 1482.27099609375 262.6554260253906 1995.890869140625 901.0828247070312 
2 1364.39404296875 183.2734375 1617.344970703125 643.863525390625 
286
0 1518.535888671875 256.36785888671875 2010.900634765625 902.2442626953125 
2 1364.59326171875 184.37692260742188 1617.83251953125 643.6806640625 
287
0 1553.252685546875 250.45724487304688 2027.5120849609375 888.5106201171875 
2 1364.709716796875 185.18856811523438 1617.90283203125 643.5549926757812 
288
0 1591.4200439453125 247.21261596679688 2043.52880859375 880.7606811523438 
2 1364.9189453125 185.58575439453125 1617.8712158203125 643.3533935546875 
289
0 1624.216796875 247.6591796875 2057.869873046875 873.474609375 
2 1364.872314453125 185.60690307617188 1617.14306640625 643.3203125 
290
1 1625.37744140625 247.7908935546875 2071.381103515625 863.9254150390625 
2 1364.99658203125 186.4500732421875 1619.1717529296875 643.5051879882812 
291
2 1365.0513916015625 186.7064208984375 1619.7303466796875 643.646728515625 
1 1624.168701171875 249.95352172851562 2085.91162109375 855.332763671875 
292
1 1624.190185546875 250.39126586914062 2101.599365234375 845.2333984375 
2 1365.063232421875 187.05966186523438 1622.1258544921875 643.7609252929688 
293
1 1623.3516845703125 252.74807739257812 2114.395263671875 839.0511474609375 
2 1364.9925537109375 186.696533203125 1618.8187255859375 643.8296508789062 
294
1 1624.4610595703125 259.9652099609375 2128.50146484375 836.6588134765625 
2 1364.980712890625 187.2838134765625 1620.59033203125 643.847412109375 
295
1 1624.228759765625 265.7103271484375 2144.859130859375 835.908935546875 
2 1365.068603515625 187.79632568359375 1623.2462158203125 643.7274780273438 
296
1 1623.5848388671875 269.9306945800781 2160.760498046875 835.1259765625 
2 1364.989990234375 188.174072265625 1624.01318359375 643.6278076171875 
297
1 1627.1697998046875 276.22003173828125 2178.20263671875 832.7073974609375 
2 1365.014892578125 189.017333984375 1623.483642578125 643.4488525390625 
298
2 1364.7509765625 189.2060546875 1620.868896484375 643.6815185546875 
1 1631.5396728515625 280.31463623046875 2196.985595703125 831.2955932617188 
299
2 1364.86767578125 189.00486755371094 1619.473876953125 643.5704345703125 
1 1639.95751953125 282.74908447265625 2215.7109375 831.1516723632812 
1 1640.2806396484375 283.49603271484375 2216.3046875 831.30029296875 
300
1 1655.361572265625 286.39208984375 2237.095947265625 831.73291015625 
2 1364.6334228515625 188.7790069580078 1616.738525390625 643.4359130859375 
301
2 1364.526611328125 188.61248779296875 1616.1363525390625 643.42431640625 
1 1675.4853515625 286.224853515625 2255.78173828125 831.9644775390625 
1 1674.384765625 287.1805419921875 2254.41650390625 832.0753173828125 
302
1 1701.034423828125 288.79547119140625 2271.991455078125 832.276611328125 
2 1364.63427734375 189.26480102539062 1614.580810546875 643.522216796875 
303
1 1728.0927734375 288.25030517578125 2287.953369140625 832.5866088867188 
2 1364.3692626953125 189.38311767578125 1612.73779296875 643.8876342773438 
304
1 1754.9832763671875 288.0647888183594 2306.7216796875 832.4722290039062 
2 1364.13427734375 189.16189575195312 1612.3272705078125 643.9650268554688 
305
1 1784.3043212890625 286.6792907714844 2320.654541015625 832.3258056640625 
2 1363.741455078125 189.41275024414062 1612.287109375 643.8168334960938 
306
1 1812.9266357421875 285.1490478515625 2335.469482421875 832.388427734375 
2 1363.762939453125 189.16485595703125 1611.7657470703125 643.7918701171875 
307
1 1839.1505126953125 282.69476318359375 2350.23193359375 831.686279296875 
2 1363.757568359375 189.40475463867188 1611.2744140625 643.9190673828125 
308
1 1868.5166015625 283.1644592285156 2362.70751953125 831.2025146484375 
2 1363.802001953125 189.66937255859375 1613.1959228515625 644.0263061523438 
309
1 1873.9110107421875 284.771484375 2374.39208984375 831.6444702148438 
2 1364.074462890625 189.36846923828125 1612.43603515625 644.0576171875 
310
1 1873.460693359375 285.44140625 2384.69140625 831.1841430664062 
2 1364.1014404296875 188.33770751953125 1611.6883544921875 644.0213623046875 
311
1 1873.8948974609375 289.490966796875 2394.618408203125 831.9251708984375 
2 1363.299072265625 188.86636352539062 1610.740966796875 644.03125 
312
1 1874.2894287109375 289.98907470703125 2404.269287109375 832.0569458007812 
2 1363.4210205078125 187.98858642578125 1608.9261474609375 643.9989013671875 
313
1 1875.152099609375 294.60870361328125 2413.67724609375 831.447509765625 
2 1363.268798828125 187.4974365234375 1607.00732421875 643.7481689453125 
314
1 1875.344970703125 297.29107666015625 2421.090087890625 830.7680053710938 
2 1363.0504150390625 186.53622436523438 1605.8907470703125 643.8704833984375 
315
1 1875.119873046875 300.1912841796875 2425.234619140625 830.9725952148438 
2 1363.06396484375 185.7559814453125 1603.614013671875 643.8079223632812 
316
1 1878.1708984375 301.2447814941406 2431.0361328125 831.1611328125 
2 1363.2349853515625 185.39105224609375 1602.3128662109375 643.7161865234375 
317
1 1884.527587890625 300.753173828125 2435.55859375 831.3583374023438 
2 1363.0968017578125 185.16424560546875 1599.467529296875 643.574951171875 
318
1 1892.9375 300.2288818359375 2438.85986328125 831.0576171875 
2 1362.2161865234375 184.86968994140625 1596.572265625 643.78125 
319
1 1907.846435546875 297.4880065917969 2441.77490234375 831.1883544921875 
2 1360.553466796875 183.85366821289062 1594.855224609375 643.892822265625 
320
1 1930.21728515625 296.8560791015625 2442.119140625 829.9005126953125 
2 1355.2247314453125 183.20263671875 1592.1024169921875 643.9553833007812 
321
1 1961.068603515625 292.6127014160156 2442.11083984375 826.016357421875 
2 1351.61328125 183.082275390625 1590.09814453125 644.2822265625 
322
1 1985.4063720703125 289.82373046875 2445.47412109375 820.509521484375 
2 1346.436279296875 182.9688720703125 1587.659423828125 644.1629638671875 
323
1 2010.875244140625 289.16015625 2450.874755859375 817.6741333007812 
2 1343.771728515625 182.16302490234375 1588.221435546875 644.190185546875 
324
1 2034.830078125 289.3200988769531 2456.020751953125 815.29443359375 
2 1341.1324462890625 181.85699462890625 1586.7850341796875 644.3553466796875 
325
1 2054.309326171875 287.12677001953125 2464.263916015625 815.8482055664062 
2 1338.5146484375 181.27621459960938 1586.599609375 644.3753662109375 
326
1 2074.011474609375 286.8708801269531 2471.7314453125 817.1075439453125 
2 1336.067138671875 180.889892578125 1584.5228271484375 644.80224609375 
327
1 2074.49853515625 286.9271240234375 2479.974853515625 816.5780639648438 
2 1335.1580810546875 180.69830322265625 1582.798095703125 644.6773681640625 
328
1 2071.63427734375 286.69195556640625 2489.189453125 816.9807739257812 
2 1334.3935546875 181.40878295898438 1582.41162109375 644.6824951171875 
329
1 2071.76611328125 289.1890869140625 2497.389892578125 812.2177124023438 
2 1332.7900390625 181.8946533203125 1580.1956787109375 644.7413940429688 
330
2 1331.57080078125 181.90118408203125 1578.8271484375 644.2571411132812 
1 2073.372314453125 287.3038330078125 2509.532470703125 805.4488525390625 
331
2 1331.6468505859375 182.16839599609375 1577.967529296875 643.7167358398438 
1 2071.57421875 290.12298583984375 2515.377197265625 805.4241943359375 
332
2 1331.608642578125 182.00152587890625 1576.708740234375 643.7259521484375 
1 2073.089111328125 293.24945068359375 2522.358642578125 803.6429443359375 
333
2 1331.337890625 182.15667724609375 1576.8382568359375 643.7889404296875 
1 2076.103759765625 295.2313232421875 2528.3779296875 804.9778442382812 
334
2 1331.7166748046875 181.94903564453125 1577.3248291015625 643.6668701171875 
1 2077.087890625 296.7818603515625 2535.44287109375 806.308837890625 
335
2 1332.062255859375 181.67022705078125 1578.5794677734375 643.5902099609375 
1 2082.506591796875 297.18511962890625 2541.699462890625 806.8240966796875 
336
2 1332.46875 181.21694946289062 1579.0916748046875 643.5687255859375 
1 2088.215087890625 298.39471435546875 2548.68798828125 806.9492797851562 
337
1 2099.893310546875 299.78765869140625 2554.780029296875 807.198974609375 
2 1332.20458984375 180.61383056640625 1578.20068359375 643.874755859375 
338
2 1332.52099609375 180.01776123046875 1581.06640625 643.8040771484375 
1 2106.742919921875 300.47210693359375 2558.973388671875 806.934326171875 
339
1 2109.738525390625 301.0135192871094 2559.107421875 806.9696044921875 
2 1333.1767578125 180.20974731445312 1583.1419677734375 643.6868896484375 
340
1 2111.377685546875 301.4873352050781 2559.49462890625 806.9012451171875 
2 1334.1070556640625 180.24398803710938 1586.856201171875 643.6524047851562 
341
1 2112.6904296875 302.1276550292969 2559.476318359375 806.8533935546875 
2 1334.768310546875 180.21969604492188 1591.13427734375 643.6226806640625 
342
1 2113.405517578125 305.6042175292969 2558.553955078125 807.9213256835938 
2 1335.1839599609375 180.23074340820312 1590.6739501953125 643.4591064453125 
343
1 2115.2861328125 310.1614990234375 2555.7607421875 808.677734375 
2 1335.878662109375 180.09634399414062 1592.152587890625 643.3946533203125 
344
1 2117.70947265625 307.53350830078125 2557.849365234375 809.2957763671875 
2 1336.320556640625 179.82858276367188 1593.0709228515625 643.3865966796875 
345
1 2118.69921875 305.9373474121094 2558.230712890625 809.2615966796875 
2 1336.5843505859375 179.7149658203125 1593.1697998046875 643.343017578125 
346
1 2119.1025390625 307.1722412109375 2559.200927734375 809.339111328125 
2 1336.72021484375 180.04034423828125 1593.1126708984375 643.4764404296875 
347
1 2117.923583984375 307.54486083984375 2558.246826171875 808.2492065429688 
2 1336.990966796875 179.91677856445312 1593.3260498046875 643.542724609375 
348
1 2119.4658203125 313.7008361816406 2558.23828125 809.3071899414062 
2 1337.187744140625 180.3143310546875 1593.5933837890625 643.5142211914062 
349
2 1337.4560546875 180.24859619140625 1593.4476318359375 643.5211181640625 
1 2118.873291015625 310.96099853515625 2557.80859375 808.0983276367188 
350
2 1337.6522216796875 179.84368896484375 1593.622802734375 643.4169921875 
1 2116.1416015625 319.1434631347656 2558.0673828125 808.4102783203125 
351
2 1337.969970703125 179.60589599609375 1593.77392578125 643.3920288085938 
1 2111.6640625 319.9783935546875 2558.075927734375 808.727294921875 
352
2 1338.18896484375 179.50479125976562 1593.9820556640625 643.4251708984375 
1 2106.226806640625 316.3521728515625 2558.02001953125 808.705078125 
353
2 1338.33251953125 179.518798828125 1594.1270751953125 643.4241943359375 
1 2102.2158203125 315.3154296875 2557.244873046875 808.7318115234375 
354
2 1338.237548828125 179.7255859375 1594.0513916015625 643.42041015625 
1 2095.813720703125 308.26019287109375 2557.313720703125 808.3443603515625 
355
2 1338.2618408203125 179.64678955078125 1593.9241943359375 643.3873291015625 
1 2090.386962890625 302.1490478515625 2557.198486328125 807.950439453125 
356
2 1338.1324462890625 179.6307373046875 1593.9654541015625 643.32080078125 
1 2089.026123046875 301.1676025390625 2557.46875 807.9805297851562 
357
2 1338.0821533203125 179.71429443359375 1593.8544921875 643.3123168945312 
1 2089.964111328125 300.2927551269531 2557.47900390625 807.642822265625 
358
2 1338.041259765625 179.77142333984375 1593.57666015625 643.225341796875 
1 2091.631591796875 300.0285339355469 2557.280029296875 807.5843505859375 
359
2 1338.076416015625 180.04595947265625 1593.3189697265625 643.2678833007812 
1 2092.494384765625 306.08880615234375 2557.496337890625 807.4010009765625 
360
1 2091.564453125 307.2947998046875 2558.141845703125 807.1773071289062 
2 1338.0513916015625 180.27719116210938 1593.101318359375 643.3370971679688 
361
1 2091.48095703125 305.6083984375 2558.645263671875 805.9298095703125 
2 1337.9666748046875 180.18951416015625 1593.0543212890625 643.314453125 
362
1 2091.20361328125 304.15411376953125 2558.34619140625 804.33154296875 
2 1337.96337890625 180.22430419921875 1592.3282470703125 643.37451171875 
363
2 1337.9788818359375 180.48660278320312 1592.459716796875 643.242919921875 
1 2090.82958984375 303.921142578125 2558.0595703125 792.0970458984375 
364
1 2091.193603515625 304.3742370605469 2557.328857421875 785.1663208007812 
2 1338.011962890625 180.63958740234375 1591.525634765625 643.51123046875 
365
1 2091.312255859375 304.057373046875 2553.623291015625 781.7947998046875 
2 1337.794921875 180.7401123046875 1590.895751953125 643.4493408203125 
366
2 1337.420166015625 180.82415771484375 1589.900390625 643.4261474609375 
1 2090.0107421875 302.6995849609375 2550.0234375 780.2555541992188 
367
2 1336.849609375 181.12347412109375 1590.776123046875 643.357177734375 
1 2090.819580078125 301.5161437988281 2547.966552734375 779.6101684570312 
368
2 1336.21826171875 181.24993896484375 1590.615966796875 643.3443603515625 
1 2090.589599609375 302.1824951171875 2546.563720703125 780.67431640625 
369
2 1335.8941650390625 181.47866821289062 1589.714111328125 643.4608154296875 
1 2090.246826171875 300.18914794921875 2545.539794921875 780.6912231445312 
370
2 1335.943359375 181.59304809570312 1588.7764892578125 643.474609375 
1 2090.5458984375 301.6905517578125 2544.620849609375 780.3016357421875 
371
2 1335.85302734375 181.74542236328125 1587.9388427734375 643.5362548828125 
1 2090.5029296875 302.04095458984375 2543.72314453125 780.461181640625 
372
2 1335.621337890625 181.83798217773438 1587.2720947265625 643.5440673828125 
1 2090.9150390625 301.01123046875 2542.134033203125 780.6834716796875 
373
2 1335.565673828125 181.8299560546875 1587.2027587890625 643.4893798828125 
1 2090.601318359375 298.3293762207031 2542.46923828125 780.3255615234375 
374
1 2090.460693359375 296.1900939941406 2537.117919921875 780.2779541015625 
2 1335.44677734375 182.303466796875 1587.1007080078125 643.5172729492188 
375
2 1335.2330322265625 182.5281982421875 1587.37841796875 643.6152954101562 
1 2082.240966796875 294.73138427734375 2536.5712890625 780.3941650390625 
376
2 1335.0499267578125 182.7703857421875 1587.5433349609375 643.6409912109375 
1 2068.143798828125 292.574951171875 2530.383056640625 780.08642578125 
377
1 2057.47412109375 287.8971252441406 2527.115966796875 780.8056640625 
2 1334.961181640625 182.8466796875 1586.439208984375 643.514404296875 
378
1 2053.1044921875 284.7694091796875 2520.67822265625 781.497314453125 
2 1334.967041015625 182.91720581054688 1586.0657958984375 643.5639038085938 
379
1 2047.1883544921875 280.89923095703125 2514.455322265625 781.81396484375 
2 1334.945068359375 183.07830810546875 1586.0277099609375 643.5071411132812 
380
1 2043.525634765625 277.8390197753906 2507.65771484375 783.3287353515625 
2 1334.847412109375 182.88372802734375 1585.620849609375 643.345458984375 
381
1 2038.8067626953125 274.5693359375 2498.766357421875 783.6788330078125 
2 1334.66748046875 183.04150390625 1585.3016357421875 643.35009765625 
382
1 2034.2681884765625 273.89990234375 2487.131103515625 784.760498046875 
2 1334.597900390625 182.88299560546875 1585.3427734375 643.1724853515625 
383
1 2030.48779296875 271.0313415527344 2477.2255859375 786.2240600585938 
2 1334.413818359375 183.03341674804688 1585.2724609375 643.25048828125 
384
1 2028.1854248046875 268.1455078125 2470.57421875 786.6052856445312 
2 1334.182373046875 182.90322875976562 1585.3111572265625 643.2646484375 
385
1 2025.5128173828125 267.838134765625 2460.3603515625 786.6597290039062 
2 1333.9674072265625 182.73492431640625 1585.2557373046875 643.2200927734375 
386
1 2023.953857421875 266.32403564453125 2454.623291015625 786.594970703125 
2 1333.5609130859375 182.96304321289062 1584.997314453125 643.1827392578125 
387
1 2022.3349609375 265.7194519042969 2445.764404296875 787.2821044921875 
2 1333.0830078125 183.07470703125 1584.88525390625 643.25048828125 
388
1 2021.10107421875 258.3154602050781 2438.859375 790.374755859375 
2 1333.3173828125 183.2205810546875 1584.947265625 643.1353759765625 
389
2 1333.2802734375 183.16055297851562 1584.8680419921875 643.1378173828125 
1 2019.235595703125 258.680908203125 2434.234619140625 791.7698974609375 
390
1 2018.5526123046875 249.78424072265625 2427.50390625 794.7459106445312 
2 1333.2635498046875 183.25201416015625 1584.7723388671875 643.2084350585938 
391
1 2018.3572998046875 249.18365478515625 2422.97509765625 797.4046020507812 
2 1333.6304931640625 183.64892578125 1585.080322265625 643.2301025390625 
392
1 2018.3289794921875 248.8560791015625 2418.781005859375 796.7249145507812 
2 1334.186279296875 184.04971313476562 1585.1712646484375 643.27978515625 
393
1 2018.0499267578125 248.1453857421875 2415.601318359375 791.75048828125 
2 1334.7266845703125 183.7369384765625 1585.3878173828125 643.2689819335938 
394
1 2016.96533203125 248.0443115234375 2414.566162109375 786.0428466796875 
2 1335.001953125 183.94448852539062 1586.01611328125 643.307373046875 
395
1 2017.081787109375 248.04611206054688 2415.22216796875 777.3954467773438 
2 1335.1839599609375 183.8095703125 1586.1312255859375 643.2647705078125 
396
1 2017.14111328125 248.43365478515625 2413.5419921875 768.7213134765625 
2 1335.5499267578125 183.7047119140625 1585.8623046875 643.3106079101562 
397
2 1335.56689453125 184.058837890625 1586.0791015625 643.283935546875 
1 2016.343505859375 246.25372314453125 2402.153564453125 760.0789794921875 
398
2 1335.7318115234375 184.10174560546875 1585.9984130859375 643.27783203125 
1 2016.13916015625 245.99249267578125 2402.925048828125 748.5802001953125 
399
2 1335.805419921875 184.21170043945312 1586.0887451171875 643.3064575195312 
1 2016.726318359375 242.7802734375 2383.7900390625 737.243408203125 
400
2 1335.9840087890625 184.3118896484375 1586.38623046875 643.2437133789062 
1 2016.6446533203125 241.69488525390625 2388.635498046875 727.5817260742188 
401
2 1336.104736328125 184.5428466796875 1586.456298828125 643.2699584960938 
1 2016.7568359375 238.84442138671875 2382.1259765625 722.7095947265625 
402
1 2016.3834228515625 237.72589111328125 2373.18505859375 722.4263916015625 
2 1336.351806640625 184.55877685546875 1586.865234375 643.3299560546875 
403
1 2018.63037109375 234.91064453125 2365.218017578125 722.1045532226562 
2 1336.886962890625 184.50241088867188 1587.508056640625 643.325927734375 
404
1 2009.8153076171875 232.6468505859375 2355.26953125 722.440185546875 
2 1336.936767578125 184.67059326171875 1587.9638671875 643.3404541015625 
405
2 1337.447509765625 184.6878662109375 1589.10205078125 643.17236328125 
1 1993.6397705078125 230.60321044921875 2349.588134765625 722.2599487304688 
406
2 1338.333740234375 184.75949096679688 1589.144775390625 643.1851806640625 
1 1977.7095947265625 227.694091796875 2341.6669921875 722.8333129882812 
407
2 1338.470458984375 184.42391967773438 1589.325927734375 643.1854248046875 
1 1963.017578125 226.096435546875 2327.155517578125 722.5244750976562 
408
1 1952.39990234375 222.59011840820312 2317.9140625 721.7384643554688 
2 1338.9027099609375 184.201416015625 1590.0084228515625 643.3875732421875 
409
1 1939.4197998046875 217.9798583984375 2308.20654296875 722.2714233398438 
2 1339.4931640625 184.08453369140625 1590.8056640625 643.3993530273438 
410
1 1929.333740234375 216.502685546875 2302.1611328125 722.363525390625 
2 1339.782958984375 183.87460327148438 1591.138916015625 643.4816284179688 
411
1 1920.52197265625 214.79345703125 2294.69140625 722.4362182617188 
2 1339.8900146484375 183.67117309570312 1591.0263671875 643.4038696289062 
412
2 1339.86669921875 183.71746826171875 1591.720458984375 643.3364868164062 
1 1911.2347412109375 214.24551391601562 2294.5927734375 722.4365844726562 
413
2 1339.98779296875 184.011474609375 1592.5909423828125 643.3272705078125 
1 1902.5155029296875 213.05322265625 2314.791259765625 721.9883422851562 
414
2 1340.485595703125 184.17095947265625 1592.84521484375 643.3174438476562 
1 1895.4638671875 212.72805786132812 2298.44873046875 720.5286865234375 
415
1 1894.4813232421875 212.1619873046875 2263.322509765625 720.502685546875 
2 1340.840087890625 184.49481201171875 1593.478271484375 643.2452392578125 
416
1 1892.921142578125 211.60671997070312 2257.166748046875 718.6976928710938 
2 1341.488037109375 184.69793701171875 1594.26611328125 643.3182373046875 
417
1 1892.5489501953125 209.12127685546875 2254.54833984375 717.1026611328125 
2 1341.8843994140625 184.61068725585938 1595.0574951171875 643.2679443359375 
418
1 1892.8212890625 205.578125 2247.081787109375 712.586669921875 
2 1342.0762939453125 184.48822021484375 1595.9052734375 643.3726196289062 
419
1 1892.438720703125 203.09963989257812 2240.73046875 709.1993408203125 
2 1342.291259765625 184.59649658203125 1597.2132568359375 643.2296142578125 
