0
1
2
3
4
5
6
7
8
9
10
11
12
13
14
15
16
17
18
19
20
21
22
23
24
25
26
27
28
29
30
31
32
33
34
35
36
37
38
39
40
41
42
43
44
45
46
47
48
49
50
51
52
53
54
55
56
57
58
59
60
61
62
63
64
65
66
67
68
69
70
71
72
73
74
75
76
77
78
79
80
81
82
83
84
85
86
87
88
89
90
91
92
93
94
95
96
97
98
99
100
101
102
103
104
105
106
107
108
109
110
111
112
113
3 726.2477416992188 12.024070739746094 763.1276245117188 59.461944580078125 
114
115
116
117
118
119
120
121
122
123
124
125
126
127
128
129
130
3 2458.859619140625 481.21697998046875 2559.138671875 634.0501708984375 
131
132
3 2395.37255859375 420.6523742675781 2559.156494140625 639.0770263671875 
3 549.4478759765625 47.334136962890625 590.8018798828125 97.6749267578125 
133
3 2368.029541015625 372.73681640625 2559.0810546875 636.443115234375 
134
3 2347.7568359375 363.88250732421875 2559.10595703125 633.7100219726562 
135
3 2330.344482421875 358.35064697265625 2558.99462890625 629.7908325195312 
136
3 2319.453857421875 351.3083190917969 2559.04541015625 629.2984619140625 
137
3 2309.064453125 280.3074951171875 2559.0185546875 632.6106567382812 
138
3 2301.066650390625 272.07763671875 2559.016357421875 631.2432861328125 
139
3 2246.33984375 263.035400390625 2558.62841796875 630.633056640625 
140
3 2247.215087890625 255.1326904296875 2559.007080078125 623.0869750976562 
141
3 2246.67822265625 251.54339599609375 2558.96240234375 620.5791015625 
142
3 2249.762939453125 244.94418334960938 2558.860595703125 616.5526123046875 
143
3 2303.859130859375 238.66299438476562 2558.825439453125 603.8131103515625 
3 2246.379638671875 238.78057861328125 2558.74951171875 604.5599365234375 
144
3 2301.11767578125 234.04928588867188 2554.37255859375 592.3160400390625 
145
3 2249.7099609375 228.84197998046875 2545.9267578125 581.8802490234375 
3 2309.027587890625 228.50823974609375 2545.688232421875 579.90478515625 
146
3 2307.672119140625 224.93411254882812 2538.355712890625 568.2836303710938 
147
3 2305.811767578125 220.685302734375 2532.172607421875 559.7163696289062 
148
3 2302.203857421875 216.67636108398438 2524.92041015625 546.823974609375 
149
3 2269.182861328125 211.86085510253906 2517.73779296875 553.967529296875 
150
3 2245.7275390625 209.30511474609375 2509.0400390625 548.9012451171875 
151
3 2235.215576171875 206.95733642578125 2501.431884765625 539.5755615234375 
152
3 2198.26708984375 206.2538604736328 2492.21923828125 540.1614990234375 
153
3 2180.29736328125 203.30096435546875 2480.644775390625 538.8087158203125 
154
3 2159.44921875 201.09390258789062 2471.480712890625 540.6801147460938 
155
3 2147.45703125 198.445068359375 2460.721923828125 540.49169921875 
156
3 2140.0712890625 198.26861572265625 2449.170654296875 535.46337890625 
157
3 2132.474853515625 194.084228515625 2438.01806640625 537.4859008789062 
3 511.3315734863281 59.65814208984375 548.2897338867188 108.85302734375 
158
3 2126.33544921875 189.46316528320312 2425.5087890625 532.5979614257812 
159
3 2115.62353515625 185.63458251953125 2413.23193359375 527.4891967773438 
160
1 2109.9228515625 182.55267333984375 2405.357666015625 519.5318603515625 
161
3 2116.60009765625 179.56381225585938 2396.4365234375 513.3059692382812 
162
3 2108.591552734375 173.34617614746094 2388.15625 506.495849609375 
163
3 2117.41796875 169.61056518554688 2379.427978515625 501.26190185546875 
164
3 2129.406982421875 165.54690551757812 2372.095947265625 487.5933837890625 
165
3 2121.740966796875 162.88632202148438 2365.190673828125 482.869873046875 
166
3 2132.289794921875 157.95370483398438 2358.02783203125 476.733154296875 
167
3 2118.506103515625 154.64158630371094 2350.61083984375 473.7021179199219 
168
3 2115.3720703125 151.4656982421875 2344.36962890625 483.5919189453125 
3 2115.934326171875 151.9122314453125 2344.2470703125 483.78167724609375 
169
3 2119.543212890625 150.22984313964844 2336.732421875 478.921630859375 
170
3 2103.447998046875 145.3931884765625 2329.054931640625 472.0519104003906 
171
2 2077.01611328125 142.39215087890625 2319.932861328125 474.60546875 
172
2 2078.017333984375 142.1971435546875 2312.564208984375 478.4815673828125 
173
2 2034.974853515625 139.6419219970703 2301.97314453125 476.3155517578125 
174
2 2009.073974609375 137.74668884277344 2291.803955078125 473.190673828125 
175
2 1995.704345703125 137.03253173828125 2278.969970703125 473.2095947265625 
176
2 1984.7298583984375 135.27789306640625 2268.458740234375 474.89691162109375 
177
2 1982.8751220703125 133.78353881835938 2256.064697265625 474.458984375 
178
2 2003.4686279296875 128.61373901367188 2247.35302734375 469.4126281738281 
179
3 2090.1064453125 123.72271728515625 2234.513916015625 466.71826171875 
180
3 2077.5322265625 121.074462890625 2224.0146484375 464.65155029296875 
181
2 1996.6458740234375 118.928955078125 2213.708251953125 462.97064208984375 
182
2 1992.7196044921875 112.36390686035156 2201.67626953125 456.4419860839844 
183
2 1989.7869873046875 108.66764831542969 2188.58544921875 449.79254150390625 
184
2 1987.1690673828125 104.94268798828125 2176.85498046875 441.4892883300781 
185
2 1984.7130126953125 100.96354675292969 2164.51318359375 442.1520080566406 
186
2 1979.348876953125 95.97489929199219 2151.868408203125 436.18023681640625 
187
2 1972.810791015625 90.58987426757812 2137.5400390625 420.4759521484375 
188
2 1962.5281982421875 86.46038818359375 2123.42431640625 414.1437683105469 
189
2 1949.7308349609375 82.99028015136719 2109.9072265625 402.7951965332031 
190
2 1919.5498046875 80.03213500976562 2097.04736328125 403.83294677734375 
191
2 1892.75439453125 78.1353759765625 2083.0244140625 398.236572265625 
192
2 1863.900146484375 76.49575805664062 2071.3203125 395.2023010253906 
193
2 1835.9637451171875 72.9913330078125 2057.764892578125 395.43035888671875 
3 508.0704040527344 0.0 550.40478515625 58.22068786621094 
194
2 1811.660888671875 71.47409057617188 2043.179443359375 396.7618408203125 
3 498.35357666015625 0.0 546.9970703125 59.19154357910156 
195
2 1789.046875 69.61627197265625 2028.7777099609375 392.0406188964844 
3 489.3982849121094 0.15723800659179688 536.6753540039062 61.1170654296875 
196
2 1770.3389892578125 67.91842651367188 2013.272216796875 391.87078857421875 
3 484.8487243652344 0.17342758178710938 527.946044921875 68.25438690185547 
197
2 1759.040283203125 66.8177490234375 1993.98095703125 387.4118347167969 
3 473.70123291015625 0.21435928344726562 519.6276245117188 68.915283203125 
198
2 1754.401611328125 65.4296875 1978.327880859375 387.9849853515625 
3 457.7486572265625 0.61279296875 509.36309814453125 70.4922103881836 
199
2 1743.1043701171875 62.38507080078125 1957.7271728515625 385.4248962402344 
3 444.03778076171875 0.5547752380371094 499.429443359375 69.81462097167969 
200
2 1728.0927734375 61.37406921386719 1939.1654052734375 379.16937255859375 
3 439.6408996582031 9.609115600585938 489.94683837890625 75.63866424560547 
201
2 1715.8997802734375 57.04829406738281 1922.4090576171875 372.33355712890625 
3 0.06529808044433594 107.01129150390625 55.900779724121094 214.48150634765625 
202
2 1703.0343017578125 52.53669738769531 1910.0093994140625 366.05596923828125 
3 415.2220458984375 15.086456298828125 461.0239562988281 84.08551025390625 
3 0.1772756576538086 109.01683044433594 50.08163070678711 213.8152313232422 
203
2 1696.300537109375 50.769561767578125 1896.269775390625 358.2982177734375 
3 0.11230945587158203 117.62875366210938 40.598201751708984 216.22882080078125 
3 404.0088195800781 24.236671447753906 446.4213562011719 91.47183990478516 
204
2 1689.998291015625 48.044830322265625 1878.157470703125 351.73345947265625 
3 0.0 128.7134552001953 32.62059020996094 224.97824096679688 
3 389.8155212402344 19.39923858642578 434.24371337890625 87.9541015625 
205
2 1673.19580078125 45.586395263671875 1857.618896484375 354.5250549316406 
3 383.3132019042969 28.4195556640625 424.74676513671875 95.42567443847656 
3 0.06714153289794922 154.11392211914062 25.16178321838379 225.33282470703125 
206
2 1669.7674560546875 43.91778564453125 1833.4844970703125 353.3314514160156 
3 373.43267822265625 32.70124816894531 413.0914001464844 100.51803588867188 
3 346.60821533203125 112.40501403808594 389.70306396484375 158.5939483642578 
207
2 1662.17041015625 38.23207092285156 1810.673828125 343.7158203125 
3 350.9354248046875 22.850181579589844 400.0663757324219 99.23698425292969 
208
2 1654.679443359375 36.5650634765625 1792.6224365234375 344.1026916503906 
3 333.4805603027344 24.671180725097656 388.5443115234375 100.57876586914062 
209
2 1646.4744873046875 34.576904296875 1773.5574951171875 343.33575439453125 
3 336.34564208984375 40.90519714355469 373.33624267578125 108.37083435058594 
210
2 1632.519775390625 31.787109375 1753.8555908203125 341.2047424316406 
3 324.6224670410156 46.34880065917969 358.9842529296875 115.71514892578125 
3 789.181884765625 0.11914825439453125 811.1337890625 32.51396942138672 
211
2 1611.3485107421875 30.35516357421875 1734.4088134765625 340.0780029296875 
3 303.24310302734375 42.59626007080078 349.6966552734375 119.33184814453125 
3 292.13897705078125 36.34962463378906 349.8146667480469 119.82992553710938 
212
2 1584.185791015625 27.468109130859375 1713.921630859375 340.27008056640625 
3 285.4051818847656 53.182861328125 336.37744140625 178.83407592773438 
213
2 1540.140869140625 26.634033203125 1694.0115966796875 339.34625244140625 
3 281.8724060058594 59.896141052246094 325.29046630859375 127.18453979492188 
3 276.940673828125 131.59439086914062 321.0849304199219 182.2965850830078 
214
2 1504.452880859375 26.1524658203125 1674.820556640625 338.6783752441406 
3 268.3268127441406 63.69024658203125 318.90325927734375 131.6967010498047 
215
2 1470.530029296875 26.880538940429688 1653.627685546875 339.1269226074219 
3 251.04151916503906 64.57122802734375 306.0517578125 138.34713745117188 
216
2 1441.371337890625 25.162872314453125 1637.0966796875 336.13861083984375 
217
2 1422.8682861328125 24.430572509765625 1625.5670166015625 334.3484191894531 
3 223.1698760986328 76.94148254394531 281.2834777832031 196.88009643554688 
218
2 1406.1666259765625 24.754852294921875 1612.232666015625 331.473388671875 
3 212.20181274414062 80.32865905761719 269.4101867675781 201.56954956054688 
219
2 1394.642578125 24.933258056640625 1600.5882568359375 330.46575927734375 
3 196.5604248046875 86.21781158447266 259.6448669433594 205.75119018554688 
220
2 1376.1197509765625 22.297332763671875 1589.00634765625 327.43548583984375 
3 182.63497924804688 87.20169067382812 247.74620056152344 207.67922973632812 
221
2 1369.724609375 24.187408447265625 1575.5867919921875 324.96588134765625 
3 172.99868774414062 98.46012878417969 235.99612426757812 212.60745239257812 
222
2 1355.740966796875 23.398712158203125 1563.4354248046875 325.28546142578125 
3 157.52020263671875 104.05467224121094 228.19155883789062 219.002197265625 
223
2 1343.197021484375 21.2996826171875 1545.0552978515625 326.30657958984375 
3 146.83975219726562 107.86412048339844 215.78079223632812 220.98489379882812 
224
2 1333.139404296875 20.245941162109375 1518.6640625 329.93096923828125 
3 131.09039306640625 109.37460327148438 206.24351501464844 226.79489135742188 
225
2 1329.7276611328125 19.141403198242188 1497.5428466796875 325.34466552734375 
3 119.96234130859375 119.79049682617188 195.67591857910156 230.68954467773438 
226
2 1316.2099609375 18.40631103515625 1477.325439453125 322.9840087890625 
3 108.89531707763672 124.49241638183594 188.08251953125 234.7841796875 
227
2 1299.4564208984375 16.95989990234375 1453.035888671875 319.8885498046875 
3 100.43647003173828 127.78150939941406 183.20176696777344 235.48672485351562 
228
2 1285.019287109375 16.023590087890625 1427.7667236328125 318.97296142578125 
3 85.43494415283203 127.70860290527344 176.50762939453125 238.199462890625 
3 602.7892456054688 40.89424133300781 624.589111328125 72.17945098876953 
229
2 1268.3651123046875 14.486099243164062 1400.370849609375 317.3809814453125 
3 80.54522705078125 133.01426696777344 171.012451171875 240.73355102539062 
3 0.62066650390625 253.60028076171875 189.32774353027344 496.17340087890625 
230
2 1257.12939453125 14.148406982421875 1378.579345703125 308.23419189453125 
3 74.28070068359375 139.12210083007812 167.4922637939453 243.562255859375 
3 0.6319961547851562 260.022216796875 208.6508026123047 518.54443359375 
231
2 1246.4874267578125 14.897125244140625 1360.779052734375 312.087890625 
3 68.33018493652344 140.89767456054688 161.39334106445312 245.5784912109375 
232
2 1232.427978515625 15.18389892578125 1351.8671875 322.44805908203125 
3 55.620574951171875 144.11376953125 155.83331298828125 246.72735595703125 
3 0.66436767578125 277.1014709472656 191.635498046875 507.85797119140625 
233
2 1220.4117431640625 15.771347045898438 1342.9288330078125 321.3091125488281 
3 50.73516082763672 147.02877807617188 150.96823120117188 247.03253173828125 
3 0.789825439453125 286.1968994140625 203.5806884765625 531.2250366210938 
234
2 1205.385498046875 15.371551513671875 1337.908203125 320.80340576171875 
3 0.3051338195800781 291.2017822265625 167.83322143554688 506.53582763671875 
3 48.05052947998047 151.01263427734375 148.77671813964844 250.055908203125 
235
2 1184.237060546875 16.727294921875 1335.0750732421875 320.89630126953125 
3 0.6180038452148438 293.465087890625 207.1315155029297 536.9400024414062 
236
2 1163.779052734375 17.112762451171875 1334.0068359375 319.8490295410156 
3 0.626708984375 294.37249755859375 203.83306884765625 533.2433471679688 
3 31.50257110595703 155.1884002685547 82.6764907836914 228.06600952148438 
237
2 1150.7305908203125 18.315093994140625 1333.4788818359375 319.9274597167969 
3 0.6602935791015625 294.06707763671875 206.40223693847656 534.6025390625 
238
2 1143.4298095703125 20.293426513671875 1333.5364990234375 314.6027526855469 
3 23.51987075805664 155.6087646484375 78.59049987792969 229.12457275390625 
3 0.27057647705078125 291.55242919921875 166.37530517578125 504.67376708984375 
239
2 1139.3572998046875 22.209259033203125 1336.3499755859375 316.1306457519531 
3 0.2761688232421875 289.4150085449219 172.89175415039062 507.45709228515625 
3 31.207359313964844 158.9359130859375 76.78173828125 227.4390869140625 
240
2 1142.6318359375 21.890380859375 1337.2762451171875 315.83282470703125 
3 30.43990707397461 156.9311065673828 75.07100677490234 225.9365234375 
3 0.6597061157226562 286.4578857421875 202.02755737304688 509.0833740234375 
241
2 1144.531982421875 22.547378540039062 1337.7657470703125 315.6662292480469 
3 23.908233642578125 153.58396911621094 73.49651336669922 226.08221435546875 
242
2 1143.199951171875 23.6949462890625 1338.15576171875 319.20782470703125 
3 0.6703720092773438 283.46429443359375 191.60595703125 504.36383056640625 
3 25.979564666748047 158.63949584960938 72.74805450439453 227.4202880859375 
243
2 1143.4146728515625 24.6939697265625 1337.55029296875 316.327880859375 
3 26.636634826660156 156.14016723632812 68.63543701171875 226.75201416015625 
244
2 1143.0714111328125 22.693099975585938 1335.90478515625 314.58441162109375 
3 0.7394943237304688 277.4709167480469 196.184326171875 528.510498046875 
3 26.06816291809082 154.33767700195312 69.44258117675781 226.46475219726562 
245
2 1142.789794921875 22.053115844726562 1332.6502685546875 312.9578552246094 
3 16.02099609375 149.37286376953125 71.71255493164062 227.9168701171875 
3 0.4066925048828125 271.8712463378906 179.36068725585938 497.6756591796875 
246
2 1134.8604736328125 23.103515625 1325.2041015625 316.01239013671875 
3 23.589473724365234 159.4498291015625 68.95465087890625 233.51177978515625 
247
2 1127.8646240234375 22.703811645507812 1318.667724609375 316.2083740234375 
3 23.22339630126953 159.18630981445312 73.6691665649414 232.97158813476562 
3 0.5205917358398438 266.67169189453125 183.25540161132812 496.898681640625 
248
2 1127.01611328125 21.303314208984375 1308.7769775390625 315.036376953125 
3 0.5903244018554688 259.250732421875 185.81228637695312 509.26519775390625 
3 1.4430313110351562 143.9475860595703 72.89668273925781 232.0477294921875 
3 22.851078033447266 151.28915405273438 73.75755310058594 230.58441162109375 
249
2 1122.504150390625 21.113494873046875 1298.38720703125 315.90509033203125 
3 0.5174789428710938 256.5447998046875 214.4501495361328 528.92724609375 
3 16.51421356201172 149.48095703125 77.11837768554688 229.78515625 
250
2 1119.2391357421875 21.415283203125 1287.1768798828125 314.64288330078125 
3 0.5089950561523438 254.394775390625 188.5481414794922 528.401123046875 
3 10.550025939941406 148.24053955078125 78.71891021728516 232.25558471679688 
251
2 1113.2279052734375 20.913360595703125 1274.158447265625 314.497802734375 
3 0.32512664794921875 250.13641357421875 186.73504638671875 498.74298095703125 
252
2 1110.606689453125 19.54449462890625 1256.5745849609375 311.7945251464844 
3 10.955680847167969 157.77175903320312 81.15843200683594 231.48443603515625 
253
2 1105.8155517578125 20.264419555664062 1241.22900390625 314.77972412109375 
3 9.945106506347656 156.28839111328125 74.57189178466797 232.3687744140625 
254
2 1100.8095703125 19.3841552734375 1224.58984375 312.5640563964844 
3 0.5948638916015625 250.003173828125 197.63523864746094 524.48046875 
3 129.99050903320312 190.52359008789062 176.754150390625 240.04339599609375 
3 18.265304565429688 166.15594482421875 77.51948547363281 235.55398559570312 
255
2 1095.0172119140625 19.171722412109375 1221.8131103515625 311.1160888671875 
3 0.5491790771484375 251.22332763671875 193.79251098632812 523.7789306640625 
3 14.987422943115234 166.53465270996094 71.43995666503906 234.85690307617188 
3 129.91554260253906 190.72557067871094 176.92715454101562 239.60604858398438 
256
2 1089.808349609375 18.674118041992188 1222.2822265625 311.4718322753906 
3 0.15039825439453125 160.96160888671875 194.32826232910156 525.3998413085938 
3 0.481414794921875 248.62469482421875 194.37942504882812 524.5101318359375 
257
2 1080.474609375 18.0924072265625 1221.5220947265625 311.9619140625 
3 0.1197509765625 152.530029296875 191.01919555664062 525.9173583984375 
3 0.12213802337646484 152.49917602539062 54.3509407043457 238.96524047851562 
3 129.67662048339844 188.89804077148438 175.42422485351562 238.89529418945312 
3 0.5022125244140625 244.01983642578125 191.25062561035156 524.72900390625 
258
2 1075.21533203125 20.40386962890625 1222.3846435546875 313.4212646484375 
3 0.4534149169921875 244.24920654296875 190.92660522460938 524.9423217773438 
3 0.07995796203613281 163.1434326171875 50.95088577270508 245.03604125976562 
3 130.11561584472656 189.9008331298828 176.5188446044922 238.64971923828125 
259
2 1068.1376953125 21.1329345703125 1222.736572265625 314.58917236328125 
3 0.0 155.7271728515625 52.16314697265625 245.66680908203125 
3 0.105621337890625 155.1370086669922 199.9538116455078 526.3654174804688 
260
2 1053.6212158203125 20.4747314453125 1221.55859375 314.92913818359375 
3 0.15553665161132812 143.98251342773438 46.25993728637695 242.3389892578125 
3 0.452423095703125 238.45083618164062 203.01791381835938 526.227783203125 
261
2 1052.010986328125 23.206893920898438 1219.0673828125 313.87530517578125 
3 0.41777801513671875 231.76904296875 190.04397583007812 498.44854736328125 
262
2 1036.5867919921875 24.569671630859375 1217.988525390625 315.0084533691406 
3 0.31803131103515625 178.0435028076172 186.56326293945312 495.24365234375 
263
2 1034.333740234375 25.869659423828125 1218.3443603515625 314.6739807128906 
3 0.32320404052734375 178.1713104248047 188.02761840820312 497.32879638671875 
264
2 1027.5341796875 28.131927490234375 1217.98876953125 315.08172607421875 
3 0.3126983642578125 181.8125 192.55667114257812 524.3811645507812 
265
2 1023.9593505859375 29.46881103515625 1216.5177001953125 313.22607421875 
3 0.2371063232421875 182.78079223632812 194.75267028808594 526.6301879882812 
266
2 1015.961181640625 28.691665649414062 1214.298583984375 310.11572265625 
3 0.376251220703125 189.29257202148438 189.87628173828125 526.5336303710938 
267
2 1009.0357055664062 28.917312622070312 1210.4791259765625 312.1125793457031 
3 0.37087249755859375 190.64962768554688 189.68128967285156 526.925537109375 
268
2 1000.41552734375 29.037841796875 1205.835205078125 312.7076416015625 
3 0.3160247802734375 194.8858642578125 185.93609619140625 525.9471435546875 
269
2 994.2962646484375 29.374176025390625 1198.07861328125 315.67620849609375 
3 0.33123016357421875 198.69235229492188 184.4311981201172 525.0234985351562 
270
2 987.8277587890625 27.539108276367188 1189.70556640625 315.68988037109375 
3 0.35318756103515625 201.37017822265625 184.5566864013672 523.5264282226562 
271
2 977.9512329101562 27.9481201171875 1176.77587890625 316.1078796386719 
3 0.30718231201171875 205.23544311523438 184.12782287597656 523.8922729492188 
272
2 973.4967041015625 26.17474365234375 1163.71435546875 311.87359619140625 
3 0.3975372314453125 213.0621337890625 185.41098022460938 525.3759155273438 
273
2 967.0790405273438 25.977584838867188 1151.0631103515625 311.88861083984375 
3 0.4661865234375 222.210693359375 192.29901123046875 527.9179077148438 
274
2 959.608154296875 25.418807983398438 1133.1502685546875 317.43597412109375 
3 0.452484130859375 238.41372680664062 212.3087158203125 527.4848022460938 
275
2 955.2212524414062 26.287933349609375 1120.970703125 313.5155029296875 
3 0.6051788330078125 253.3546142578125 188.7413787841797 521.8253173828125 
276
2 945.447021484375 27.066375732421875 1100.849365234375 307.44927978515625 
3 0.48140716552734375 265.6747131347656 182.13259887695312 497.277587890625 
2 944.91796875 27.385238647460938 1101.2965087890625 307.9903259277344 
277
2 936.3739624023438 28.730484008789062 1082.68017578125 317.07171630859375 
3 0.5140533447265625 276.4720764160156 175.74908447265625 503.29998779296875 
278
2 926.9840087890625 30.560760498046875 1075.7764892578125 316.66375732421875 
279
2 916.3147583007812 30.85870361328125 1071.4932861328125 314.0407409667969 
3 0.6138916015625 289.8072509765625 199.96844482421875 536.869140625 
280
2 903.5478515625 32.34996032714844 1067.3367919921875 318.87005615234375 
3 0.24496841430664062 295.5318908691406 164.361328125 511.263427734375 
3 101.22305297851562 199.82907104492188 149.67861938476562 249.75234985351562 
281
2 897.2030029296875 33.98895263671875 1063.4149169921875 319.12884521484375 
3 0.3332366943359375 298.7265625 168.335205078125 517.5595092773438 
282
2 887.0260009765625 34.26997375488281 1058.8773193359375 317.54833984375 
3 0.3591117858886719 304.82073974609375 161.67762756347656 539.4243774414062 
3 96.37864685058594 208.6727752685547 141.0190887451172 254.49078369140625 
283
2 878.1598510742188 37.715667724609375 1056.16845703125 317.7702941894531 
284
2 871.4161987304688 38.30818176269531 1054.1182861328125 316.811279296875 
285
2 862.5667114257812 39.521240234375 1051.5419921875 314.37213134765625 
3 0.43260955810546875 314.081298828125 180.41249084472656 544.039306640625 
286
2 854.8554077148438 42.4571533203125 1048.97216796875 313.54278564453125 
3 0.415679931640625 316.7591857910156 149.85821533203125 513.2405395507812 
3 0.33734130859375 316.9960632324219 148.7034149169922 511.04071044921875 
3 84.60154724121094 207.18821716308594 129.8706817626953 259.47332763671875 
287
2 844.1837768554688 45.4522705078125 1042.211181640625 316.169921875 
3 0.3905181884765625 326.1529541015625 153.46401977539062 510.38763427734375 
288
2 834.9867553710938 47.34501647949219 1038.0455322265625 316.95843505859375 
3 0.40764617919921875 338.42071533203125 142.07516479492188 514.3435668945312 
3 78.73103332519531 214.8544921875 121.35163879394531 262.9007263183594 
289
2 820.348388671875 48.89564514160156 1030.0826416015625 318.105712890625 
3 0.35511016845703125 343.6551513671875 165.95115661621094 551.7328491210938 
3 0.3569793701171875 343.56048583984375 152.5918731689453 525.3421630859375 
290
2 807.2337646484375 50.0931396484375 1020.9891357421875 319.69061279296875 
3 0.37368011474609375 353.9122314453125 137.71182250976562 529.857177734375 
291
2 790.7867431640625 53.96748352050781 1005.9960327148438 320.49481201171875 
292
2 778.1980590820312 55.21875 988.7669067382812 319.88177490234375 
3 0.3537025451660156 374.13787841796875 123.88461303710938 536.1480102539062 
293
2 762.791748046875 58.91062927246094 970.101806640625 326.024169921875 
3 0.3350372314453125 389.1602783203125 113.95548248291016 533.2479248046875 
3 37.580989837646484 229.81045532226562 89.09640502929688 280.98443603515625 
294
2 750.801513671875 60.21968078613281 956.1257934570312 325.46197509765625 
3 34.17835235595703 232.92578125 81.21503448486328 283.97821044921875 
3 0.46035003662109375 396.66552734375 120.23249053955078 538.0418701171875 
295
2 739.1243286132812 61.87669372558594 939.633544921875 326.8915710449219 
3 0.5286636352539062 406.5455627441406 108.51859283447266 540.3010864257812 
3 25.834808349609375 235.18026733398438 76.51924133300781 286.5614013671875 
296
2 727.1636962890625 61.819549560546875 920.7903442382812 323.990234375 
3 0.4595146179199219 420.05438232421875 133.20484924316406 581.1922607421875 
297
2 714.89306640625 64.13082122802734 907.0029296875 332.8043212890625 
3 17.795047760009766 245.60601806640625 62.144264221191406 291.4716796875 
3 0.458343505859375 425.5362548828125 97.32256317138672 547.6431274414062 
298
2 703.2799072265625 64.36048889160156 890.7149658203125 329.3226013183594 
3 0.61053466796875 441.41131591796875 84.18888854980469 544.85205078125 
299
2 694.563720703125 64.44671630859375 869.6717529296875 328.10162353515625 
3 0.36396217346191406 448.2344970703125 80.8222427368164 554.93798828125 
300
2 682.9763793945312 66.81036376953125 850.330810546875 329.356201171875 
3 0.220916748046875 247.75155639648438 45.589202880859375 300.49310302734375 
2 683.273681640625 66.87460327148438 850.428466796875 329.6300048828125 
3 0.3116750717163086 457.01611328125 83.9326171875 587.8826293945312 
3 0.4294586181640625 455.25274658203125 111.96859741210938 591.7467651367188 
301
2 670.626708984375 69.50572204589844 841.9286499023438 332.85906982421875 
3 0.13566970825195312 245.73092651367188 36.223243713378906 304.828369140625 
3 0.4070882797241211 466.9750061035156 70.7918472290039 588.0347900390625 
302
2 658.1571655273438 72.08868408203125 834.9002685546875 332.6685791015625 
303
2 643.4197998046875 75.83340454101562 827.7239990234375 339.39892578125 
304
2 630.3126831054688 79.24197387695312 820.0972900390625 340.94891357421875 
305
2 614.6868286132812 81.92498779296875 809.150634765625 336.0655212402344 
306
2 599.1539916992188 85.56990051269531 799.552001953125 339.8153076171875 
307
2 585.8203125 89.02931213378906 791.1123046875 342.78802490234375 
308
2 570.5535278320312 93.87763977050781 782.0712890625 346.1576232910156 
309
2 557.5569458007812 96.65280151367188 773.03759765625 350.5467529296875 
310
2 545.492919921875 98.62994384765625 766.15283203125 353.5111999511719 
311
2 532.1299438476562 101.19894409179688 756.8755493164062 361.4562072753906 
312
2 519.462890625 104.69064331054688 749.601806640625 366.99542236328125 
313
2 506.89874267578125 110.05374145507812 742.526123046875 372.5723876953125 
314
2 493.475341796875 112.70112609863281 733.5896606445312 372.07342529296875 
315
2 478.66650390625 115.88868713378906 725.609130859375 370.3005676269531 
316
2 462.62933349609375 120.8870849609375 715.5324096679688 370.0186767578125 
317
2 446.86383056640625 125.76043701171875 702.122802734375 375.38165283203125 
318
2 433.1996765136719 127.40219116210938 683.8765869140625 382.1751708984375 
319
2 418.64202880859375 131.31503295898438 665.8369140625 386.9745788574219 
320
2 402.6116943359375 135.45217895507812 647.5285034179688 387.3992004394531 
321
2 390.6259765625 139.3031768798828 631.0506591796875 395.0868835449219 
322
2 374.8095703125 143.95506286621094 610.2614135742188 391.10211181640625 
323
2 363.5174560546875 144.6436004638672 592.5255126953125 396.0960693359375 
324
2 351.6820068359375 148.34593200683594 580.0557861328125 399.01580810546875 
325
2 342.64984130859375 151.6324920654297 560.58203125 403.3468017578125 
326
2 334.8400573730469 152.94522094726562 545.5233154296875 409.39068603515625 
327
2 327.5303039550781 156.2754364013672 544.31396484375 408.0677185058594 
328
2 322.3893737792969 156.84506225585938 538.007080078125 406.4178466796875 
329
2 315.7198486328125 159.17437744140625 535.9381713867188 418.3603820800781 
330
2 310.597412109375 161.47555541992188 533.370849609375 421.30487060546875 
331
2 303.77886962890625 165.1484375 530.60009765625 427.6492614746094 
332
2 297.72222900390625 168.90292358398438 529.1442260742188 426.2159729003906 
333
2 292.4583740234375 170.3596954345703 526.3516845703125 431.04058837890625 
334
2 289.09075927734375 171.45281982421875 526.3062133789062 433.19024658203125 
335
2 286.0301513671875 174.47250366210938 526.7997436523438 431.9712829589844 
336
2 283.26275634765625 175.2779541015625 528.7412109375 432.7506103515625 
337
2 282.4421081542969 175.27920532226562 530.18359375 429.43035888671875 
338
2 280.3038635253906 176.28018188476562 532.4886474609375 430.51220703125 
339
2 277.83929443359375 176.62625122070312 532.3334350585938 431.0350341796875 
340
2 275.6320495605469 177.03382873535156 531.4789428710938 428.44573974609375 
341
2 274.6409912109375 177.1055450439453 532.9798583984375 428.9054870605469 
342
2 273.0992431640625 176.22393798828125 530.6294555664062 428.9226989746094 
343
2 269.8961486816406 177.1031036376953 524.7485961914062 429.4685974121094 
344
2 268.5661315917969 177.3657684326172 518.3492431640625 430.9603576660156 
345
2 266.2945556640625 177.28109741210938 513.9534301757812 429.76953125 
346
2 265.78472900390625 176.97210693359375 509.570068359375 429.52001953125 
347
3 266.40155029296875 177.54908752441406 503.6009521484375 426.3092041015625 
348
3 264.899169921875 177.030517578125 496.3544616699219 423.8736572265625 
349
3 263.89813232421875 176.65505981445312 491.7281494140625 421.767578125 
350
3 262.57879638671875 176.7808837890625 484.98065185546875 424.4863586425781 
351
3 262.6607666015625 179.0607452392578 479.78924560546875 427.64227294921875 
352
3 258.1357116699219 178.33401489257812 471.4202880859375 424.7611389160156 
353
3 258.6512756347656 179.50579833984375 472.7297058105469 425.58123779296875 
354
3 254.952880859375 179.00765991210938 472.280517578125 423.26690673828125 
355
3 253.7430419921875 180.4259796142578 469.9684143066406 423.35357666015625 
356
3 250.34710693359375 181.58230590820312 471.24169921875 427.3604736328125 
357
3 247.0308837890625 182.48281860351562 471.6775817871094 423.22174072265625 
358
3 245.03277587890625 183.826171875 471.63909912109375 423.96685791015625 
359
3 242.19403076171875 185.19569396972656 470.82489013671875 422.4071350097656 
360
3 239.18133544921875 186.62591552734375 469.84796142578125 422.6901550292969 
361
3 236.15989685058594 186.66732788085938 469.0634460449219 423.09967041015625 
362
3 233.1060028076172 187.59197998046875 468.1354675292969 422.4654846191406 
363
3 230.23106384277344 188.42364501953125 468.18524169921875 424.5528564453125 
364
3 226.39443969726562 189.77886962890625 467.88983154296875 429.63177490234375 
365
3 224.24522399902344 189.79434204101562 467.5151062011719 424.4562072753906 
366
3 222.22869873046875 189.39053344726562 467.0137939453125 425.0437927246094 
367
3 219.94439697265625 190.17710876464844 466.0311279296875 430.1535949707031 
368
3 217.86068725585938 190.985595703125 462.62921142578125 429.919677734375 
369
3 215.08837890625 189.75929260253906 462.38629150390625 425.0860595703125 
370
3 213.4756622314453 190.53883361816406 459.5760498046875 432.5255126953125 
371
3 212.74346923828125 191.1415557861328 458.11883544921875 438.2478942871094 
372
3 210.35435485839844 191.99734497070312 455.2085876464844 438.3636169433594 
373
3 209.46047973632812 191.1273651123047 453.5650634765625 436.14349365234375 
374
3 209.74285888671875 190.66600036621094 453.6067810058594 435.5630798339844 
375
3 207.603759765625 191.58944702148438 452.7936706542969 435.5815734863281 
376
3 206.2041015625 192.17752075195312 451.6675109863281 436.95208740234375 
377
3 206.2801055908203 192.90676879882812 450.49462890625 439.9938049316406 
378
3 205.82839965820312 195.13510131835938 449.4095764160156 439.1628723144531 
379
3 203.81259155273438 196.1788330078125 447.3627014160156 437.4124755859375 
380
3 202.99607849121094 196.21263122558594 445.5994873046875 439.19097900390625 
381
3 202.73187255859375 196.50192260742188 443.725830078125 437.5913391113281 
382
3 202.29745483398438 196.3035888671875 439.7464599609375 434.26751708984375 
383
3 199.08323669433594 197.74774169921875 435.6533203125 442.1039733886719 
384
3 198.2875518798828 198.24356079101562 432.57159423828125 440.69000244140625 
385
3 198.02566528320312 198.20372009277344 429.197265625 444.0833435058594 
386
3 198.133544921875 198.41845703125 427.7214660644531 449.49456787109375 
387
3 198.28759765625 198.35009765625 424.8409423828125 454.38848876953125 
388
3 198.15695190429688 198.31472778320312 423.4233703613281 449.484130859375 
389
3 197.83741760253906 202.051025390625 421.8233947753906 447.97479248046875 
390
3 197.92759704589844 202.13241577148438 422.9366455078125 453.25830078125 
391
3 197.53524780273438 203.4014434814453 420.9014892578125 451.01702880859375 
392
3 197.46832275390625 203.92979431152344 421.309814453125 456.50360107421875 
393
3 197.13055419921875 203.21849060058594 421.7535095214844 465.79803466796875 
394
3 197.4915771484375 206.30035400390625 421.4091796875 465.2238464355469 
395
3 197.67999267578125 207.86630249023438 422.3406677246094 468.9736328125 
396
3 197.2825164794922 207.96157836914062 421.3649597167969 472.6331787109375 
397
3 197.66275024414062 209.8031463623047 420.719970703125 477.01336669921875 
398
3 197.7882537841797 210.07174682617188 419.2247619628906 474.64019775390625 
399
3 196.76490783691406 210.40176391601562 418.9276123046875 473.2432861328125 
400
3 194.859130859375 211.5051727294922 415.30877685546875 472.6667785644531 
401
3 193.7143096923828 212.057373046875 413.92962646484375 472.30694580078125 
402
3 194.114013671875 212.1429443359375 414.0171203613281 473.282470703125 
403
3 193.13299560546875 212.86474609375 413.7513427734375 473.08831787109375 
404
3 192.62896728515625 213.0089111328125 414.572265625 473.1822814941406 
405
3 190.54989624023438 213.3345489501953 414.59710693359375 475.142822265625 
406
3 190.04257202148438 214.40582275390625 414.61859130859375 474.8345947265625 
407
3 189.45870971679688 216.02203369140625 414.7381591796875 475.7327575683594 
408
3 186.3239288330078 217.9403533935547 414.4549560546875 474.51873779296875 
409
3 185.6513214111328 219.1891632080078 414.22735595703125 477.248046875 
410
3 183.21963500976562 221.16473388671875 413.859619140625 476.8521728515625 
411
3 182.375 223.840087890625 413.6584167480469 489.3179931640625 
412
3 180.1187286376953 224.980712890625 413.7800598144531 498.85760498046875 
413
3 178.91964721679688 226.90142822265625 413.74346923828125 492.48980712890625 
414
3 174.52175903320312 229.08203125 413.73760986328125 497.86572265625 
415
3 174.16278076171875 231.48892211914062 414.16741943359375 505.93438720703125 
416
3 170.42869567871094 234.63134765625 414.916748046875 514.9757080078125 
417
3 165.85804748535156 237.4990234375 414.72344970703125 520.38671875 
418
3 163.75234985351562 240.97076416015625 414.2144470214844 521.17236328125 
419
3 161.29942321777344 246.27398681640625 413.4104919433594 524.80908203125 
420
3 157.79013061523438 249.64675903320312 413.6861267089844 529.0257568359375 
421
3 151.650146484375 254.71417236328125 412.56182861328125 532.4651489257812 
422
3 145.7512664794922 257.0050048828125 412.32391357421875 541.3319091796875 
423
3 141.40809631347656 259.23455810546875 411.7294616699219 540.8140258789062 
424
3 136.01126098632812 259.9872131347656 411.70440673828125 538.6680908203125 
425
3 130.85650634765625 261.8424987792969 407.55169677734375 535.8597412109375 
426
3 126.60440063476562 262.7059020996094 407.8046875 537.1219482421875 
427
3 123.2137451171875 266.13623046875 405.8065490722656 536.602783203125 
428
3 118.08523559570312 266.6356201171875 404.1416015625 534.25634765625 
429
3 115.07270812988281 268.85589599609375 403.71783447265625 535.3133544921875 
430
3 110.81413269042969 270.8051452636719 403.5432434082031 532.7894287109375 
431
3 107.03799438476562 272.0591125488281 398.9766540527344 538.86669921875 
432
3 103.77458190917969 273.16937255859375 398.20465087890625 545.7633666992188 
433
3 101.61993408203125 276.8075866699219 392.8232421875 540.3591918945312 
434
3 99.54373168945312 279.6421203613281 385.5567626953125 551.2009887695312 
435
3 96.69131469726562 283.1913146972656 381.385498046875 553.0584106445312 
436
3 95.55470275878906 286.391845703125 379.96728515625 574.974365234375 
437
3 90.66584777832031 290.1835021972656 376.2527770996094 573.7791748046875 
438
3 90.19075012207031 293.25360107421875 369.8764343261719 575.5999755859375 
439
3 88.09707641601562 296.6681823730469 366.5653381347656 586.02734375 
440
3 87.00569152832031 300.0406494140625 366.8478698730469 593.9493408203125 
441
3 84.6805419921875 302.703125 365.7639465332031 604.4205322265625 
442
3 82.76789855957031 307.7190856933594 364.43963623046875 604.9896850585938 
443
3 83.31768798828125 309.23553466796875 363.6463928222656 623.0479736328125 
444
3 78.14921569824219 311.983642578125 363.96728515625 617.826416015625 
445
3 77.6632080078125 315.92596435546875 359.78216552734375 622.4867553710938 
446
3 74.56948852539062 319.2830810546875 359.3123779296875 619.7639770507812 
447
3 71.66426086425781 321.2162780761719 360.2728576660156 635.6507568359375 
448
3 68.68963623046875 321.4597473144531 360.5088806152344 633.06494140625 
449
3 65.65176391601562 324.1380615234375 361.2113952636719 634.6690063476562 
450
3 62.21083068847656 324.81298828125 361.5119934082031 634.9732666015625 
451
3 57.61737060546875 325.97882080078125 361.07135009765625 635.0545654296875 
452
3 53.13069152832031 325.7710266113281 361.74273681640625 632.4700317382812 
453
3 47.3482666015625 329.2983703613281 360.935791015625 635.9221801757812 
454
3 43.416473388671875 331.2288818359375 361.275390625 636.274658203125 
455
3 39.21258544921875 333.23394775390625 360.36053466796875 628.9248046875 
456
3 35.29193115234375 335.8871154785156 360.8967590332031 648.7186279296875 
457
1 30.527481079101562 341.52972412109375 360.95941162109375 658.8260498046875 
458
1 27.2738037109375 345.3720397949219 360.36871337890625 657.2245483398438 
459
1 23.350677490234375 350.6029357910156 359.2546691894531 683.021484375 
460
1 18.97625732421875 356.84625244140625 359.4521484375 684.3945922851562 
461
1 14.070968627929688 362.2352294921875 358.92987060546875 693.2974853515625 
462
1 11.119873046875 368.4862976074219 358.7127990722656 703.0213623046875 
463
1 5.841156005859375 374.11102294921875 358.9559631347656 729.1970825195312 
464
1 0.87432861328125 382.1058349609375 359.42047119140625 715.995361328125 
465
1 0.2271881103515625 386.7078857421875 358.2135009765625 744.87109375 
466
1 0.4371337890625 392.784423828125 359.44964599609375 745.4490966796875 
467
1 0.659271240234375 399.3819580078125 352.0665283203125 731.86865234375 
468
1 0.52044677734375 404.04315185546875 355.8385314941406 732.779296875 
469
1 0.40826416015625 408.36492919921875 355.5068359375 725.0679931640625 
470
1 0.4546661376953125 414.1763610839844 358.5762939453125 726.9109497070312 
471
1 0.759552001953125 415.73199462890625 354.60821533203125 726.590576171875 
472
1 0.544891357421875 436.14373779296875 348.13922119140625 726.4077758789062 
473
1 0.4073638916015625 444.0605163574219 334.2371826171875 722.0469970703125 
474
1 0.489013671875 453.28466796875 348.22247314453125 722.4851684570312 
475
1 0.77252197265625 457.70416259765625 345.33660888671875 726.2515258789062 
476
1 0.968292236328125 462.6609191894531 337.5922546386719 728.8584594726562 
477
0 0.9418487548828125 468.55419921875 331.9742431640625 750.4415283203125 
478
0 0.7513885498046875 473.28546142578125 326.91278076171875 773.5885009765625 
479
0 0.793609619140625 478.63818359375 324.54595947265625 790.4507446289062 
480
0 0.68060302734375 486.55609130859375 321.1429138183594 806.6048583984375 
481
0 0.48321533203125 495.255615234375 307.57537841796875 801.9179077148438 
0 0.8250732421875 495.345703125 307.483642578125 801.8644409179688 
482
0 0.78668212890625 501.180419921875 305.4185791015625 819.6731567382812 
483
0 0.636810302734375 511.884765625 306.12091064453125 838.7950439453125 
484
0 0.82366943359375 514.8595581054688 296.78289794921875 850.1153564453125 
485
0 0.79522705078125 525.039306640625 295.35394287109375 858.0230102539062 
486
0 1.13067626953125 529.0739135742188 293.8750305175781 872.5391845703125 
487
0 0.61590576171875 540.4869995117188 290.6368408203125 881.1781616210938 
488
0 0.9312744140625 548.6341552734375 288.37860107421875 869.7489013671875 
489
0 0.86370849609375 551.839111328125 290.2655029296875 886.096435546875 
490
0 0.925384521484375 560.0702514648438 291.135986328125 886.5487060546875 
491
0 0.719146728515625 568.4739990234375 289.8716735839844 886.5750732421875 
492
0 0.59442138671875 572.6712646484375 288.092529296875 884.6031494140625 
493
0 0.663360595703125 578.9390258789062 289.4395446777344 886.0260620117188 
494
0 0.8528900146484375 585.2503662109375 290.60601806640625 887.7365112304688 
495
0 0.8498077392578125 588.7780151367188 291.56695556640625 888.726318359375 
496
0 0.7961196899414062 592.65869140625 291.3583679199219 889.4259643554688 
497
0 0.7645721435546875 604.0072021484375 292.0006103515625 889.45556640625 
498
0 0.644287109375 614.9443359375 290.8828430175781 903.2705078125 
499
0 0.5164260864257812 624.636474609375 291.12030029296875 901.21630859375 
500
0 1.0115966796875 634.2811279296875 292.38726806640625 938.5831909179688 
501
3 0.5379791259765625 640.7935791015625 292.59478759765625 980.004638671875 
502
0 0.6808013916015625 652.3703002929688 291.80999755859375 967.1220703125 
503
3 0.4966583251953125 662.092041015625 290.5203857421875 981.581298828125 
504
3 0.6012954711914062 669.3602294921875 290.527099609375 979.4699096679688 
505
3 0.6173858642578125 680.608642578125 289.3924255371094 981.6271362304688 
506
3 0.6433563232421875 690.1008911132812 286.5449523925781 984.609619140625 
507
3 0.581939697265625 700.3658447265625 291.3398742675781 984.1365356445312 
508
3 0.468780517578125 716.2080078125 286.8880920410156 983.5546875 
509
3 0.559417724609375 725.9932250976562 271.09197998046875 984.3221435546875 
510
3 0.5501480102539062 737.1417236328125 279.42047119140625 984.8956298828125 
511
512
0 0.8509063720703125 758.5198974609375 279.14111328125 921.0029296875 
513
0 0.936553955078125 774.0621337890625 271.6343994140625 940.076904296875 
514
3 0.6856155395507812 789.91259765625 266.49798583984375 981.0769653320312 
515
3 0.5397567749023438 803.5430297851562 258.873779296875 980.4743041992188 
516
3 0.5372543334960938 801.0665283203125 250.966552734375 980.6697998046875 
517
3 0.36823272705078125 809.6165771484375 229.94935607910156 982.0512084960938 
518
3 0.10353851318359375 825.562744140625 225.41522216796875 983.6400756835938 
519
520
3 0.35280609130859375 847.3046875 197.24815368652344 982.5718994140625 
521
522
523
524
525
526
527
528
529
530
531
532
533
534
535
536
537
538
539
540
541
542
543
544
545
546
547
548
549
550
551
552
553
554
555
556
557
558
559
560
561
562
563
564
565
566
567
568
569
