0
1
2
3
4
3 2531.880615234375 93.69790649414062 2558.98486328125 156.2616424560547 
5
6
7
8
9
10
11
12
13
14
15
16
17
18
19
20
21
22
23
24
25
26
27
3 0.47901153564453125 937.5828247070312 114.26588439941406 1069.117431640625 
28
29
30
31
32
33
34
3 0.19878387451171875 903.4019775390625 121.4407958984375 1047.06787109375 
35
36
37
38
39
3 0.3945465087890625 862.2154541015625 173.00799560546875 1024.498046875 
3 0.2327117919921875 862.7897338867188 172.2422637939453 1022.5958251953125 
40
3 0.0996551513671875 855.5285034179688 181.03977966308594 1020.3837890625 
41
3 0.3115081787109375 841.7040405273438 188.38250732421875 1017.4984130859375 
42
3 0.2278289794921875 819.5558471679688 198.82821655273438 1013.10693359375 
43
3 0.16312408447265625 552.2430419921875 210.450927734375 1010.744140625 
3 0.37628173828125 789.8038330078125 209.64736938476562 1010.6092529296875 
44
3 0.428070068359375 767.7825317382812 220.00144958496094 1005.9775390625 
45
3 0.376220703125 723.421630859375 228.3448486328125 998.64990234375 
46
3 0.44326019287109375 719.874755859375 233.91122436523438 997.9560546875 
47
3 0.6288070678710938 671.8865966796875 242.88357543945312 982.39599609375 
48
3 0.4979705810546875 661.7049560546875 252.54348754882812 960.6947021484375 
49
3 0.36074066162109375 650.3656616210938 263.77203369140625 996.3076171875 
50
3 0.49956512451171875 638.0115966796875 273.77886962890625 937.09912109375 
51
3 0.4362640380859375 625.9638671875 284.7443542480469 924.1622924804688 
52
3 0.7127838134765625 618.7254028320312 297.82257080078125 914.090576171875 
53
3 0.6001739501953125 607.784423828125 310.04058837890625 910.1060180664062 
54
3 0.65924072265625 596.544921875 322.4730224609375 905.5479736328125 
55
3 0.8052215576171875 582.6398315429688 334.47174072265625 902.7406005859375 
56
3 0.92724609375 574.078857421875 347.6090087890625 898.17041015625 
57
3 0.927337646484375 565.0224609375 360.53204345703125 897.0691528320312 
58
3 1.0493927001953125 559.1312255859375 371.70770263671875 893.8214721679688 
59
3 1.223388671875 555.85009765625 382.5125732421875 890.7662353515625 
60
3 1.3278656005859375 552.3854370117188 392.886474609375 889.1353149414062 
61
3 1.18243408203125 548.3856201171875 402.63427734375 886.505859375 
62
3 0.9217529296875 545.9049072265625 413.22210693359375 883.6604614257812 
3 0.5816192626953125 946.30419921875 102.47834777832031 1061.46875 
63
3 0.913543701171875 543.5267333984375 424.13299560546875 881.44970703125 
64
1 0.7919769287109375 525.9071044921875 435.4471435546875 879.8499145507812 
65
1 1.1660919189453125 514.232666015625 446.5934143066406 877.03466796875 
66
1 1.0805206298828125 496.57635498046875 457.0542907714844 875.8768310546875 
67
1 1.4732818603515625 485.76385498046875 469.23687744140625 872.8987426757812 
68
1 1.047149658203125 479.7166748046875 478.98272705078125 873.463134765625 
69
1 0.03106689453125 473.9631652832031 488.4892578125 875.3018798828125 
3 0.6718292236328125 857.6304321289062 182.2083740234375 1027.085205078125 
70
1 0.7890625 469.90716552734375 501.904296875 879.8377685546875 
71
1 0.812255859375 466.445068359375 511.0233154296875 880.2918701171875 
72
1 0.87744140625 463.23724365234375 525.9197998046875 882.1104125976562 
3 0.31688690185546875 832.5023193359375 219.90628051757812 1021.1396484375 
73
1 0.75469970703125 458.3476867675781 537.507080078125 880.0274658203125 
3 0.6483917236328125 822.0907592773438 233.27749633789062 1026.7779541015625 
74
1 5.326202392578125 453.0985107421875 551.8946533203125 878.39208984375 
75
1 19.56201171875 449.0478515625 563.4517822265625 874.968017578125 
76
1 40.172760009765625 448.78985595703125 575.923828125 873.9743041992188 
3 0.425079345703125 763.65185546875 308.4366455078125 1035.141357421875 
77
1 51.602294921875 446.1076965332031 589.6017456054688 870.4923095703125 
3 0.6911773681640625 712.0493774414062 292.63037109375 1036.73828125 
78
1 67.41961669921875 444.9723815917969 600.8897094726562 871.4585571289062 
3 0.7405014038085938 712.9082641601562 295.34039306640625 1037.6727294921875 
79
3 0.6321334838867188 715.0220947265625 320.58880615234375 1040.8294677734375 
1 86.96737670898438 440.5462951660156 614.3522338867188 866.6259765625 
80
1 97.2943115234375 438.7016296386719 623.6922607421875 864.4075317382812 
0 0.7869033813476562 696.282470703125 384.188232421875 1054.0662841796875 
81
1 111.3736572265625 434.0375061035156 637.3479614257812 864.8392944335938 
0 0.91143798828125 639.3963012695312 500.92547607421875 1066.5784912109375 
82
1 120.20635986328125 429.5881042480469 647.6802978515625 864.5827026367188 
0 0.8676300048828125 606.7403564453125 514.0399780273438 1066.6256103515625 
83
1 133.1055908203125 424.7694091796875 658.5056762695312 860.1474609375 
0 0.86651611328125 590.29638671875 542.827392578125 1066.9178466796875 
84
1 145.67678833007812 421.4556884765625 669.2174682617188 859.8973999023438 
0 0.8758697509765625 582.712890625 559.68505859375 1062.8031005859375 
85
0 0.7784576416015625 577.0731201171875 575.1964111328125 1060.821533203125 
1 160.1204833984375 418.1331481933594 679.209716796875 858.752197265625 
86
0 0.5356597900390625 577.5498657226562 613.24462890625 1065.0867919921875 
1 171.924560546875 414.06341552734375 688.2777099609375 855.2127685546875 
87
1 183.6749267578125 411.1495361328125 698.3294067382812 853.855712890625 
0 0.7800140380859375 578.66357421875 623.1320190429688 1063.614013671875 
88
1 196.7774658203125 406.21435546875 708.9677734375 853.04736328125 
0 2.0875244140625 581.0648193359375 635.4761962890625 1063.0396728515625 
89
1 210.37353515625 399.82757568359375 715.358154296875 851.1681518554688 
0 6.00238037109375 581.432373046875 643.3109130859375 1063.326904296875 
90
1 223.81201171875 392.51824951171875 723.6257934570312 849.5969848632812 
0 24.4697265625 579.5330810546875 661.536865234375 1062.6324462890625 
91
1 236.7599334716797 386.0220031738281 725.8927001953125 848.494873046875 
0 46.697845458984375 577.3928833007812 667.6347045898438 1059.4339599609375 
92
1 250.08029174804688 378.3494873046875 731.1412353515625 847.50146484375 
0 65.98898315429688 574.6146240234375 676.3037109375 1059.916015625 
93
1 263.19610595703125 369.34033203125 731.3682861328125 847.4156494140625 
0 87.14340209960938 571.6932373046875 692.5091552734375 1060.04345703125 
94
1 279.0545349121094 366.27557373046875 731.837890625 846.421875 
0 108.152587890625 569.11279296875 697.2620849609375 1056.845458984375 
95
1 292.63568115234375 363.7810974121094 728.9237060546875 844.0146484375 
0 130.39117431640625 566.4842529296875 701.973388671875 1055.888671875 
96
1 302.8371887207031 361.142333984375 724.3904418945312 840.1551513671875 
0 151.6383056640625 562.7006225585938 714.9052124023438 1057.3587646484375 
3 2523.972900390625 204.69029235839844 2558.957275390625 249.93045043945312 
97
1 309.6560974121094 358.0647277832031 722.0849609375 835.8419189453125 
0 179.40655517578125 558.2159423828125 726.5748291015625 1055.591796875 
98
1 322.52423095703125 352.09930419921875 717.05029296875 833.7472534179688 
0 204.93600463867188 553.3836669921875 737.4122314453125 1056.11865234375 
99
1 330.75341796875 347.88079833984375 719.7630615234375 833.703857421875 
0 235.6968994140625 550.704833984375 756.5616455078125 1054.52490234375 
100
0 268.4330749511719 548.2591552734375 813.32763671875 1054.1898193359375 
1 341.8511962890625 346.55963134765625 728.6578979492188 817.419677734375 
101
1 351.501953125 345.7328186035156 737.3206176757812 794.4837036132812 
0 309.91357421875 546.0541381835938 875.0262451171875 1054.6722412109375 
102
1 364.6094665527344 342.6100769042969 745.6644287109375 792.0289916992188 
0 349.6607666015625 542.8773803710938 931.5477905273438 1052.6202392578125 
103
0 390.948974609375 541.4692993164062 988.458984375 1052.731689453125 
1 370.4561767578125 340.631103515625 755.9853515625 791.31884765625 
104
0 435.9713134765625 539.7662353515625 1032.1829833984375 1051.4371337890625 
1 379.5739440917969 336.30706787109375 764.4778442382812 789.8497924804688 
105
0 478.24395751953125 536.498291015625 1063.213134765625 1048.3243408203125 
1 386.1056823730469 334.2144775390625 770.6502685546875 799.2155151367188 
106
0 521.6097412109375 528.5158081054688 1088.2406005859375 1047.358154296875 
2 390.34600830078125 331.103515625 675.878662109375 652.0143432617188 
107
0 566.7865600585938 520.6199340820312 1110.7275390625 1044.1505126953125 
2 397.17340087890625 329.490234375 681.6499633789062 696.48876953125 
108
0 612.3981323242188 517.5374755859375 1126.687255859375 1041.260986328125 
1 404.6781921386719 330.043701171875 684.9937744140625 790.476806640625 
109
0 656.3050537109375 509.75225830078125 1138.434326171875 1037.72900390625 
1 411.1325988769531 328.87384033203125 702.4461059570312 819.591796875 
110
0 698.740966796875 501.58184814453125 1149.0662841796875 1031.8406982421875 
1 417.22021484375 326.6523132324219 721.7776489257812 818.45947265625 
111
0 740.9998779296875 494.55194091796875 1160.2862548828125 1029.5928955078125 
1 421.314453125 326.3367919921875 756.4755249023438 816.9644165039062 
112
0 781.07861328125 486.199462890625 1169.2362060546875 1026.956298828125 
1 427.8462219238281 325.4259033203125 787.890869140625 816.263427734375 
113
0 821.11669921875 478.22833251953125 1183.72607421875 1023.9554443359375 
1 431.51275634765625 324.3145751953125 824.8706665039062 816.8118896484375 
114
0 860.1192626953125 471.2433166503906 1195.1580810546875 1022.8927001953125 
1 438.15020751953125 321.62762451171875 834.251708984375 815.6512451171875 
115
0 898.6602172851562 464.21722412109375 1213.777099609375 1016.641357421875 
1 444.44989013671875 321.322021484375 840.21484375 813.7929077148438 
3 53.82249450683594 104.84341430664062 210.0411376953125 268.29986572265625 
116
0 935.860107421875 458.2616271972656 1260.356689453125 1016.861083984375 
1 450.93048095703125 319.4959716796875 843.2418823242188 812.7982788085938 
117
0 976.4617919921875 455.245361328125 1301.44970703125 1020.2308349609375 
1 455.65704345703125 316.87896728515625 850.4519653320312 812.8173828125 
118
1 464.94439697265625 316.5931396484375 859.4763793945312 812.4915771484375 
0 1019.2459106445312 454.26873779296875 1348.8519287109375 1018.5367431640625 
119
1 473.28704833984375 314.85772705078125 868.990478515625 810.4598388671875 
0 1063.2845458984375 453.6138000488281 1424.671875 1014.46826171875 
120
0 1099.4100341796875 455.6552429199219 1489.9974365234375 1004.8453369140625 
1 482.2804870605469 314.5334167480469 881.0436401367188 809.892578125 
121
1 491.4962158203125 311.834716796875 891.4244384765625 808.6595458984375 
0 1128.83056640625 458.2828674316406 1547.4088134765625 994.0738525390625 
122
1 502.5727233886719 308.99908447265625 902.2538452148438 808.8507080078125 
0 1143.6136474609375 461.2285461425781 1578.381103515625 983.664794921875 
123
0 1157.9891357421875 461.953369140625 1618.6214599609375 980.30126953125 
1 513.3368530273438 306.4921569824219 913.9550170898438 805.7225341796875 
124
0 1171.234375 459.54241943359375 1674.0150146484375 977.0974731445312 
1 526.5896606445312 305.26513671875 925.4132690429688 805.2725219726562 
125
0 1191.9412841796875 457.92169189453125 1729.89111328125 975.6414794921875 
1 538.62353515625 303.1775817871094 936.129150390625 803.698486328125 
126
0 1223.580322265625 457.4136962890625 1784.299072265625 972.9320068359375 
1 553.111572265625 302.2364807128906 947.070556640625 803.8387451171875 
127
0 1271.6451416015625 454.34454345703125 1833.3896484375 970.251220703125 
1 565.643798828125 300.640625 958.0370483398438 801.7778930664062 
128
0 1307.8963623046875 448.51861572265625 1879.227294921875 970.4595336914062 
1 579.0405883789062 297.91748046875 968.5308227539062 801.8873291015625 
129
0 1359.940673828125 441.38751220703125 1920.052001953125 968.4136352539062 
1 592.5804443359375 296.3302307128906 977.6204833984375 800.2725219726562 
130
0 1415.5506591796875 432.9547119140625 1955.23046875 967.56396484375 
1 603.293701171875 293.98382568359375 987.2769775390625 799.6838989257812 
131
0 1472.949951171875 426.58782958984375 1987.646240234375 967.8316650390625 
1 617.0640258789062 294.2179870605469 996.9013671875 797.506103515625 
132
1 627.4066772460938 292.77252197265625 1006.4526977539062 797.4510498046875 
0 1527.3258056640625 421.89447021484375 2018.775390625 966.274658203125 
133
1 635.126220703125 292.95330810546875 1014.4161376953125 796.9180908203125 
0 1581.9232177734375 416.8271484375 2042.6934814453125 965.812744140625 
134
1 644.8927001953125 293.7158203125 1019.0615234375 797.1209716796875 
0 1590.4605712890625 415.4093017578125 2065.712890625 966.564453125 
135
1 650.1221313476562 294.124267578125 1022.5426025390625 798.2594604492188 
0 1592.498779296875 413.68157958984375 2083.02880859375 968.0643920898438 
136
1 650.5513305664062 294.5743713378906 1022.7564697265625 797.295654296875 
0 1596.3590087890625 413.20465087890625 2095.04345703125 966.0892944335938 
0 1596.2215576171875 412.91986083984375 2095.358642578125 964.9697265625 
137
1 647.848388671875 294.70947265625 1022.92138671875 797.8137817382812 
0 1595.392333984375 410.1059875488281 2104.177978515625 965.8377685546875 
138
1 643.9970092773438 294.20452880859375 1020.9105224609375 798.20166015625 
0 1599.22900390625 408.3658752441406 2111.9970703125 962.3905029296875 
139
1 640.9964599609375 294.19854736328125 1019.5983276367188 797.4326171875 
0 1612.186279296875 408.0218811035156 2122.793701171875 959.5511474609375 
140
0 1629.183349609375 406.7474670410156 2137.994384765625 954.0491943359375 
1 639.9776611328125 294.1044921875 1019.2184448242188 797.678955078125 
141
0 1670.7305908203125 404.8521423339844 2152.989013671875 944.548095703125 
1 637.9818725585938 293.37103271484375 1018.5304565429688 797.41357421875 
142
1 636.2877197265625 293.249755859375 1018.3218994140625 797.4532470703125 
0 1712.5457763671875 402.9714660644531 2168.6474609375 931.7552490234375 
143
1 636.1470947265625 293.354736328125 1018.1340942382812 797.41064453125 
0 1747.431396484375 399.8931579589844 2186.82421875 933.501953125 
144
0 1775.11962890625 394.5841979980469 2204.294677734375 930.7704467773438 
1 635.4512939453125 291.521484375 1018.8953247070312 796.4765014648438 
145
0 1784.220947265625 391.64068603515625 2222.910888671875 931.316162109375 
1 640.1072998046875 291.9781494140625 1020.4348754882812 796.056396484375 
146
0 1783.5863037109375 389.4903564453125 2242.00830078125 933.42626953125 
1 641.489990234375 293.0516662597656 1022.2391357421875 795.7474975585938 
147
0 1783.832275390625 388.0067443847656 2257.82421875 931.6701049804688 
1 644.9741821289062 294.59674072265625 1022.3302001953125 796.5702514648438 
148
0 1784.157470703125 388.41864013671875 2274.10498046875 927.669189453125 
1 646.7755126953125 293.92626953125 1022.5667114257812 795.513916015625 
149
0 1784.176025390625 389.284912109375 2288.5537109375 920.7962646484375 
1 648.2684326171875 295.1117858886719 1022.8680419921875 795.4119873046875 
150
0 1784.3660888671875 392.2607421875 2301.714111328125 915.8046264648438 
1 651.1849975585938 295.98541259765625 1022.6383056640625 795.9488525390625 
151
0 1783.875 398.536865234375 2312.263671875 913.6058349609375 
1 653.174072265625 295.1837463378906 1022.4983520507812 796.1650390625 
152
0 1783.0367431640625 402.8979187011719 2322.8388671875 913.5516357421875 
1 657.5718383789062 296.0040283203125 1022.810302734375 796.50244140625 
153
0 1786.791259765625 406.0998229980469 2332.276611328125 911.9644165039062 
1 665.3143920898438 296.796630859375 1023.4483642578125 796.6190795898438 
154
0 1794.20751953125 409.76812744140625 2344.672607421875 909.581298828125 
1 669.310546875 298.146484375 1025.49365234375 796.8081665039062 
155
0 1798.428466796875 410.9165954589844 2357.5234375 908.5450439453125 
1 674.0093994140625 296.6142578125 1031.5382080078125 796.8444213867188 
156
0 1813.949951171875 409.8562927246094 2374.962646484375 904.8929443359375 
1 678.3590087890625 295.60577392578125 1037.897705078125 796.5142822265625 
157
1 682.1192626953125 291.5967712402344 1040.2056884765625 796.5291748046875 
0 1826.828125 409.4026184082031 2391.275146484375 902.9898071289062 
158
0 1858.569091796875 409.0362548828125 2407.39306640625 901.6263427734375 
1 686.2675170898438 289.963134765625 1040.2862548828125 796.155517578125 
159
0 1879.118408203125 406.77886962890625 2423.66015625 901.428466796875 
1 693.3466186523438 286.6871337890625 1041.7569580078125 796.3646240234375 
160
0 1906.8828125 404.8040771484375 2439.08984375 901.85595703125 
1 699.337646484375 292.71893310546875 1042.7099609375 796.6875610351562 
161
0 1929.93408203125 402.52545166015625 2451.722412109375 901.733642578125 
1 705.346435546875 295.8737487792969 1042.6219482421875 794.1278076171875 
162
0 1958.5726318359375 398.9819030761719 2462.943603515625 900.2761840820312 
1 709.9136962890625 295.017578125 1042.4617919921875 793.726806640625 
163
0 1985.7696533203125 397.55157470703125 2471.349365234375 899.2022705078125 
1 710.5491943359375 295.13677978515625 1041.16845703125 791.8480834960938 
164
0 2006.4046630859375 396.6096496582031 2478.8837890625 899.4356689453125 
1 709.5556640625 296.2083740234375 1039.627197265625 791.3291015625 
165
0 2027.70849609375 397.58734130859375 2486.6474609375 899.60595703125 
1 705.9483642578125 296.592529296875 1038.5784912109375 790.84033203125 
166
0 2032.730712890625 398.6170654296875 2491.170166015625 899.5836181640625 
1 702.7027587890625 297.00048828125 1038.0623779296875 790.58740234375 
167
0 2032.7869873046875 400.1860656738281 2495.83984375 899.5589599609375 
1 700.12353515625 297.3611755371094 1038.0687255859375 789.555908203125 
168
0 2033.87939453125 402.9405212402344 2502.23095703125 899.863037109375 
1 698.99853515625 296.10504150390625 1038.34619140625 789.30126953125 
169
0 2034.452880859375 406.02764892578125 2506.526611328125 899.0316162109375 
1 696.3297729492188 290.89300537109375 1038.6068115234375 789.2315673828125 
170
0 2036.7666015625 407.6658935546875 2511.60546875 898.3734130859375 
1 694.2857055664062 289.05224609375 1038.63134765625 789.5487060546875 
171
0 2034.71435546875 407.4700927734375 2516.5185546875 896.0684204101562 
1 690.5021362304688 280.2874755859375 1038.3448486328125 789.3231201171875 
172
0 2032.60986328125 407.475830078125 2519.427734375 891.8870239257812 
1 688.1168212890625 276.84906005859375 1038.577392578125 788.9952392578125 
173
1 2052.29345703125 406.964599609375 2522.738525390625 881.0172729492188 
1 685.2457275390625 278.0013427734375 1037.67236328125 789.8350219726562 
174
1 2068.312255859375 406.73468017578125 2526.52783203125 871.7747802734375 
1 683.7330322265625 279.9286804199219 1036.17724609375 789.803466796875 
175
1 2082.871826171875 405.30682373046875 2530.072021484375 859.6018676757812 
1 681.9674682617188 288.870849609375 1034.7591552734375 788.7398681640625 
176
1 2095.785888671875 402.81866455078125 2538.596923828125 852.5114135742188 
1 680.9429931640625 321.3592224121094 1034.451904296875 788.73583984375 
177
3 2134.210693359375 400.51129150390625 2546.5380859375 836.7662963867188 
1 681.373779296875 334.80755615234375 1033.5479736328125 790.0758056640625 
178
3 2144.63427734375 396.9742431640625 2556.3134765625 826.9180297851562 
1 681.6627197265625 351.6750793457031 1032.3858642578125 790.5101928710938 
179
3 2142.60009765625 393.50042724609375 2558.39599609375 820.9219970703125 
1 681.7022705078125 356.45770263671875 1031.7528076171875 790.0616455078125 
180
3 2144.817138671875 392.5635070800781 2558.392822265625 814.0839233398438 
1 681.0602416992188 361.43450927734375 1031.6612548828125 790.1302490234375 
181
3 2146.58740234375 393.2479248046875 2558.589111328125 811.1061401367188 
1 680.490234375 365.3221740722656 1031.5543212890625 790.06884765625 
182
3 2145.48388671875 394.53350830078125 2558.765625 805.97216796875 
1 676.9407348632812 369.3294982910156 1031.4794921875 789.8472290039062 
183
3 2144.766845703125 397.3095397949219 2558.9375 803.2037353515625 
1 673.3804321289062 371.592041015625 1031.3468017578125 790.1145629882812 
184
3 2143.741455078125 399.51519775390625 2559.04296875 800.5142822265625 
1 671.7783813476562 373.0653076171875 1030.780029296875 790.35205078125 
185
3 2142.555419921875 407.29302978515625 2559.13671875 800.9066162109375 
1 668.7794189453125 373.275146484375 1030.331787109375 789.8914794921875 
186
3 2140.820068359375 412.86248779296875 2558.892333984375 801.4247436523438 
1 664.2512817382812 372.371337890625 1030.35791015625 789.9791259765625 
187
3 2144.25390625 425.918212890625 2558.87451171875 797.7457275390625 
1 660.2459716796875 370.980224609375 1030.2491455078125 789.88427734375 
188
3 2149.142578125 432.25396728515625 2558.72412109375 794.2377319335938 
1 656.6964721679688 370.084716796875 1029.6783447265625 789.6861572265625 
189
3 2161.8896484375 466.40753173828125 2558.850830078125 793.0272827148438 
1 654.4529418945312 370.16717529296875 1028.98974609375 789.8480224609375 
190
1 653.4361572265625 371.1692199707031 1027.888671875 789.930419921875 
3 2178.584228515625 468.9610290527344 2558.8251953125 788.3051147460938 
191
1 651.7130126953125 371.2477722167969 1027.4912109375 789.4764404296875 
3 2193.926025390625 467.74066162109375 2559.001953125 782.0977172851562 
192
1 651.5491943359375 370.1622314453125 1027.842529296875 789.5003662109375 
3 2214.374267578125 466.2559509277344 2559.116943359375 781.6732177734375 
193
1 652.3692626953125 367.5383605957031 1027.74853515625 789.3770141601562 
3 2239.74072265625 463.8653564453125 2559.06201171875 782.544189453125 
194
1 653.10595703125 367.135986328125 1028.07958984375 789.3767700195312 
3 2263.73779296875 463.12615966796875 2559.0888671875 781.1316528320312 
195
1 654.564208984375 366.5582275390625 1028.741455078125 789.6627197265625 
3 2288.202392578125 459.29132080078125 2559.00537109375 780.2823486328125 
196
1 654.7381591796875 362.57568359375 1030.0113525390625 789.72412109375 
3 2304.658447265625 458.2724609375 2558.939208984375 781.11767578125 
197
1 655.0899658203125 362.2503356933594 1030.9420166015625 789.8443603515625 
3 2309.879150390625 462.07037353515625 2558.86962890625 782.5737915039062 
198
1 655.3695068359375 358.91644287109375 1030.8714599609375 789.464599609375 
3 2309.99462890625 467.27105712890625 2558.861083984375 783.1900024414062 
199
1 654.5247802734375 357.1708679199219 1030.994140625 789.2373046875 
200
1 653.2294311523438 354.101318359375 1030.687255859375 789.5311889648438 
201
1 652.6615600585938 352.49969482421875 1030.8070068359375 788.904052734375 
202
1 652.0729370117188 351.73095703125 1030.744140625 788.8534545898438 
203
1 651.8211669921875 350.4193115234375 1031.7720947265625 787.6764526367188 
3 2313.41162109375 499.44287109375 2558.927001953125 780.4946899414062 
204
1 651.58056640625 348.9885559082031 1031.2313232421875 787.9576416015625 
3 2321.793212890625 506.82122802734375 2558.92138671875 778.133544921875 
205
1 651.8868408203125 347.378662109375 1028.1641845703125 788.690673828125 
3 2336.759033203125 512.59130859375 2559.012451171875 772.670166015625 
206
1 653.2341918945312 346.3804626464844 1024.181640625 790.86474609375 
3 2358.87744140625 518.8085327148438 2558.930419921875 769.4974365234375 
207
1 654.1142578125 343.704833984375 1021.7898559570312 793.187255859375 
3 2374.90380859375 525.604736328125 2558.83984375 766.5717163085938 
208
1 654.5477294921875 342.7696228027344 1019.1595458984375 795.451904296875 
3 2400.493896484375 543.2730102539062 2558.864013671875 766.03857421875 
209
1 655.86767578125 342.18975830078125 1018.6245727539062 796.3575439453125 
3 2426.661865234375 537.978759765625 2558.985107421875 765.7095336914062 
210
1 656.50830078125 341.08514404296875 1018.2315063476562 796.6949462890625 
3 2427.860107421875 543.132080078125 2559.00390625 763.6879272460938 
211
1 655.833984375 339.37628173828125 1017.766845703125 796.8796997070312 
212
1 656.1032104492188 339.0145263671875 1016.159912109375 797.12060546875 
3 2425.497314453125 582.0015258789062 2558.961669921875 743.891357421875 
213
1 656.6549072265625 337.97088623046875 1015.529052734375 797.045166015625 
214
1 657.4059448242188 337.01959228515625 1015.8883056640625 796.31591796875 
215
1 656.697509765625 334.94171142578125 1015.6473388671875 796.2392578125 
216
1 655.853515625 333.49176025390625 1015.1128540039062 796.30517578125 
217
1 654.591064453125 330.74505615234375 1014.6641845703125 796.2646484375 
218
1 654.2504272460938 329.9733581542969 1014.8377075195312 796.8380126953125 
219
1 652.7132568359375 327.22393798828125 1013.8011474609375 796.7879028320312 
220
1 650.6912841796875 323.9480285644531 1010.8863525390625 796.3701171875 
221
1 647.9692993164062 322.06488037109375 1010.7520141601562 796.4586791992188 
3 2454.997802734375 646.9788208007812 2558.969482421875 739.0704345703125 
222
1 645.0755615234375 317.64007568359375 1009.6399536132812 796.3070068359375 
223
1 642.2522583007812 315.505615234375 1009.132080078125 796.5807495117188 
224
1 638.8545532226562 312.98858642578125 1008.16015625 796.4664916992188 
225
1 635.8554077148438 310.262939453125 1007.4920654296875 795.824951171875 
226
1 632.9283447265625 306.36163330078125 1006.7333984375 795.3125 
227
1 630.022216796875 302.5547790527344 1006.26220703125 794.4716796875 
228
1 628.03857421875 300.21563720703125 1006.1553955078125 793.4343872070312 
229
1 625.3543701171875 298.16943359375 1006.486572265625 792.516845703125 
230
1 621.3017578125 296.79827880859375 1006.5682983398438 791.841796875 
231
1 620.8319091796875 295.33154296875 1006.1461181640625 790.6348876953125 
232
1 618.7032470703125 294.9653015136719 1006.403076171875 789.9669189453125 
233
1 616.5199584960938 293.0562744140625 1006.2578735351562 789.472412109375 
234
1 615.8147583007812 290.2205810546875 1004.2393188476562 789.124267578125 
235
1 615.088134765625 290.2462463378906 998.8163452148438 791.014892578125 
236
1 614.8787231445312 289.72088623046875 993.3671875 793.334228515625 
237
1 616.1785888671875 289.38323974609375 984.135498046875 796.3677368164062 
238
1 617.3878784179688 289.68597412109375 973.1349487304688 801.07763671875 
239
1 619.512451171875 289.8509521484375 964.1753540039062 805.4161987304688 
240
1 620.1063232421875 289.9874267578125 958.449951171875 808.2781982421875 
241
1 622.230712890625 291.5653381347656 959.067626953125 808.8458862304688 
242
1 624.0653076171875 292.8565673828125 959.222900390625 809.07421875 
243
1 626.2171020507812 293.7535400390625 958.9317016601562 809.5940551757812 
244
1 628.4407958984375 294.47528076171875 959.2205810546875 809.411376953125 
245
1 632.9419555664062 294.8184814453125 959.3084716796875 809.70751953125 
246
1 635.1716918945312 295.35064697265625 959.3170166015625 809.8856811523438 
247
1 637.830810546875 294.7432861328125 960.6318359375 806.8969116210938 
248
1 641.45947265625 294.5985107421875 960.253662109375 807.81591796875 
1 640.4944458007812 295.5879821777344 959.106689453125 809.5531616210938 
249
1 642.697021484375 294.73895263671875 960.868896484375 806.7374267578125 
250
1 646.3013916015625 294.6430969238281 961.43896484375 808.2874145507812 
251
1 649.0828857421875 294.01806640625 962.558349609375 806.4140014648438 
252
1 652.5046997070312 293.93975830078125 963.6591796875 806.1224365234375 
3 711.1196899414062 32.95747375488281 779.4462890625 158.48843383789062 
253
1 653.3256225585938 293.8659362792969 963.37060546875 806.0825805664062 
3 711.1160888671875 32.488075256347656 779.4805297851562 158.51596069335938 
254
1 655.688720703125 293.54119873046875 963.0382080078125 805.9564819335938 
3 709.386474609375 30.875015258789062 777.386962890625 159.16481018066406 
255
1 658.602783203125 294.05889892578125 963.10888671875 806.3401489257812 
3 704.0014038085938 31.481170654296875 777.2268676757812 161.5667724609375 
256
1 660.747802734375 294.75146484375 962.7877197265625 806.448974609375 
3 706.8687744140625 34.351806640625 777.381591796875 162.79478454589844 
257
1 663.3436279296875 295.65325927734375 962.6817626953125 806.216552734375 
3 699.3704223632812 35.68016052246094 777.112060546875 165.75970458984375 
258
1 665.1687622070312 296.89324951171875 962.6571655273438 806.8780517578125 
3 693.9723510742188 38.467857360839844 776.77392578125 169.143798828125 
259
1 665.826416015625 296.7134094238281 962.7943115234375 807.0165405273438 
3 688.5440673828125 36.23393249511719 776.8151245117188 168.33802795410156 
260
1 665.9629516601562 296.7254638671875 962.38427734375 807.3477783203125 
3 677.5786743164062 39.25636291503906 778.4325561523438 171.06735229492188 
261
1 666.37255859375 297.07855224609375 963.6728515625 807.6679077148438 
3 672.9539184570312 39.49223327636719 778.4953002929688 174.7404022216797 
262
1 666.3473510742188 297.33990478515625 964.522705078125 807.8712158203125 
3 672.2348022460938 41.54248046875 780.3126831054688 174.27340698242188 
263
1 666.2527465820312 297.3778991699219 965.2108764648438 807.7742919921875 
3 671.8555297851562 42.093605041503906 776.672119140625 173.88868713378906 
264
1 665.7249145507812 297.7413330078125 965.2858276367188 807.5789794921875 
3 667.03564453125 41.37593078613281 770.0617065429688 174.06207275390625 
265
1 664.7260131835938 297.90545654296875 965.816650390625 807.496337890625 
3 662.614990234375 38.18975067138672 764.072509765625 176.7920379638672 
266
1 662.1029052734375 297.8056640625 965.90576171875 807.7725830078125 
3 657.8809814453125 41.32183074951172 758.2666015625 177.08407592773438 
267
3 652.3837280273438 40.904693603515625 749.62158203125 178.0797576904297 
1 659.8792724609375 297.62689208984375 966.3359375 807.60595703125 
268
1 658.1444702148438 297.50469970703125 966.8052978515625 807.9447021484375 
3 651.750732421875 40.156951904296875 739.9214477539062 177.5251007080078 
269
1 656.5637817382812 297.36248779296875 966.692626953125 807.6943359375 
3 646.329345703125 44.10206604003906 729.5675659179688 177.3207244873047 
270
1 654.75537109375 296.9200134277344 966.8338623046875 807.5087280273438 
3 636.049072265625 34.0164794921875 720.4906005859375 177.07884216308594 
271
1 652.5611572265625 296.7154846191406 967.1609497070312 807.5198974609375 
3 634.8585815429688 39.097068786621094 711.1864013671875 176.67433166503906 
272
1 649.8525390625 296.4625244140625 967.2244873046875 807.2352294921875 
3 632.6366577148438 35.49439239501953 702.2390747070312 179.29803466796875 
273
1 646.4881591796875 296.31964111328125 967.3511352539062 807.06005859375 
3 629.0401000976562 38.5406494140625 700.89892578125 180.57659912109375 
274
1 642.6594848632812 295.980224609375 967.3861083984375 806.9957275390625 
3 624.0103759765625 33.99053955078125 700.2512817382812 181.66152954101562 
275
1 637.9676513671875 295.91217041015625 967.7197265625 807.1675415039062 
3 620.8120727539062 46.34422302246094 700.4328002929688 177.4622802734375 
276
1 633.8900146484375 295.8937683105469 968.599853515625 807.3739624023438 
3 618.3917846679688 50.763214111328125 700.1907958984375 177.5848388671875 
277
1 630.900390625 295.79998779296875 968.7684326171875 806.9293212890625 
3 610.6217041015625 44.81177520751953 699.0087280273438 177.20700073242188 
278
1 627.2759399414062 295.4970703125 969.0789794921875 806.8740234375 
3 608.4156494140625 48.10595703125 698.0667114257812 177.77798461914062 
279
1 623.6317749023438 296.080810546875 969.1268310546875 807.2002563476562 
3 607.8599243164062 53.99522399902344 697.4959716796875 178.9278564453125 
280
1 620.206298828125 296.291259765625 968.88037109375 807.2001953125 
3 602.5514526367188 51.31219482421875 696.3915405273438 181.35772705078125 
281
1 617.2783203125 296.58642578125 968.714599609375 806.743408203125 
3 595.3161010742188 50.5968017578125 695.3882446289062 182.49488830566406 
282
1 614.6287841796875 296.28399658203125 968.6721801757812 806.329833984375 
3 591.4468383789062 41.847007751464844 685.7326049804688 181.70480346679688 
3 591.1572265625 43.587860107421875 686.9111328125 181.67233276367188 
283
1 611.4268188476562 296.2851257324219 968.2232666015625 806.2315673828125 
3 586.0516357421875 46.55293273925781 647.7734375 181.46054077148438 
284
1 608.191162109375 295.9279479980469 968.1331787109375 806.1405029296875 
3 579.25146484375 50.397552490234375 642.1610717773438 182.09994506835938 
285
1 604.8833618164062 295.4587097167969 968.2486572265625 805.8089599609375 
3 578.9419555664062 51.2611083984375 638.6928100585938 180.94821166992188 
286
1 603.0700073242188 294.1783447265625 968.2798461914062 805.967041015625 
3 571.5385131835938 49.959617614746094 633.4932861328125 161.5115509033203 
287
1 600.422119140625 294.7098388671875 968.1536865234375 806.2022705078125 
3 567.2840576171875 51.15541076660156 636.5137939453125 173.87158203125 
288
1 596.7311401367188 295.1571044921875 967.969970703125 806.0819702148438 
3 562.0990600585938 50.77491760253906 637.0413208007812 179.6161651611328 
289
1 593.8251953125 296.56182861328125 967.955322265625 806.1508178710938 
3 559.146240234375 50.80652618408203 631.6755981445312 181.32337951660156 
290
1 590.9378051757812 298.0566711425781 967.8998413085938 806.1126098632812 
3 552.7947387695312 47.92982482910156 631.3370361328125 185.8411407470703 
291
1 588.3404541015625 300.06231689453125 967.6226196289062 806.3634033203125 
3 547.62744140625 49.907806396484375 630.533935546875 187.20364379882812 
292
1 587.5040893554688 301.01904296875 967.472900390625 806.3638305664062 
3 541.8544921875 50.883872985839844 628.6199340820312 198.40512084960938 
293
1 586.8693237304688 301.2573547363281 967.3262939453125 806.3955078125 
3 538.537109375 55.06028747558594 628.3614501953125 203.505859375 
294
1 586.760986328125 301.588623046875 967.236572265625 806.5798950195312 
3 533.7205810546875 58.27363586425781 628.2405395507812 207.11309814453125 
295
1 586.31884765625 301.919677734375 966.699462890625 806.0643310546875 
3 529.4229125976562 59.898162841796875 626.9515991210938 209.442626953125 
296
1 586.1047973632812 302.4976806640625 966.5201416015625 806.0387573242188 
3 521.0391845703125 60.843955993652344 626.21875 210.7395477294922 
297
1 586.1251220703125 303.448486328125 966.4814453125 806.0541381835938 
3 517.479248046875 62.44677734375 624.7105712890625 212.63096618652344 
298
1 586.1328735351562 303.65301513671875 966.4259033203125 806.0337524414062 
3 510.9559326171875 63.37017822265625 583.0632934570312 209.8398895263672 
299
1 586.3553466796875 303.5028991699219 966.7301025390625 806.0838623046875 
3 507.29522705078125 63.91075134277344 580.3969116210938 210.2188262939453 
300
1 587.4264526367188 303.4051513671875 966.8441772460938 806.1473388671875 
3 501.84600830078125 64.06649017333984 613.7220458984375 210.9683380126953 
3 501.9163818359375 63.91265869140625 575.068603515625 210.0299072265625 
301
1 588.3298950195312 303.810791015625 966.7115478515625 806.24951171875 
3 498.6687927246094 62.989166259765625 606.0687255859375 210.63662719726562 
3 499.01324462890625 63.24298095703125 568.5681762695312 210.52268981933594 
302
1 588.265869140625 303.86309814453125 966.7037963867188 806.2518310546875 
3 489.98809814453125 61.003273010253906 566.981689453125 211.09036254882812 
303
1 588.07763671875 303.7705383300781 966.6382446289062 806.2186279296875 
3 484.76898193359375 58.01581573486328 588.3225708007812 210.3880157470703 
304
1 587.8486938476562 303.86480712890625 966.779052734375 806.2296752929688 
3 480.3004455566406 58.126731872558594 579.4501953125 210.78402709960938 
305
1 587.565185546875 303.8329162597656 967.137451171875 805.9837646484375 
3 475.20458984375 53.70851135253906 572.665283203125 211.23875427246094 
306
1 587.4716796875 303.91259765625 967.2572021484375 805.9947509765625 
3 474.9224548339844 56.642189025878906 566.806396484375 216.14141845703125 
307
1 587.275634765625 303.8441162109375 967.2958374023438 806.0494995117188 
3 471.62420654296875 61.98307800292969 566.4168090820312 222.77294921875 
308
1 585.2905883789062 303.8551330566406 967.3626098632812 805.8991088867188 
3 468.22198486328125 60.015838623046875 566.8873291015625 227.92376708984375 
309
1 582.5682983398438 303.7742919921875 967.4691162109375 805.8116455078125 
3 464.65960693359375 63.55918884277344 566.25830078125 232.23504638671875 
310
1 554.4825439453125 304.5325622558594 967.6513671875 805.770751953125 
3 458.70172119140625 63.01280212402344 566.1878662109375 234.84182739257812 
311
1 543.9745483398438 304.55902099609375 967.7537231445312 805.7832641601562 
3 455.7099914550781 68.02423858642578 565.3248291015625 235.05502319335938 
312
1 533.42578125 306.90625 967.0575561523438 807.981201171875 
3 448.0716247558594 69.80500793457031 565.2620239257812 234.73043823242188 
313
1 527.6746215820312 306.26690673828125 967.111328125 808.1397705078125 
3 442.39910888671875 70.0386962890625 559.8079833984375 238.71612548828125 
314
1 525.5038452148438 306.0082702636719 967.1820068359375 808.08984375 
3 437.6641845703125 78.76371765136719 557.3234252929688 240.8763427734375 
315
1 522.0579833984375 305.1165771484375 967.13623046875 808.1563110351562 
3 432.8874206542969 81.88059997558594 551.8164672851562 240.80105590820312 
316
1 519.4957275390625 304.6356201171875 967.037353515625 808.1297607421875 
3 426.12548828125 83.83712768554688 545.2568359375 239.45333862304688 
3 425.7725524902344 83.13919830322266 503.5700378417969 238.78878784179688 
317
1 515.1964111328125 304.79833984375 967.0618896484375 808.20458984375 
3 422.7301025390625 83.7774429321289 538.4241943359375 239.98892211914062 
3 422.7015380859375 83.10945129394531 497.2850646972656 239.97637939453125 
318
1 537.502685546875 302.7103271484375 967.961181640625 805.8858642578125 
3 418.9631042480469 82.72125244140625 525.743896484375 241.78567504882812 
319
1 521.1154174804688 305.3656921386719 966.9722900390625 808.0460205078125 
3 413.1419982910156 82.78865051269531 519.5960693359375 240.87432861328125 
320
1 512.573974609375 305.8099365234375 967.0382080078125 808.1966552734375 
3 407.56512451171875 81.57601165771484 506.4939880371094 238.88302612304688 
321
1 511.9599609375 305.59771728515625 967.1168823242188 808.23828125 
3 402.86358642578125 82.87206268310547 499.9231262207031 234.99752807617188 
322
1 529.2842407226562 305.8106689453125 966.9236450195312 808.1041259765625 
3 399.0187072753906 84.3460464477539 493.7381286621094 239.92965698242188 
323
1 524.9323120117188 306.4658203125 966.9922485351562 808.0821533203125 
3 394.5650939941406 84.45000457763672 494.60845947265625 242.2506103515625 
324
1 523.7379150390625 307.0511779785156 966.911376953125 808.1449584960938 
3 389.9732360839844 85.50811004638672 494.3702392578125 246.7227783203125 
325
1 521.0428466796875 307.23394775390625 966.7591552734375 808.154296875 
3 385.5525207519531 86.5589370727539 494.1322326660156 250.27993774414062 
326
1 525.0833129882812 307.6154479980469 966.7340087890625 808.1234130859375 
3 381.4168395996094 89.53947448730469 495.4189758300781 252.58758544921875 
327
1 526.5358276367188 307.5336608886719 966.8033447265625 808.1368408203125 
3 376.37359619140625 92.96791076660156 495.7665710449219 255.167724609375 
328
1 527.6295776367188 307.6680908203125 966.8987426757812 808.1085205078125 
3 371.76702880859375 93.627685546875 495.3585205078125 254.81942749023438 
329
1 529.148193359375 307.8177490234375 967.0596923828125 807.7390747070312 
3 366.9261474609375 96.900634765625 494.8963623046875 258.76239013671875 
330
1 528.81396484375 308.03509521484375 967.0934448242188 807.7679443359375 
3 361.2039489746094 96.06979370117188 490.6134948730469 257.36279296875 
331
1 529.7535400390625 308.3262023925781 967.236572265625 807.8800048828125 
3 353.09393310546875 95.79763793945312 488.69830322265625 263.56005859375 
332
1 528.8773193359375 308.20068359375 967.228271484375 807.900634765625 
3 342.3629150390625 94.26962280273438 482.6326904296875 263.13787841796875 
333
1 530.2824096679688 308.1036376953125 967.3160400390625 807.881591796875 
3 337.8315734863281 96.26992797851562 473.3465576171875 262.42498779296875 
334
1 532.09228515625 308.2178955078125 967.3562622070312 807.9089965820312 
3 333.6871643066406 93.15617370605469 466.7081298828125 262.9305114746094 
335
1 533.050537109375 308.3070068359375 967.3515014648438 807.9420166015625 
3 330.7537841796875 88.83982849121094 456.55572509765625 262.59716796875 
336
1 533.1893310546875 308.3011169433594 967.4302978515625 807.9771118164062 
3 325.77984619140625 94.93301391601562 445.9802551269531 262.2796325683594 
337
1 534.0315551757812 308.39129638671875 967.5779418945312 807.966552734375 
3 319.46063232421875 102.98532104492188 434.93939208984375 258.1056823730469 
338
1 536.1953735351562 308.36041259765625 967.587158203125 807.9573974609375 
3 317.17059326171875 96.37818908691406 425.67962646484375 257.2148132324219 
339
1 537.642578125 308.2765808105469 967.5416870117188 807.8028564453125 
3 311.48126220703125 104.70703125 416.359130859375 265.303466796875 
340
1 536.7468872070312 308.25274658203125 967.366943359375 807.9619140625 
3 306.4000549316406 109.721435546875 415.2684631347656 266.90924072265625 
341
1 538.4676513671875 308.32220458984375 967.5250854492188 807.8436889648438 
3 302.43084716796875 112.97850036621094 414.08099365234375 270.6270751953125 
3 332.77947998046875 84.5720443725586 425.824462890625 198.9748992919922 
342
1 537.9935302734375 308.41827392578125 967.59521484375 807.8511962890625 
3 297.4287109375 112.55772399902344 414.38763427734375 276.40966796875 
343
1 537.638916015625 308.4119873046875 967.525634765625 807.83349609375 
3 290.59051513671875 112.10760498046875 412.615966796875 280.1732482910156 
344
1 535.6915283203125 308.40576171875 967.5548706054688 807.7901611328125 
3 286.6848449707031 112.9031982421875 411.4264831542969 284.0458068847656 
345
1 540.3958740234375 308.23681640625 967.6139526367188 807.9766845703125 
3 283.6776428222656 116.21682739257812 411.36346435546875 284.30133056640625 
346
1 556.24462890625 306.38177490234375 968.070068359375 805.7042236328125 
3 280.34320068359375 118.84501647949219 410.05255126953125 282.94207763671875 
347
1 566.0472412109375 307.4356384277344 967.8389282226562 805.813232421875 
3 272.5062561035156 121.61363220214844 407.328125 287.44268798828125 
348
1 573.2399291992188 308.20977783203125 967.7987060546875 805.8507080078125 
3 271.0740661621094 123.71987915039062 402.13238525390625 289.8760070800781 
349
1 576.3511962890625 308.6736755371094 967.864013671875 805.8800048828125 
3 261.226806640625 124.21490478515625 397.9765930175781 287.6540832519531 
350
1 579.572265625 308.1109924316406 967.8729248046875 805.6021118164062 
3 255.49703979492188 127.27642822265625 392.48480224609375 285.205810546875 
351
1 580.9719848632812 307.49658203125 967.8527221679688 805.71337890625 
3 248.58294677734375 128.38482666015625 382.44219970703125 284.00244140625 
352
1 581.854248046875 307.26214599609375 967.937255859375 805.5953979492188 
3 244.4990234375 128.12217712402344 375.3067932128906 285.8009948730469 
353
1 582.22900390625 307.34991455078125 968.096435546875 805.51171875 
3 238.67623901367188 126.74452209472656 364.61370849609375 283.16595458984375 
354
1 582.6531982421875 307.85394287109375 967.9368896484375 805.5746459960938 
3 234.85293579101562 125.47186279296875 352.9755554199219 284.71026611328125 
355
1 583.004150390625 307.8780517578125 968.18115234375 805.7615966796875 
3 229.91525268554688 123.99932861328125 343.6707763671875 280.69464111328125 
356
1 583.2413330078125 308.0909423828125 968.2003784179688 805.73779296875 
3 226.52468872070312 125.575927734375 335.19342041015625 280.3626403808594 
357
1 583.516357421875 308.1002502441406 968.1781616210938 805.8474731445312 
3 222.92311096191406 128.37005615234375 329.2319030761719 287.7880859375 
358
1 584.245361328125 307.727783203125 968.08837890625 805.9727783203125 
3 217.40902709960938 128.99087524414062 329.87066650390625 290.145751953125 
359
3 214.59237670898438 129.4312286376953 330.9793395996094 293.7785339355469 
1 584.6375122070312 307.0407409667969 968.232421875 805.8582153320312 
360
1 585.165771484375 306.1008605957031 968.23388671875 805.8726806640625 
3 210.440673828125 131.4129638671875 331.5851745605469 298.7984619140625 
361
1 585.826416015625 305.83416748046875 968.2499389648438 805.6138916015625 
3 205.20677185058594 131.98953247070312 331.6493835449219 300.837646484375 
362
1 586.4852294921875 305.1720886230469 968.244873046875 805.4951171875 
3 200.65914916992188 134.73500061035156 331.6051330566406 301.86962890625 
363
1 587.938720703125 304.94146728515625 968.737060546875 804.9065551757812 
3 192.20925903320312 135.08749389648438 333.14410400390625 306.59075927734375 
364
1 589.390380859375 304.66644287109375 970.77685546875 804.4447631835938 
3 191.34596252441406 138.70480346679688 331.98211669921875 306.8870849609375 
365
1 591.2079467773438 303.67108154296875 974.498291015625 804.2817993164062 
3 187.3641357421875 142.89984130859375 331.3374328613281 310.45477294921875 
366
1 592.8092651367188 304.3509521484375 980.186767578125 804.316162109375 
3 181.4579315185547 143.2991180419922 329.50048828125 311.8474426269531 
367
1 593.9453125 302.7681884765625 987.3592529296875 804.28955078125 
3 177.12823486328125 142.2339630126953 319.79931640625 312.29119873046875 
368
1 596.2318115234375 302.3713073730469 995.604736328125 803.9210815429688 
3 172.23464965820312 141.16473388671875 309.44647216796875 312.286376953125 
369
1 600.5003051757812 302.41778564453125 1004.1527099609375 804.0325317382812 
3 167.44715881347656 144.25828552246094 300.6688232421875 312.34954833984375 
370
1 603.3550415039062 303.2645263671875 1014.905517578125 803.6105346679688 
3 163.5802459716797 144.33306884765625 288.5714111328125 312.0793151855469 
371
1 608.04443359375 303.6222229003906 1022.3793334960938 802.7307739257812 
3 158.5072021484375 144.26028442382812 279.97900390625 312.07843017578125 
372
1 615.0691528320312 303.4609069824219 1031.1650390625 802.7844848632812 
3 153.40101623535156 143.9805145263672 272.52880859375 311.2095031738281 
373
1 620.1178588867188 303.8267822265625 1035.5997314453125 800.7630615234375 
3 146.43017578125 146.92088317871094 265.80322265625 311.94189453125 
374
1 628.720947265625 303.7318115234375 1039.945556640625 800.789794921875 
3 145.39016723632812 149.0686798095703 260.1073913574219 313.92364501953125 
375
1 639.1814575195312 304.39263916015625 1042.5841064453125 800.9720458984375 
3 143.07118225097656 148.73446655273438 257.71484375 317.9559020996094 
376
1 649.7550659179688 304.8669128417969 1046.69970703125 801.4361572265625 
3 137.6468963623047 149.695556640625 257.47119140625 323.8868713378906 
377
1 661.8043212890625 304.422607421875 1044.6636962890625 802.4189453125 
3 133.5460968017578 147.50863647460938 257.1871643066406 330.2665710449219 
378
1 670.75830078125 303.15570068359375 1044.22509765625 802.0374755859375 
3 128.42953491210938 146.5854949951172 255.6505584716797 332.3993225097656 
379
1 682.51953125 302.29058837890625 1045.295166015625 801.6771850585938 
3 125.33103942871094 148.74038696289062 255.93939208984375 335.38519287109375 
380
1 693.5050048828125 301.17645263671875 1045.6802978515625 801.4619750976562 
3 121.38236999511719 154.54653930664062 257.5375671386719 336.9836120605469 
381
1 701.8831787109375 300.8778076171875 1044.9647216796875 801.2678833007812 
3 116.41453552246094 161.12063598632812 258.1297912597656 337.2402038574219 
382
1 707.80712890625 298.58154296875 1045.10205078125 810.3865966796875 
3 111.46318817138672 163.88555908203125 255.96429443359375 336.1280822753906 
383
1 715.9434814453125 298.10552978515625 1045.0419921875 810.0620727539062 
3 106.87129211425781 165.8333740234375 250.40145874023438 334.1289367675781 
384
1 720.55078125 298.14007568359375 1045.697265625 808.28076171875 
3 95.05462646484375 165.23855590820312 245.02200317382812 337.26458740234375 
385
1 725.4310302734375 296.99676513671875 1045.850341796875 803.792724609375 
3 97.58233642578125 162.418212890625 239.75469970703125 337.2181091308594 
386
1 728.1061401367188 295.26873779296875 1045.8179931640625 802.6376953125 
3 89.76766967773438 156.955322265625 234.71588134765625 336.88427734375 
387
1 730.4212036132812 295.1932373046875 1046.2554931640625 802.5631713867188 
3 88.42994689941406 154.9629669189453 224.20217895507812 335.5537109375 
388
1 732.0377807617188 293.0638427734375 1046.292724609375 802.1417846679688 
3 86.78751373291016 164.533447265625 219.65298461914062 334.346923828125 
389
1 732.26904296875 289.9864501953125 1046.374755859375 800.6804809570312 
3 83.5712890625 169.2249755859375 203.64012145996094 333.6285400390625 
390
1 732.982421875 290.92596435546875 1046.5281982421875 800.2386474609375 
3 80.47274780273438 169.9008026123047 201.68814086914062 332.1521301269531 
391
1 733.320068359375 291.69085693359375 1046.63525390625 800.0531616210938 
3 76.12643432617188 171.5521697998047 196.50323486328125 334.486328125 
392
1 733.6302490234375 292.2568664550781 1046.558837890625 799.858642578125 
3 72.64645385742188 169.62396240234375 192.89414978027344 336.64666748046875 
393
1 733.0380249023438 293.9471435546875 1046.4412841796875 800.9078369140625 
3 68.68276977539062 172.2156982421875 192.91049194335938 337.7337951660156 
394
1 731.4573974609375 294.215087890625 1045.9053955078125 800.8154296875 
3 67.99334716796875 171.0629119873047 192.743408203125 340.3714599609375 
395
1 731.170166015625 295.51971435546875 1046.07861328125 800.7674560546875 
3 65.86564636230469 170.77078247070312 192.7725830078125 340.3815612792969 
396
1 729.345458984375 292.8763732910156 1046.0235595703125 800.4317626953125 
3 64.9656982421875 169.08267211914062 193.17529296875 340.7809753417969 
397
1 725.2578735351562 293.67291259765625 1046.23974609375 800.4091796875 
3 40.024925231933594 144.630615234375 192.23988342285156 339.94586181640625 
398
1 719.3221435546875 289.3453369140625 1046.1158447265625 800.5298461914062 
3 56.78356170654297 162.4021759033203 192.76199340820312 340.64923095703125 
399
1 715.005615234375 286.96697998046875 1046.0596923828125 800.5343017578125 
3 55.13881301879883 165.16598510742188 189.29873657226562 342.1374816894531 
400
1 711.9109497070312 287.06768798828125 1045.8004150390625 800.6531982421875 
3 56.36571502685547 163.88836669921875 191.89537048339844 341.9783935546875 
401
1 709.49072265625 290.5404052734375 1045.98974609375 800.7612915039062 
3 64.92138671875 166.10968017578125 190.40213012695312 342.581787109375 
402
1 706.652099609375 301.9877014160156 1045.8082275390625 800.6260375976562 
3 59.92412185668945 173.40951538085938 182.724365234375 342.66558837890625 
403
1 705.719970703125 305.33331298828125 1045.772216796875 800.52490234375 
3 55.44990158081055 177.04483032226562 180.6171112060547 343.2872009277344 
404
1 703.90185546875 326.24176025390625 1045.5643310546875 800.7017211914062 
3 53.366241455078125 178.24981689453125 173.53662109375 343.8395690917969 
405
1 703.387451171875 334.4186706542969 1045.629150390625 800.5319213867188 
3 47.827362060546875 177.9629669189453 169.87391662597656 344.75634765625 
406
1 701.6661376953125 346.91766357421875 1045.79052734375 800.3855590820312 
3 44.42803955078125 178.97584533691406 167.7264862060547 345.697021484375 
407
1 700.9373779296875 352.10321044921875 1045.87158203125 800.296142578125 
3 47.70341491699219 184.13629150390625 165.9125518798828 347.37640380859375 
408
1 700.388671875 357.06158447265625 1045.994140625 800.26904296875 
3 41.17163848876953 184.84088134765625 162.54051208496094 348.6087341308594 
409
1 698.690673828125 360.56195068359375 1046.364013671875 800.2699584960938 
3 41.937042236328125 186.2316436767578 159.17860412597656 349.8250427246094 
410
1 697.2551879882812 364.37408447265625 1046.2861328125 799.9942626953125 
3 38.58781433105469 186.58200073242188 157.08035278320312 352.59490966796875 
411
1 696.3823852539062 366.03106689453125 1046.35888671875 799.4414672851562 
3 38.34565734863281 188.50518798828125 155.56222534179688 353.6054382324219 
412
1 692.7662353515625 367.3647766113281 1046.5078125 798.8260498046875 
3 36.72251892089844 189.17929077148438 153.3885498046875 352.55389404296875 
413
1 691.7800903320312 367.1043395996094 1046.5118408203125 798.9923706054688 
3 32.7060546875 185.5748291015625 153.39566040039062 349.35040283203125 
414
1 689.55712890625 365.90008544921875 1046.4759521484375 798.8048706054688 
3 30.17111587524414 186.78590393066406 153.5793914794922 350.7370300292969 
415
1 689.6347045898438 364.9025573730469 1046.6103515625 798.4322509765625 
3 28.416324615478516 189.31968688964844 155.29022216796875 350.29486083984375 
416
1 688.49365234375 361.16448974609375 1046.39501953125 798.0512084960938 
3 27.439208984375 192.07838439941406 154.8087158203125 350.26080322265625 
417
1 686.2402954101562 359.40655517578125 1046.03369140625 796.6359252929688 
3 25.94188690185547 192.98048400878906 154.7340545654297 349.95037841796875 
418
1 685.881591796875 357.5171813964844 1045.8746337890625 796.2588500976562 
3 25.96607208251953 193.92330932617188 154.2391357421875 350.2232666015625 
419
1 686.40576171875 354.91912841796875 1046.05859375 796.0272827148438 
420
1 687.8643798828125 350.9566650390625 1045.831298828125 796.2823486328125 
3 25.22051239013672 102.41006469726562 156.147216796875 352.9776611328125 
421
1 688.67138671875 349.11212158203125 1045.8748779296875 796.2713623046875 
3 24.842071533203125 113.24494934082031 156.6016082763672 352.4228210449219 
422
1 688.76171875 346.6767578125 1045.6357421875 796.1918334960938 
3 24.028324127197266 196.71778869628906 154.79312133789062 352.0064697265625 
423
1 688.8446044921875 346.3040771484375 1045.78271484375 796.8724975585938 
3 22.689842224121094 198.67916870117188 154.2281951904297 352.7042236328125 
424
1 689.3094482421875 345.4421081542969 1045.840087890625 796.9407958984375 
3 23.121726989746094 199.98910522460938 154.84510803222656 352.5435791015625 
425
1 689.1495971679688 343.5750732421875 1045.9503173828125 796.8212890625 
3 25.09405517578125 206.35537719726562 154.1463623046875 352.63079833984375 
3 22.80501937866211 202.1634979248047 154.1609344482422 352.17950439453125 
426
1 688.9937744140625 342.471923828125 1045.8834228515625 797.0318603515625 
3 21.41533660888672 201.2367706298828 154.03042602539062 352.33245849609375 
427
1 687.2100830078125 340.60528564453125 1045.6124267578125 796.8546752929688 
3 20.064517974853516 201.7937469482422 154.59896850585938 353.3798828125 
428
1 686.426513671875 338.69873046875 1045.99755859375 796.7689208984375 
3 19.56850814819336 202.5358123779297 154.537109375 353.03607177734375 
429
1 683.7667846679688 337.8580627441406 1045.9932861328125 796.70361328125 
3 19.176006317138672 202.25682067871094 154.39517211914062 352.61700439453125 
430
1 679.71044921875 337.7290344238281 1046.3065185546875 796.334228515625 
3 18.370277404785156 202.01731872558594 153.787841796875 352.5619201660156 
431
1 675.365234375 337.47125244140625 1046.4259033203125 795.9871215820312 
3 17.929119110107422 201.86776733398438 153.24314880371094 352.272705078125 
432
1 671.8745727539062 336.877197265625 1046.336181640625 795.8975219726562 
3 18.55419921875 202.2674102783203 152.72532653808594 352.0845642089844 
433
1 668.2425537109375 328.27325439453125 1046.5550537109375 795.877197265625 
3 18.692962646484375 202.3550567626953 152.78289794921875 352.3397216796875 
434
1 664.8165283203125 329.93310546875 1046.4114990234375 795.909423828125 
3 18.853832244873047 202.3322296142578 152.39300537109375 353.1567077636719 
435
1 661.4381103515625 330.4814453125 1046.208984375 796.180419921875 
3 19.072574615478516 202.44100952148438 152.28192138671875 353.21392822265625 
436
1 658.5829467773438 335.7010498046875 1046.3135986328125 796.5235595703125 
3 19.60865020751953 202.37205505371094 152.7201690673828 353.4456787109375 
437
1 656.1123046875 344.9422607421875 1046.48486328125 796.1350708007812 
3 19.247478485107422 201.89369201660156 153.06939697265625 353.34912109375 
438
1 653.3750610351562 352.25238037109375 1046.5218505859375 796.4683227539062 
3 19.297584533691406 202.1966094970703 152.96527099609375 353.38409423828125 
439
1 651.1143188476562 360.3994140625 1046.27490234375 796.7735595703125 
3 19.240314483642578 201.98910522460938 152.94635009765625 353.6286926269531 
440
1 650.0595703125 366.15875244140625 1046.13818359375 797.1558837890625 
3 19.31100082397461 201.79934692382812 152.1802978515625 353.4713439941406 
441
1 648.1057739257812 371.11962890625 1046.2266845703125 797.6051635742188 
3 19.39441680908203 201.79595947265625 152.2025146484375 353.217041015625 
442
1 646.570068359375 373.5877685546875 1046.178955078125 798.30615234375 
3 19.204784393310547 201.87930297851562 151.90817260742188 353.306884765625 
443
1 645.1138305664062 375.0445556640625 1046.216796875 798.6647338867188 
3 18.81903839111328 202.10784912109375 151.73831176757812 353.25726318359375 
444
1 644.0690307617188 375.5496826171875 1046.206298828125 798.1474609375 
3 18.516735076904297 202.2703857421875 151.84417724609375 353.25177001953125 
445
1 642.4966430664062 375.2487487792969 1046.13525390625 796.998046875 
3 18.23419189453125 202.45928955078125 151.43603515625 352.9185791015625 
446
1 641.2824096679688 373.94580078125 1046.0887451171875 796.6945190429688 
3 18.04444122314453 202.40499877929688 151.4075469970703 352.9488220214844 
447
1 641.46875 373.2235412597656 1046.0909423828125 796.4022216796875 
3 18.332134246826172 202.38848876953125 151.84580993652344 353.0345764160156 
448
1 642.107421875 372.7349853515625 1046.1549072265625 796.49951171875 
3 18.379650115966797 202.4552001953125 151.8468017578125 353.1004638671875 
449
1 643.698486328125 370.36224365234375 1046.043701171875 797.0194091796875 
3 18.191295623779297 202.42385864257812 152.074951171875 353.29052734375 
450
1 646.8445434570312 369.2874755859375 1046.0224609375 796.8272094726562 
3 17.86077117919922 202.50753784179688 151.84976196289062 353.4371337890625 
451
1 648.4814453125 365.6130065917969 1046.1749267578125 797.163818359375 
3 17.562084197998047 202.05711364746094 151.18405151367188 353.5375061035156 
452
1 650.0491943359375 361.9161071777344 1046.1070556640625 797.2507934570312 
3 17.276473999023438 201.82911682128906 151.18505859375 353.36175537109375 
453
1 652.7962646484375 358.82843017578125 1046.07373046875 797.6829833984375 
3 17.104137420654297 201.73257446289062 151.16880798339844 353.23541259765625 
454
1 656.2191162109375 355.1137390136719 1046.1304931640625 797.7978515625 
3 16.969669342041016 201.693603515625 151.13658142089844 353.26580810546875 
455
1 660.6642456054688 351.872802734375 1046.1185302734375 797.7041015625 
3 16.576435089111328 201.6245574951172 151.6429901123047 353.0154113769531 
456
1 663.531005859375 349.38751220703125 1046.055419921875 797.2684936523438 
3 16.652156829833984 201.664794921875 151.6215057373047 353.3388366699219 
457
1 665.552734375 346.36004638671875 1046.16650390625 796.95166015625 
3 16.802982330322266 201.814453125 151.901123046875 353.42822265625 
458
1 666.6131591796875 342.0851135253906 1045.970703125 796.6439819335938 
3 17.275653839111328 201.80325317382812 152.0738067626953 353.1529541015625 
459
1 668.3896484375 339.83612060546875 1046.16064453125 796.5554809570312 
3 17.150127410888672 201.94444274902344 152.00083923339844 353.401123046875 
460
1 669.5481567382812 336.72637939453125 1046.2821044921875 796.85107421875 
3 17.106189727783203 201.6970672607422 152.82717895507812 353.7271728515625 
461
1 669.9450073242188 334.906494140625 1046.2794189453125 796.8032836914062 
3 17.592784881591797 202.08120727539062 152.84271240234375 353.0213623046875 
462
1 671.05810546875 332.5684814453125 1046.1800537109375 796.7039794921875 
3 17.26407241821289 201.81272888183594 152.2884521484375 353.4530334472656 
463
1 671.4570922851562 332.1219482421875 1046.07958984375 796.363525390625 
3 17.07280731201172 201.7524871826172 152.25982666015625 353.3266906738281 
464
1 671.4133911132812 331.7449645996094 1046.1004638671875 796.292236328125 
3 17.28680419921875 202.10911560058594 152.23971557617188 353.3118896484375 
465
1 671.97900390625 332.3683166503906 1046.1502685546875 796.330810546875 
3 17.426795959472656 202.05567932128906 152.18704223632812 353.3343505859375 
466
1 671.9911499023438 332.5379943847656 1046.0325927734375 796.2177734375 
3 17.613418579101562 202.4169921875 152.7960968017578 353.0692138671875 
467
1 671.3011474609375 334.1806335449219 1045.9515380859375 796.2367553710938 
3 17.365440368652344 202.18167114257812 152.85809326171875 353.2047119140625 
468
1 670.4939575195312 335.8214111328125 1045.99169921875 796.3321533203125 
3 17.77376937866211 202.60691833496094 152.65501403808594 353.0679931640625 
469
1 669.3140869140625 339.18017578125 1045.76611328125 796.3377685546875 
3 17.860462188720703 202.7117156982422 152.49330139160156 353.1881103515625 
470
1 668.3372192382812 342.64312744140625 1045.548828125 796.7483520507812 
3 17.58264923095703 202.272705078125 152.490966796875 352.9970703125 
471
1 668.4508666992188 345.6015319824219 1045.9462890625 796.5360107421875 
3 17.820720672607422 202.62315368652344 152.32620239257812 353.078369140625 
472
1 668.0653076171875 352.8427734375 1046.18017578125 797.5682373046875 
3 17.561878204345703 202.298583984375 151.82562255859375 353.2459411621094 
473
1 667.2010498046875 359.34814453125 1046.525634765625 797.7626953125 
3 17.678688049316406 202.33570861816406 151.76019287109375 353.3828125 
474
1 666.7535400390625 365.39715576171875 1046.27099609375 797.7830810546875 
3 17.916038513183594 202.75685119628906 153.14447021484375 352.7134704589844 
475
1 663.1041259765625 370.7698974609375 1045.927734375 798.7529907226562 
3 18.173961639404297 202.77749633789062 153.2978515625 353.1216125488281 
476
1 665.8294067382812 373.02056884765625 1045.4989013671875 799.201171875 
3 18.245960235595703 204.4300994873047 152.48341369628906 352.4527893066406 
477
1 665.188232421875 377.24395751953125 1045.310546875 798.55517578125 
3 17.69458770751953 201.96853637695312 153.8432159423828 351.3988037109375 
478
1 668.4957275390625 376.27276611328125 1045.0394287109375 799.1627197265625 
3 17.60476303100586 201.9352569580078 153.66949462890625 351.082275390625 
479
1 668.0546264648438 373.0226745605469 1044.991943359375 797.92236328125 
3 17.944496154785156 201.33273315429688 153.5967254638672 351.6897888183594 
480
1 672.7117309570312 373.7967529296875 1045.6483154296875 795.86572265625 
3 17.222312927246094 200.09242248535156 153.0103759765625 352.86376953125 
481
1 674.3099365234375 373.61334228515625 1045.709228515625 794.464111328125 
3 17.439838409423828 200.36007690429688 153.08544921875 352.8949279785156 
482
1 677.84912109375 375.32659912109375 1045.7255859375 794.006591796875 
3 18.58399200439453 202.61749267578125 153.01889038085938 352.23150634765625 
483
1 681.9891967773438 377.02392578125 1043.020263671875 792.0855712890625 
3 18.43346405029297 203.4482879638672 151.33375549316406 352.387451171875 
484
1 685.6672973632812 376.4185791015625 1038.8896484375 790.716796875 
3 18.181533813476562 202.5795135498047 151.48727416992188 352.332275390625 
485
1 690.837890625 375.5088195800781 1036.115966796875 789.9727783203125 
3 18.222393035888672 202.5084228515625 151.56033325195312 352.715087890625 
486
1 697.195556640625 373.5634765625 1035.29150390625 792.6687622070312 
3 18.121475219726562 201.85610961914062 151.20372009277344 351.9657897949219 
487
1 703.956787109375 372.28497314453125 1036.0906982421875 793.4174194335938 
3 19.635498046875 203.86895751953125 153.5376739501953 351.90142822265625 
488
1 707.7221069335938 367.1755065917969 1036.214111328125 793.377197265625 
3 19.7216796875 203.55841064453125 153.15151977539062 352.31671142578125 
489
1 715.6729736328125 365.54791259765625 1036.2357177734375 793.3580932617188 
3 21.427833557128906 206.66275024414062 153.05813598632812 352.8119812011719 
490
1 722.6288452148438 362.3970947265625 1036.612060546875 793.4602661132812 
3 20.94953155517578 205.4963836669922 152.6593475341797 353.45037841796875 
491
1 728.6151123046875 360.48040771484375 1036.677734375 793.5626220703125 
3 22.584426879882812 211.99972534179688 152.17137145996094 353.33746337890625 
492
1 732.7571411132812 356.71197509765625 1036.638427734375 793.63623046875 
3 17.40961456298828 201.7439422607422 151.8455810546875 353.16009521484375 
493
1 735.7869873046875 353.2516174316406 1036.2388916015625 792.0718994140625 
3 18.032817840576172 205.533203125 153.25564575195312 351.87139892578125 
494
1 739.676513671875 350.244873046875 1036.5345458984375 791.9955444335938 
3 16.559131622314453 202.12710571289062 152.25111389160156 352.77606201171875 
495
1 742.322998046875 348.7164001464844 1036.1448974609375 791.935302734375 
3 16.650596618652344 203.20663452148438 152.36416625976562 353.13140869140625 
496
1 744.9882202148438 346.583251953125 1035.720458984375 793.0223999023438 
3 17.43036651611328 203.47015380859375 152.37135314941406 351.6852722167969 
497
1 746.3941650390625 343.28955078125 1035.657470703125 794.08154296875 
3 16.830459594726562 203.8651885986328 152.4403533935547 352.8339538574219 
498
1 747.873291015625 340.6329650878906 1035.6500244140625 793.9771118164062 
3 16.766216278076172 202.34512329101562 151.47689819335938 354.11181640625 
499
1 748.4271240234375 337.8053894042969 1035.6285400390625 794.1416625976562 
3 17.014171600341797 202.21644592285156 151.04150390625 352.4847412109375 
500
1 749.2689208984375 335.16168212890625 1035.7952880859375 794.3143310546875 
3 17.35089111328125 202.0108642578125 150.99685668945312 352.4047546386719 
501
1 750.085205078125 335.04888916015625 1035.775146484375 795.3390502929688 
3 16.980613708496094 202.64019775390625 151.71914672851562 352.18939208984375 
502
1 749.0807495117188 336.5279541015625 1035.736328125 795.9655151367188 
3 16.97510528564453 203.0477752685547 150.68324279785156 352.052490234375 
503
1 748.8820190429688 337.0279846191406 1035.367431640625 795.3867797851562 
3 16.616958618164062 203.68701171875 151.07867431640625 351.88348388671875 
504
1 748.3036499023438 338.2161865234375 1035.799072265625 795.7022094726562 
3 16.4478759765625 203.802734375 151.03024291992188 352.10357666015625 
505
1 747.7564086914062 337.85552978515625 1036.0994873046875 796.1214599609375 
3 16.20615005493164 204.08203125 151.06703186035156 352.1530456542969 
506
1 749.003173828125 337.5058898925781 1040.210205078125 796.375244140625 
3 16.413524627685547 203.994873046875 150.10592651367188 352.6904602050781 
507
1 752.60791015625 333.95343017578125 1043.597900390625 797.1461181640625 
3 15.77520751953125 202.05667114257812 149.7387237548828 352.3648376464844 
508
1 753.8302001953125 336.0128173828125 1058.83056640625 797.1029052734375 
3 15.684600830078125 202.1625213623047 149.83892822265625 352.45123291015625 
509
1 756.3407592773438 337.9178161621094 1078.033935546875 796.9268798828125 
3 15.39166259765625 201.69422912597656 149.75982666015625 352.5550842285156 
510
1 760.0578002929688 339.0711669921875 1092.9678955078125 797.2918701171875 
3 14.659027099609375 202.12510681152344 150.10845947265625 352.58514404296875 
511
1 764.015869140625 349.7054443359375 1098.1654052734375 797.3992309570312 
3 14.282806396484375 202.9336700439453 150.09466552734375 352.54486083984375 
512
1 764.0086669921875 363.9432067871094 1099.8330078125 797.0430908203125 
3 14.127578735351562 203.26950073242188 149.06509399414062 352.20947265625 
513
1 769.275390625 376.3030090332031 1098.6123046875 796.6763916015625 
3 13.614448547363281 203.54779052734375 148.40528869628906 352.2839660644531 
514
1 772.748291015625 381.678955078125 1098.7388916015625 796.753173828125 
3 13.257904052734375 202.6473846435547 147.8203125 352.76434326171875 
515
1 773.5878295898438 383.42816162109375 1098.1241455078125 796.4610595703125 
3 12.834808349609375 202.51345825195312 146.97137451171875 353.18975830078125 
516
1 776.4488525390625 383.6329040527344 1097.1298828125 796.698486328125 
3 12.927749633789062 202.20126342773438 147.32064819335938 353.07940673828125 
517
1 775.509033203125 380.1103820800781 1097.5731201171875 796.494140625 
3 12.849624633789062 202.4929962158203 146.18838500976562 352.8332214355469 
518
1 781.01025390625 378.6618957519531 1097.2156982421875 796.353271484375 
3 12.173782348632812 202.36842346191406 145.53546142578125 352.63641357421875 
519
1 780.8397216796875 375.5722351074219 1097.345458984375 796.08203125 
3 11.3388671875 203.93296813964844 145.03395080566406 352.42529296875 
520
1 783.0885009765625 374.72247314453125 1097.028076171875 796.155517578125 
3 10.401458740234375 203.8350372314453 145.3878173828125 352.5792236328125 
521
1 785.047119140625 373.3626708984375 1096.1849365234375 796.3973999023438 
3 9.523300170898438 205.72476196289062 144.6463165283203 352.76751708984375 
522
1 786.24755859375 375.1877136230469 1095.8563232421875 796.4417724609375 
3 10.03887939453125 207.1234588623047 145.27847290039062 353.82763671875 
523
1 788.1192016601562 372.5498046875 1095.3665771484375 796.158935546875 
3 9.797447204589844 208.50656127929688 146.01931762695312 354.7622985839844 
524
1 789.2315063476562 371.509521484375 1095.39111328125 796.2882690429688 
3 8.153800964355469 201.3986053466797 146.8224639892578 355.7659912109375 
525
1 791.5324096679688 370.71539306640625 1094.8675537109375 796.521240234375 
3 8.16790771484375 202.8921356201172 147.2425537109375 355.40985107421875 
526
1 791.9342651367188 368.8473205566406 1093.5626220703125 796.8368530273438 
3 8.957565307617188 205.77749633789062 145.44210815429688 354.2818603515625 
527
1 792.79736328125 366.25738525390625 1092.792236328125 796.84228515625 
3 9.14630126953125 209.0229034423828 143.85096740722656 354.1943664550781 
528
1 795.3436279296875 362.862548828125 1092.308837890625 796.9882202148438 
3 22.12451171875 216.57154846191406 142.2187957763672 353.8304443359375 
529
1 796.7174072265625 359.30804443359375 1092.3447265625 797.2537231445312 
3 4.4884033203125 211.42059326171875 142.3729248046875 354.60418701171875 
530
1 797.7511596679688 355.5865478515625 1091.4627685546875 797.58349609375 
3 4.0547943115234375 209.709716796875 140.55136108398438 354.463623046875 
531
1 798.8890380859375 351.30926513671875 1090.5159912109375 797.6551513671875 
3 3.86029052734375 207.3309326171875 140.1433868408203 354.4278564453125 
532
1 799.9135131835938 347.7968444824219 1090.3651123046875 797.3302612304688 
3 4.018951416015625 205.59823608398438 139.1230010986328 354.5003967285156 
533
1 798.9343872070312 344.49249267578125 1089.463134765625 797.41015625 
3 3.3087615966796875 206.3065948486328 138.6620635986328 354.76812744140625 
534
1 797.6232299804688 342.67486572265625 1089.8056640625 797.3507080078125 
3 2.19818115234375 206.9149932861328 137.1658477783203 355.0683898925781 
535
1 795.430419921875 341.625244140625 1089.040283203125 796.6331787109375 
3 2.12847900390625 207.03662109375 136.8385009765625 355.50225830078125 
536
1 794.2920532226562 341.20452880859375 1087.5960693359375 796.5225219726562 
3 2.0885848999023438 206.78114318847656 136.81109619140625 355.38507080078125 
537
1 791.56103515625 341.78094482421875 1086.7315673828125 796.267333984375 
3 1.20062255859375 207.15708923339844 136.62615966796875 355.59991455078125 
538
1 789.463134765625 340.9288330078125 1086.596435546875 796.0230712890625 
3 0.8879928588867188 206.7356414794922 136.71914672851562 355.4879150390625 
539
1 784.7683715820312 341.4780578613281 1086.2322998046875 795.9513549804688 
3 0.5054244995117188 206.82504272460938 135.7911834716797 355.94580078125 
540
1 781.58642578125 339.21295166015625 1086.017578125 795.6220092773438 
3 0.1042938232421875 206.88279724121094 135.21124267578125 356.66119384765625 
541
1 778.6573486328125 340.4950866699219 1086.210205078125 795.3082275390625 
3 0.0 207.31069946289062 134.50115966796875 357.7922668457031 
542
1 773.580322265625 342.6694641113281 1086.5855712890625 795.5234375 
3 0.0 208.28720092773438 133.52755737304688 358.68719482421875 
543
1 770.1051025390625 348.2488098144531 1086.1727294921875 795.6162109375 
3 0.0 209.47402954101562 132.89337158203125 359.171630859375 
544
1 764.484375 359.7148132324219 1085.04736328125 796.1080322265625 
3 0.0 208.9796905517578 131.2386474609375 356.798828125 
545
1 758.1160278320312 372.52740478515625 1084.239013671875 795.8892822265625 
3 0.0 208.2459716796875 130.12008666992188 356.9247741699219 
546
1 753.9122314453125 379.84063720703125 1083.50146484375 795.7034912109375 
3 0.009967803955078125 206.69232177734375 130.5198974609375 357.39013671875 
547
1 746.8512573242188 381.9249267578125 1083.2213134765625 796.1000366210938 
3 0.12937545776367188 206.44329833984375 131.63055419921875 357.9113464355469 
548
1 741.63671875 380.7803955078125 1083.2362060546875 796.0706787109375 
3 0.07895660400390625 206.39622497558594 132.66339111328125 358.4490051269531 
549
1 736.09912109375 377.2414855957031 1082.9404296875 795.842529296875 
3 0.10703277587890625 206.90257263183594 132.70492553710938 358.32012939453125 
550
1 728.205322265625 369.90582275390625 1082.6717529296875 795.748779296875 
3 0.4033660888671875 208.25009155273438 133.59669494628906 360.09954833984375 
551
1 722.887939453125 369.43701171875 1082.42822265625 795.7723388671875 
3 0.420867919921875 208.70541381835938 134.08558654785156 359.8310546875 
552
1 719.35888671875 368.4448547363281 1082.4034423828125 795.75341796875 
3 0.383209228515625 208.5091094970703 133.85980224609375 359.59027099609375 
553
1 713.780517578125 367.0508117675781 1082.614501953125 795.6965942382812 
3 0.350067138671875 208.7589111328125 133.39389038085938 359.85870361328125 
554
1 708.916259765625 368.59417724609375 1082.203369140625 795.6932373046875 
3 0.34078216552734375 208.65408325195312 133.23831176757812 360.1231384277344 
555
1 705.7332763671875 369.00775146484375 1081.9573974609375 795.68896484375 
3 0.2795257568359375 208.6809844970703 133.05227661132812 359.128662109375 
556
1 701.4271240234375 368.460205078125 1081.1668701171875 795.9183959960938 
3 0.288970947265625 209.10484313964844 132.96974182128906 358.8728332519531 
3 0.0334014892578125 207.69874572753906 132.51043701171875 358.1119384765625 
557
1 696.1784057617188 370.6505432128906 1080.615966796875 795.8258666992188 
3 0.333709716796875 209.2592315673828 132.7864227294922 359.25164794921875 
3 0.0 207.82467651367188 132.10731506347656 358.6029052734375 
558
1 695.2587280273438 370.67340087890625 1077.838623046875 795.7403564453125 
3 0.186737060546875 209.6085662841797 132.43858337402344 359.2787780761719 
3 0.0 208.12191772460938 131.2923583984375 358.62945556640625 
559
1 695.518310546875 372.9871826171875 1071.955322265625 795.7001953125 
3 0.0600433349609375 209.50137329101562 132.14483642578125 359.4362487792969 
560
1 695.5946044921875 377.4952392578125 1065.4951171875 796.0281982421875 
3 0.16876220703125 207.9775390625 133.0452117919922 360.0916748046875 
561
1 696.7091064453125 376.0190734863281 1057.877685546875 795.708251953125 
3 0.0 206.04684448242188 133.700927734375 357.144287109375 
562
1 698.984130859375 376.32122802734375 1054.2567138671875 796.1675415039062 
3 0.0 205.9500732421875 133.6020965576172 357.17620849609375 
563
1 702.922119140625 377.5108337402344 1052.9871826171875 798.2202758789062 
3 0.09703826904296875 205.0194549560547 133.7578125 356.81439208984375 
564
1 707.6226196289062 374.295654296875 1053.1978759765625 799.4970703125 
3 0.07904052734375 205.0067901611328 133.69268798828125 356.91900634765625 
3 0.05585479736328125 205.53369140625 133.88999938964844 358.477294921875 
565
1 713.1082763671875 370.47198486328125 1053.443115234375 798.56298828125 
3 0.0 205.47833251953125 133.54257202148438 357.1001281738281 
566
1 718.7647705078125 365.83953857421875 1053.193115234375 798.4552612304688 
3 0.0 205.74925231933594 133.20819091796875 357.00006103515625 
567
1 724.1843872070312 362.2677001953125 1053.321044921875 798.39306640625 
3 0.0 205.36752319335938 133.6963653564453 356.6904602050781 
568
1 728.208251953125 359.89190673828125 1053.508056640625 798.3201904296875 
3 0.2704925537109375 204.14132690429688 133.850830078125 354.3546447753906 
569
1 732.2741088867188 358.3421630859375 1055.03955078125 798.5592041015625 
3 0.3218536376953125 205.43917846679688 133.85716247558594 353.78582763671875 
570
1 737.453369140625 356.2833557128906 1055.4619140625 798.4356079101562 
3 0.29149627685546875 204.822998046875 134.38272094726562 353.87908935546875 
571
1 743.4647216796875 354.231201171875 1056.85986328125 798.7466430664062 
3 0.3156585693359375 204.73199462890625 134.54098510742188 353.80596923828125 
572
1 746.3045654296875 351.3330383300781 1072.4263916015625 798.6722412109375 
3 0.32886505126953125 204.97174072265625 134.3919677734375 353.6313781738281 
573
1 749.0968017578125 348.6712951660156 1082.4102783203125 798.964599609375 
3 0.330108642578125 205.24290466308594 134.68569946289062 353.925537109375 
574
1 751.9391479492188 346.37127685546875 1083.28564453125 798.98486328125 
3 0.30435943603515625 205.22828674316406 134.5361785888672 353.9586181640625 
575
1 755.0167846679688 345.71527099609375 1078.759765625 798.810791015625 
3 0.33106231689453125 205.19581604003906 134.75750732421875 353.9281005859375 
576
1 756.5050659179688 342.0577392578125 1058.831787109375 798.0716552734375 
3 0.3219146728515625 204.6304931640625 134.79962158203125 353.64288330078125 
577
1 757.5363159179688 340.77264404296875 1058.07470703125 798.7785034179688 
3 0.26682281494140625 204.638427734375 134.30575561523438 353.78814697265625 
578
1 758.1099853515625 338.5794677734375 1057.6510009765625 799.218994140625 
3 0.27928924560546875 204.46026611328125 134.37347412109375 353.89825439453125 
579
1 757.3961791992188 335.75048828125 1056.5924072265625 799.291259765625 
3 0.0 205.7430877685547 134.6036834716797 355.8655090332031 
580
1 757.58837890625 334.7113037109375 1056.5167236328125 799.1405029296875 
3 0.24930191040039062 205.80508422851562 134.59310913085938 353.88739013671875 
581
1 757.7228393554688 334.2857666015625 1057.929931640625 799.7775268554688 
3 0.241668701171875 205.0865478515625 134.23367309570312 353.631103515625 
582
1 756.5054321289062 334.4161071777344 1060.531494140625 800.7171020507812 
3 0.33266448974609375 203.252197265625 134.09954833984375 353.47418212890625 
583
1 756.1371459960938 335.9039611816406 1063.58349609375 801.015869140625 
3 0.3065948486328125 203.833251953125 133.92381286621094 353.51727294921875 
584
1 756.5993041992188 336.72235107421875 1068.250244140625 802.8267211914062 
3 0.3341827392578125 204.36770629882812 134.0990447998047 353.1588134765625 
585
1 735.913818359375 337.71514892578125 1072.689208984375 803.3387451171875 
3 0.3525505065917969 204.4154052734375 134.11427307128906 353.3182067871094 
586
1 747.7184448242188 338.3720703125 1078.25048828125 803.19580078125 
3 0.3545379638671875 204.50326538085938 133.8980255126953 353.4955139160156 
587
1 757.3173217773438 340.65008544921875 1079.4542236328125 803.4426879882812 
3 0.362091064453125 204.4860382080078 133.93556213378906 353.664794921875 
588
1 757.756591796875 341.3375244140625 1077.7784423828125 803.7054443359375 
3 0.36812591552734375 204.88092041015625 134.13645935058594 353.7956848144531 
589
1 755.8345947265625 342.140380859375 1071.989501953125 803.4312133789062 
3 0.3430633544921875 204.8592529296875 134.118408203125 353.6932373046875 
590
1 754.9542236328125 344.6767578125 1067.1171875 803.0613403320312 
3 0.1162567138671875 205.1649169921875 133.99810791015625 355.95062255859375 
591
1 754.5274658203125 345.094970703125 1059.1988525390625 802.6187744140625 
3 0.0 205.8240203857422 133.90298461914062 356.4364013671875 
592
1 752.73583984375 346.14263916015625 1058.6168212890625 802.3170166015625 
3 0.0 205.98587036132812 134.05685424804688 356.359375 
593
1 751.662841796875 348.21624755859375 1056.610595703125 798.8746948242188 
3 0.0711822509765625 205.71511840820312 133.84835815429688 356.2209777832031 
594
1 751.477783203125 351.2027587890625 1058.0260009765625 797.8057861328125 
3 0.16973876953125 205.98780822753906 133.70465087890625 356.14935302734375 
595
1 748.0179443359375 353.3471374511719 1059.85302734375 798.2968139648438 
3 0.0 205.9012451171875 133.54617309570312 356.362548828125 
596
1 748.1773681640625 356.7058410644531 1058.510986328125 801.0704345703125 
3 0.0 205.8773193359375 133.54913330078125 356.34600830078125 
597
1 746.141357421875 360.2301940917969 1055.439208984375 799.9593505859375 
3 0.0 206.51364135742188 133.3817596435547 356.1676025390625 
598
1 746.9505615234375 365.415771484375 1057.32080078125 801.2659912109375 
3 0.0 206.4942626953125 133.36825561523438 356.1283874511719 
599
1 744.281982421875 365.0672607421875 1057.17236328125 800.8720703125 
3 0.0 206.55813598632812 133.62948608398438 355.984619140625 
600
1 743.1367797851562 368.526611328125 1057.08837890625 800.92138671875 
3 0.08154296875 206.38485717773438 133.69140625 355.90179443359375 
601
1 741.3582763671875 370.43975830078125 1057.19482421875 801.0776977539062 
3 0.010833740234375 206.88479614257812 133.4459686279297 355.8255310058594 
602
1 735.8108520507812 371.5704040527344 1057.147216796875 800.85791015625 
3 0.008392333984375 206.78817749023438 133.45135498046875 355.80615234375 
603
1 732.96337890625 370.4768371582031 1057.0032958984375 801.0467529296875 
3 0.24957275390625 206.2086181640625 133.34495544433594 353.3631896972656 
604
1 729.9912109375 368.32568359375 1056.7789306640625 800.9923095703125 
3 0.219635009765625 206.16709899902344 133.30007934570312 353.406494140625 
605
1 725.9033203125 365.58843994140625 1057.046630859375 800.8681640625 
3 0.250244140625 206.0239715576172 133.8453369140625 353.5028076171875 
606
1 720.8487548828125 363.44659423828125 1057.0130615234375 800.9486694335938 
3 0.3244171142578125 205.6314697265625 134.09532165527344 353.6366271972656 
607
1 717.8026123046875 362.4219665527344 1057.3961181640625 800.8988037109375 
3 0.350982666015625 205.826171875 134.0274200439453 353.574951171875 
608
1 712.9757080078125 362.0091552734375 1057.4908447265625 800.8381958007812 
3 0.3406982421875 205.86187744140625 134.02658081054688 353.65350341796875 
609
1 708.716796875 362.80194091796875 1057.39794921875 801.023193359375 
3 0.34296417236328125 205.625244140625 133.89926147460938 353.4728088378906 
610
1 703.478515625 365.08135986328125 1057.75732421875 801.3568115234375 
3 0.0189208984375 206.0835723876953 134.10804748535156 355.05462646484375 
3 0.3455848693847656 205.9725799560547 133.93447875976562 352.839111328125 
611
1 701.89208984375 368.25006103515625 1057.658447265625 801.7460327148438 
3 0.0 205.4189453125 133.97943115234375 355.1380615234375 
612
1 699.790283203125 371.99041748046875 1057.575439453125 801.6975708007812 
3 0.0 205.43789672851562 133.9271240234375 355.0630187988281 
613
1 698.3508911132812 374.5135498046875 1057.72998046875 801.8594360351562 
3 0.0 206.02587890625 134.0226593017578 355.02618408203125 
614
1 697.2359619140625 378.32623291015625 1057.8653564453125 801.6887817382812 
3 0.0 206.46881103515625 134.10116577148438 354.878173828125 
615
1 696.280517578125 381.9385681152344 1058.111328125 802.333984375 
3 0.0 206.78323364257812 134.27777099609375 354.9046325683594 
616
1 694.6941528320312 384.7734375 1057.7386474609375 802.3099365234375 
3 0.0 206.74957275390625 134.10145568847656 354.7804870605469 
617
1 692.0570068359375 388.73870849609375 1057.8818359375 802.2838745117188 
3 0.0 206.35037231445312 134.0354766845703 354.5080261230469 
618
1 688.0975341796875 391.308349609375 1058.1083984375 802.5831298828125 
3 0.464263916015625 206.0794677734375 134.34124755859375 352.439697265625 
619
1 685.5880126953125 393.3994445800781 1057.9918212890625 802.9368896484375 
3 0.0752410888671875 205.82974243164062 134.54171752929688 354.50323486328125 
3 0.4243965148925781 205.8568878173828 134.436767578125 352.4568786621094 
620
1 683.08935546875 395.0265197753906 1057.945556640625 803.107177734375 
3 0.428985595703125 205.7999267578125 134.86224365234375 352.53564453125 
621
1 681.1773681640625 395.50433349609375 1057.901611328125 803.2918090820312 
3 0.4877510070800781 205.80191040039062 135.0323486328125 352.72821044921875 
622
1 679.6083374023438 395.5577697753906 1057.7489013671875 803.076416015625 
3 0.0820159912109375 206.16006469726562 135.09326171875 354.59735107421875 
623
1 678.5020751953125 395.859130859375 1058.14453125 803.015625 
3 0.0976409912109375 206.0544891357422 135.15834045410156 354.62847900390625 
624
1 676.51904296875 395.471923828125 1057.7701416015625 803.1082763671875 
3 0.47986602783203125 206.38278198242188 134.99864196777344 352.9764709472656 
625
1 674.732666015625 394.5086975097656 1058.1412353515625 802.63720703125 
3 0.436370849609375 206.56149291992188 136.05772399902344 353.4224548339844 
626
1 673.4281616210938 393.7513427734375 1057.9915771484375 802.6455688476562 
3 0.43769073486328125 206.50856018066406 136.23329162597656 353.60009765625 
627
1 673.213134765625 393.0870666503906 1057.6885986328125 802.755126953125 
3 0.4382438659667969 206.57769775390625 136.43580627441406 353.52423095703125 
628
1 672.8089599609375 392.50384521484375 1057.8692626953125 802.8287353515625 
3 0.444488525390625 206.55938720703125 136.32290649414062 353.528076171875 
629
1 671.5661010742188 392.49652099609375 1056.2509765625 802.9306030273438 
3 0.0538330078125 206.73545837402344 136.2399139404297 355.12335205078125 
3 0.4269676208496094 206.70956420898438 136.36642456054688 353.50506591796875 
630
1 670.2233276367188 391.68682861328125 1057.9989013671875 802.8983764648438 
3 0.0851287841796875 206.73922729492188 136.05953979492188 355.0240478515625 
631
1 668.5619506835938 390.7315673828125 1057.7342529296875 802.9725341796875 
3 0.4054450988769531 206.71035766601562 136.10153198242188 353.1415710449219 
632
1 666.7642822265625 391.2581481933594 1057.85107421875 802.93603515625 
3 0.0492401123046875 206.53077697753906 136.02066040039062 354.92578125 
633
1 666.4474487304688 391.61090087890625 1058.0919189453125 802.3983154296875 
3 0.3872413635253906 206.49203491210938 136.0011749267578 353.37322998046875 
634
1 665.9413452148438 390.71728515625 1057.5650634765625 802.6746215820312 
3 0.36811065673828125 206.33917236328125 135.94912719726562 353.42279052734375 
635
1 664.8310546875 391.45208740234375 1058.286376953125 802.0857543945312 
3 0.35318756103515625 206.11070251464844 136.12600708007812 353.2668762207031 
636
1 664.1407470703125 389.7395324707031 1057.651123046875 802.3594360351562 
3 0.3542327880859375 206.0808868408203 135.85507202148438 353.1028747558594 
637
1 664.527587890625 391.64752197265625 1058.010986328125 801.9896240234375 
3 0.34996795654296875 206.25070190429688 135.62994384765625 352.81573486328125 
638
1 665.90283203125 392.5333251953125 1057.9560546875 802.2435302734375 
3 0.32842254638671875 206.30345153808594 135.58767700195312 352.9078674316406 
639
1 666.5032958984375 391.82598876953125 1057.7109375 802.2071533203125 
3 0.41310882568359375 206.4419708251953 135.4364013671875 352.6176452636719 
640
1 668.900390625 390.9938659667969 1058.0166015625 802.2723388671875 
3 0.4200935363769531 205.87356567382812 134.60470581054688 352.621826171875 
641
1 668.9611206054688 388.12896728515625 1058.144287109375 801.9560546875 
3 0.0346832275390625 205.70040893554688 134.6453399658203 355.18817138671875 
642
1 668.837646484375 383.2404479980469 1058.1649169921875 802.0101928710938 
3 0.1407318115234375 205.82586669921875 134.59490966796875 355.7804260253906 
643
1 668.5231323242188 381.53863525390625 1057.6241455078125 801.604248046875 
3 0.012786865234375 206.34487915039062 134.1504364013672 356.2819519042969 
644
1 669.2130126953125 378.89404296875 1054.1165771484375 801.743408203125 
3 0.3399505615234375 205.59988403320312 134.4417724609375 355.8028259277344 
645
1 670.18896484375 377.2916259765625 1050.3238525390625 801.607666015625 
3 0.466461181640625 204.52871704101562 134.9883575439453 355.4310302734375 
646
1 671.2469482421875 375.47174072265625 1046.377685546875 801.3963623046875 
3 0.440338134765625 204.20388793945312 134.71974182128906 355.2400817871094 
647
1 673.70458984375 376.1858825683594 1043.4097900390625 801.5308837890625 
3 0.6566238403320312 204.84246826171875 134.775146484375 355.1461181640625 
648
1 675.8939208984375 377.35943603515625 1036.3873291015625 801.622314453125 
3 0.916748046875 206.4033203125 135.80519104003906 354.75982666015625 
649
1 679.2052612304688 378.3975830078125 1026.403076171875 802.0292358398438 
3 1.0004196166992188 205.66415405273438 136.187255859375 354.41546630859375 
650
1 681.8002319335938 380.868896484375 1025.102783203125 802.17041015625 
3 0.77935791015625 205.11441040039062 136.35983276367188 354.2021789550781 
651
1 685.3197021484375 382.47900390625 1024.3870849609375 802.1018676757812 
3 0.915313720703125 205.59217834472656 136.27940368652344 354.5047607421875 
652
1 689.2434692382812 383.89422607421875 1024.030517578125 802.3303833007812 
3 1.0389251708984375 205.6036376953125 136.17840576171875 354.214599609375 
653
1 693.05517578125 384.47216796875 1026.0635986328125 802.2044677734375 
3 0.8716583251953125 205.00390625 135.93121337890625 354.5484619140625 
654
1 697.340576171875 385.25811767578125 1025.335693359375 801.9952392578125 
3 0.7601852416992188 204.73446655273438 136.54861450195312 354.84332275390625 
655
1 700.830078125 387.04962158203125 1024.2689208984375 801.5797729492188 
3 0.7582550048828125 204.8221435546875 136.55838012695312 354.7793884277344 
656
1 703.1605224609375 387.72705078125 1024.675048828125 801.5777587890625 
3 0.7960281372070312 204.9074249267578 136.23275756835938 354.5755310058594 
657
1 706.194091796875 388.0503845214844 1025.192626953125 801.4556884765625 
3 0.7950897216796875 205.5361785888672 136.3360137939453 354.67095947265625 
658
1 709.9188842773438 386.6568603515625 1025.31884765625 801.3609619140625 
3 0.9000244140625 204.8019256591797 136.01315307617188 354.4106750488281 
659
1 713.5547485351562 384.24908447265625 1025.06005859375 801.4078979492188 
3 0.8771133422851562 204.82696533203125 136.38629150390625 354.5701904296875 
660
1 717.619873046875 383.30035400390625 1024.438720703125 801.3447265625 
3 0.8852996826171875 205.03160095214844 136.40582275390625 354.8779602050781 
661
1 721.7759399414062 382.2650451660156 1025.1533203125 801.9752197265625 
3 1.26007080078125 204.95913696289062 136.3350830078125 354.9891357421875 
662
1 726.2537841796875 381.123779296875 1025.5926513671875 801.8436279296875 
3 1.1378936767578125 204.6752471923828 136.42169189453125 354.7326354980469 
663
1 729.1990356445312 378.66162109375 1028.609130859375 802.047607421875 
3 1.193450927734375 204.76181030273438 136.18408203125 354.7890625 
664
1 733.601318359375 377.0484313964844 1028.52685546875 802.0257568359375 
3 1.5113983154296875 205.0841522216797 136.55490112304688 354.901123046875 
665
1 737.9892578125 375.16168212890625 1030.255126953125 802.3917846679688 
3 1.350433349609375 204.86215209960938 135.7603759765625 354.9583435058594 
666
1 741.5272827148438 372.81842041015625 1031.66064453125 803.9075927734375 
3 1.4953765869140625 204.32583618164062 136.08084106445312 354.8739318847656 
667
1 743.3272094726562 370.9080810546875 1032.2711181640625 804.6822509765625 
3 1.3913650512695312 204.0533447265625 135.83326721191406 354.8340148925781 
668
1 744.4658813476562 369.5552978515625 1036.0025634765625 807.8214111328125 
3 1.2514419555664062 206.28970336914062 134.91482543945312 354.9987487792969 
669
1 745.1970825195312 368.86322021484375 1037.0126953125 811.77587890625 
3 1.5286865234375 208.2387237548828 136.26513671875 355.33251953125 
670
1 745.6135864257812 368.4414978027344 1049.133544921875 812.939697265625 
3 2.11651611328125 208.03575134277344 138.2098388671875 355.08795166015625 
671
1 746.166748046875 367.85748291015625 1067.65771484375 813.342529296875 
3 3.2972259521484375 204.85946655273438 140.36441040039062 354.83514404296875 
672
1 747.248046875 368.26898193359375 1058.5621337890625 812.2493896484375 
3 4.4747314453125 204.3375701904297 141.07394409179688 354.179931640625 
673
1 746.8639526367188 369.2221984863281 1051.7547607421875 811.4200439453125 
3 4.9617767333984375 204.0843048095703 140.68991088867188 353.9141845703125 
674
1 746.4027709960938 372.1104431152344 1043.124267578125 808.9081420898438 
3 5.470245361328125 204.89230346679688 142.4021453857422 354.21673583984375 
675
1 745.1220703125 374.6498718261719 1040.397705078125 803.727294921875 
3 6.082649230957031 200.20208740234375 143.77076721191406 353.0954284667969 
676
1 742.765869140625 377.27435302734375 1038.6396484375 800.5305786132812 
3 6.2344207763671875 194.67857360839844 144.79531860351562 353.8282775878906 
677
1 740.2867431640625 379.9849853515625 1047.95654296875 800.2932739257812 
3 8.242820739746094 199.40097045898438 146.0567169189453 353.7332458496094 
678
1 736.4705810546875 381.7586669921875 1042.1004638671875 801.7008666992188 
3 13.56475830078125 203.19805908203125 147.79702758789062 353.9241943359375 
679
1 732.6468505859375 383.47467041015625 1043.519775390625 800.5679321289062 
3 13.14794921875 203.14547729492188 147.86724853515625 352.81866455078125 
680
1 728.55419921875 384.443603515625 1043.06640625 800.0586547851562 
3 16.551132202148438 201.69305419921875 152.8726806640625 351.9877014160156 
681
1 725.81005859375 385.7608642578125 1045.780029296875 800.70458984375 
3 19.749359130859375 201.16632080078125 152.81910705566406 348.84417724609375 
682
1 721.439453125 385.754638671875 1048.09619140625 799.6817016601562 
3 20.717079162597656 198.94790649414062 154.7034149169922 348.1674499511719 
683
1 718.2678833007812 385.3774719238281 1050.0135498046875 800.05419921875 
3 26.5430908203125 197.26217651367188 160.10337829589844 343.49267578125 
684
1 716.40087890625 385.2969665527344 1055.8731689453125 799.2615966796875 
3 30.322769165039062 196.85760498046875 163.3195037841797 347.64373779296875 
3 30.123512268066406 130.08609008789062 164.38525390625 347.8982849121094 
685
1 715.5435791015625 384.75457763671875 1058.3851318359375 799.462158203125 
3 32.519805908203125 194.6064453125 166.24179077148438 345.32861328125 
686
1 715.283935546875 384.2842102050781 1062.4307861328125 798.8912353515625 
687
1 715.31396484375 383.8765563964844 1068.0711669921875 797.802734375 
3 42.92066192626953 192.9762420654297 177.7917022705078 339.58197021484375 
688
1 718.2766723632812 383.697998046875 1075.5673828125 796.8525390625 
3 47.74412536621094 190.06875610351562 183.44522094726562 338.41693115234375 
689
1 721.4603271484375 383.6253662109375 1079.37890625 797.1595458984375 
3 52.898887634277344 188.95016479492188 184.02056884765625 336.15216064453125 
690
1 724.70166015625 382.488525390625 1084.5570068359375 797.0000610351562 
3 60.491355895996094 186.77635192871094 194.49810791015625 336.955810546875 
691
1 729.4330444335938 382.20916748046875 1089.9505615234375 797.8876342773438 
3 66.78592681884766 185.7225799560547 193.41668701171875 330.9912109375 
692
1 732.971435546875 382.8227844238281 1099.1800537109375 794.64013671875 
3 74.24015808105469 185.21994018554688 206.42828369140625 327.4110412597656 
693
1 733.7882690429688 382.64971923828125 1103.7041015625 793.5465698242188 
3 80.11628723144531 177.798095703125 209.6766357421875 328.78302001953125 
694
1 742.4034423828125 381.7487487792969 1109.12548828125 792.7330322265625 
3 89.22382354736328 174.8277130126953 217.19961547851562 323.4770812988281 
695
1 747.556884765625 382.0299072265625 1118.39013671875 792.980712890625 
3 97.58179473876953 173.1337890625 224.56304931640625 324.6990051269531 
696
1 755.134765625 381.3169860839844 1127.7177734375 791.602294921875 
3 106.27180480957031 171.52374267578125 234.8015594482422 320.63543701171875 
697
1 760.8355712890625 381.438232421875 1136.85400390625 788.7242431640625 
3 115.58027648925781 167.3511505126953 244.9019317626953 317.228271484375 
698
1 765.57470703125 380.09918212890625 1145.1534423828125 789.0394897460938 
3 125.11094665527344 166.7058563232422 251.46205139160156 314.62255859375 
699
1 768.7503662109375 383.0220947265625 1150.297607421875 789.7110595703125 
700
1 780.267333984375 383.32025146484375 1161.5289306640625 788.442626953125 
3 144.30174255371094 157.62042236328125 268.6463317871094 309.9462890625 
701
1 788.050048828125 383.19757080078125 1169.449462890625 786.0340576171875 
3 153.13026428222656 154.46437072753906 279.75152587890625 305.0753173828125 
702
1 796.8635864257812 383.25732421875 1179.293212890625 784.6734619140625 
3 163.94212341308594 153.10984802246094 286.7930908203125 305.7586975097656 
703
1 805.299072265625 382.216552734375 1188.443115234375 784.2955322265625 
3 175.85166931152344 148.248046875 301.5657653808594 298.67138671875 
704
1 813.778564453125 382.8684997558594 1199.918701171875 784.20703125 
3 188.5247802734375 143.02085876464844 308.9488525390625 296.45111083984375 
705
1 823.71875 385.63787841796875 1209.681884765625 783.1229858398438 
3 201.1711883544922 139.54318237304688 323.29815673828125 294.128662109375 
706
1 833.101806640625 386.3577880859375 1220.8270263671875 781.7900390625 
3 212.326904296875 136.20220947265625 333.4582824707031 290.13836669921875 
707
1 841.1905517578125 386.43646240234375 1232.369384765625 780.5007934570312 
3 223.245849609375 133.97027587890625 346.62591552734375 285.7510986328125 
708
1 851.8197631835938 384.8091125488281 1242.8575439453125 779.7608642578125 
3 237.86996459960938 130.8501434326172 359.9697265625 281.16796875 
709
1 863.7384033203125 385.77178955078125 1252.5960693359375 778.10009765625 
3 251.36358642578125 128.01890563964844 373.28955078125 278.6690673828125 
710
1 873.9451904296875 389.49322509765625 1264.145263671875 779.0835571289062 
3 265.00274658203125 123.53094482421875 383.05072021484375 276.35650634765625 
711
1 885.9298095703125 390.30865478515625 1278.1051025390625 778.502197265625 
3 275.1338806152344 119.8892822265625 397.0447998046875 271.30535888671875 
712
1 897.2460327148438 391.82373046875 1292.0831298828125 777.6246337890625 
3 291.65093994140625 117.95953369140625 409.57696533203125 266.89117431640625 
713
1 909.6370239257812 391.369873046875 1304.567138671875 777.826416015625 
3 304.72650146484375 113.50776672363281 422.39373779296875 263.58941650390625 
714
1 922.708740234375 389.8443603515625 1314.5103759765625 774.2505493164062 
3 319.9466857910156 109.91146850585938 436.2716369628906 260.95599365234375 
715
1 938.0232543945312 393.5592041015625 1326.86865234375 774.05517578125 
3 335.1632080078125 110.90365600585938 450.27850341796875 256.0653991699219 
716
1 951.9150390625 393.1863098144531 1344.2073974609375 772.8303833007812 
3 348.53375244140625 101.23658752441406 461.9029846191406 249.77459716796875 
717
1 967.138427734375 392.76129150390625 1357.30517578125 773.0006103515625 
3 364.4608459472656 98.25592041015625 476.26666259765625 248.16949462890625 
718
1 982.5234985351562 393.3866882324219 1369.9080810546875 773.498291015625 
3 379.9136962890625 94.59068298339844 489.3963623046875 244.92181396484375 
719
1 998.8228149414062 393.03466796875 1385.462890625 772.918212890625 
3 395.83551025390625 92.0843505859375 507.58990478515625 241.74130249023438 
