0
3 2408.16748046875 144.10313415527344 2485.03466796875 210.91683959960938 
1
3 2408.171142578125 144.0992889404297 2485.033203125 210.91151428222656 
2
3 2400.215087890625 151.65936279296875 2480.090576171875 223.0142822265625 
3
3 2381.621337890625 154.31478881835938 2473.798583984375 224.41079711914062 
4
3 2371.197998046875 157.63629150390625 2465.55029296875 226.73782348632812 
3 640.7650756835938 114.33750915527344 671.4295043945312 164.85000610351562 
5
6
3 2373.017822265625 185.01895141601562 2454.978759765625 241.65823364257812 
7
3 2353.993896484375 176.82542419433594 2446.985107421875 243.82705688476562 
8
9
10
11
12
13
3 2344.43505859375 239.49139404296875 2405.830322265625 287.8063659667969 
14
15
3 2303.3115234375 249.55242919921875 2391.521728515625 306.23675537109375 
16
17
3 2302.697265625 262.382568359375 2377.669189453125 324.967529296875 
18
19
20
21
22
3 2275.6708984375 279.2678527832031 2353.106689453125 333.87603759765625 
23
24
3 622.8753051757812 133.8808135986328 646.6231079101562 182.69430541992188 
25
26
27
3 2234.500732421875 249.66757202148438 2321.6884765625 304.0879821777344 
28
3 2233.483642578125 234.52239990234375 2314.253173828125 302.4417724609375 
29
3 2229.775390625 235.10733032226562 2312.03759765625 294.2416076660156 
30
3 2228.89013671875 226.85476684570312 2310.76806640625 285.7686767578125 
31
3 2225.983154296875 225.677001953125 2310.958984375 284.56439208984375 
32
3 2219.041748046875 222.1947021484375 2305.45068359375 274.46575927734375 
33
34
35
36
37
3 2198.27734375 177.85986328125 2290.69384765625 244.16275024414062 
38
39
40
41
3 571.8909301757812 72.44435119628906 593.3160400390625 125.05509948730469 
42
3 2197.871337890625 175.42921447753906 2286.9296875 232.46490478515625 
43
3 2188.9609375 163.55828857421875 2277.007568359375 228.10482788085938 
44
45
3 0.1282520294189453 122.98556518554688 41.64347839355469 246.021728515625 
3 2184.800048828125 167.3101348876953 2267.8154296875 233.41629028320312 
46
47
48
49
3 2180.241943359375 177.77975463867188 2266.362548828125 237.87850952148438 
50
51
52
53
54
55
56
3 2166.32177734375 167.21499633789062 2239.56005859375 235.0557861328125 
57
58
3 2167.602783203125 168.92236328125 2237.01513671875 230.69921875 
59
60
61
62
63
64
65
66
3 197.4569091796875 91.57477569580078 212.88864135742188 124.04385375976562 
67
68
69
3 198.30120849609375 82.30603790283203 214.8716583251953 120.3323974609375 
70
3 198.11953735351562 82.45230102539062 214.54608154296875 118.33305358886719 
71
72
73
74
75
76
77
78
79
80
81
82
83
84
85
86
87
88
89
90
91
92
93
94
95
96
97
98
99
100
101
102
103
104
105
106
107
108
109
110
111
112
113
114
115
116
117
118
119
120
121
122
123
124
125
126
127
128
129
130
131
132
133
134
135
136
137
138
139
140
141
142
143
144
145
146
147
148
149
150
151
152
153
154
155
156
157
158
159
160
161
162
163
164
165
166
167
168
169
170
171
172
173
174
175
176
177
178
179
180
181
182
183
184
185
186
187
188
189
190
191
192
193
194
195
196
197
198
199
200
201
202
203
204
205
206
207
208
209
210
211
212
213
214
215
216
217
218
219
220
3 412.679443359375 41.26227569580078 488.77008056640625 95.05816650390625 
221
222
3 351.74609375 44.93585205078125 430.6019287109375 103.3251953125 
223
224
225
226
3 229.4143829345703 73.41688537597656 306.1129150390625 128.76226806640625 
227
228
229
230
231
232
233
234
235
236
237
238
239
240
241
242
243
244
245
246
247
248
249
250
251
252
253
254
255
256
257
258
259
260
261
262
263
264
265
266
267
268
269
270
271
272
273
274
275
276
277
278
279
280
281
282
283
284
285
286
287
288
289
290
291
292
293
294
295
296
297
298
299
300
301
302
303
304
305
306
307
308
309
310
311
312
313
314
315
316
317
318
319
320
321
322
323
324
325
326
327
328
329
330
