0
1
2
3
4
5
6
7
8
9
10
11
12
13
14
15
16
17
18
19
20
21
22
23
24
25
26
27
28
29
30
31
32
33
34
35
36
37
38
39
40
41
42
43
44
45
46
47
48
49
50
51
52
53
54
55
56
57
58
59
60
61
62
63
64
65
66
67
68
69
70
71
72
73
74
75
76
77
78
79
80
81
82
83
84
85
86
87
88
89
90
91
3 2111.6201171875 489.58282470703125 2205.970947265625 657.9738159179688 
92
93
94
3 2104.030029296875 483.9559326171875 2202.544189453125 661.6112670898438 
95
96
97
2 2095.106201171875 480.98211669921875 2199.99609375 666.4453125 
3 1970.0701904296875 208.99566650390625 2021.8328857421875 271.4581298828125 
3 1910.79736328125 186.73422241210938 1961.80859375 252.94512939453125 
98
2 2092.499267578125 480.81121826171875 2199.721923828125 668.0429077148438 
99
3 1880.336181640625 177.06124877929688 1954.5987548828125 251.45370483398438 
3 1895.924072265625 178.52554321289062 1954.5816650390625 249.78872680664062 
100
3 1893.0849609375 168.7945556640625 1951.51025390625 256.3585205078125 
2 2088.785400390625 474.06640625 2199.90380859375 668.3240966796875 
101
3 1884.0552978515625 171.65969848632812 1944.3338623046875 250.093994140625 
2 2084.038330078125 477.18414306640625 2198.861572265625 669.69482421875 
102
3 1881.187744140625 173.2652587890625 1940.0670166015625 246.8499755859375 
103
3 1875.7384033203125 171.58074951171875 1936.5413818359375 246.898193359375 
2 2079.5927734375 480.1630859375 2196.48974609375 672.7041015625 
104
3 1870.479248046875 171.2874298095703 1932.8812255859375 245.97738647460938 
105
3 1862.3427734375 171.2451171875 1924.85791015625 246.7078857421875 
2 2070.859619140625 485.8602294921875 2189.49853515625 677.42822265625 
3 1932.1588134765625 193.19493103027344 2004.179931640625 270.9344177246094 
106
3 1857.391357421875 167.92453002929688 1918.6845703125 244.79815673828125 
3 1924.4056396484375 193.61709594726562 2004.07861328125 271.683837890625 
2 2067.779541015625 486.8394775390625 2187.962158203125 679.33544921875 
107
3 1851.6044921875 169.6912841796875 1913.34716796875 245.84930419921875 
3 1918.2591552734375 191.84979248046875 2001.9154052734375 276.7977600097656 
2 2063.979248046875 479.19891357421875 2187.9150390625 681.2146606445312 
108
3 1846.3511962890625 165.06150817871094 1910.4075927734375 245.31430053710938 
2 2061.9404296875 479.030517578125 2185.867919921875 681.871826171875 
109
3 1835.150146484375 162.88265991210938 1902.1995849609375 240.90606689453125 
3 1900.144287109375 186.4666748046875 1976.5831298828125 262.7523193359375 
2 2057.2080078125 487.68023681640625 2185.150146484375 681.75927734375 
110
3 1828.6334228515625 161.41879272460938 1897.3837890625 239.3936767578125 
3 1892.7598876953125 183.9098663330078 1988.7637939453125 268.9417419433594 
111
3 1821.7369384765625 161.1210174560547 1894.216064453125 239.77383422851562 
112
3 1819.4901123046875 157.07797241210938 1887.619384765625 235.88021850585938 
3 1880.9990234375 180.58758544921875 1970.850341796875 261.4811706542969 
113
3 1809.5892333984375 154.60061645507812 1880.1031494140625 233.31268310546875 
3 1885.377685546875 180.41065979003906 1957.5120849609375 251.1795654296875 
114
3 1803.1534423828125 154.43702697753906 1879.4674072265625 234.68643188476562 
2 2040.8031005859375 484.8453369140625 2174.121826171875 692.2794189453125 
3 1879.179443359375 181.7575225830078 1972.3572998046875 398.19732666015625 
115
3 1798.33544921875 154.87448120117188 1873.148681640625 233.90908813476562 
2 2039.795654296875 487.7061767578125 2174.332275390625 692.7418212890625 
116
3 1793.075927734375 153.5121307373047 1867.52880859375 235.168212890625 
3 1872.61328125 179.7421112060547 1935.1943359375 247.457763671875 
117
3 1782.4017333984375 151.51150512695312 1859.406494140625 235.04562377929688 
2 2032.8243408203125 487.5819091796875 2171.2265625 698.2716064453125 
118
3 1781.4658203125 152.38558959960938 1854.5828857421875 234.76852416992188 
119
3 1779.37158203125 153.14886474609375 1852.7440185546875 232.34689331054688 
3 1860.09130859375 174.4219207763672 1938.0916748046875 298.58648681640625 
120
3 1780.88134765625 171.54342651367188 1850.18701171875 232.12957763671875 
3 1854.2088623046875 187.09539794921875 1930.616455078125 268.68267822265625 
121
122
2 2019.377685546875 487.5140380859375 2168.76611328125 704.3597412109375 
3 1763.2984619140625 140.61111450195312 1836.7774658203125 226.99270629882812 
123
2 2016.10498046875 488.6343994140625 2166.503662109375 706.7113647460938 
3 1756.751953125 138.14584350585938 1833.8653564453125 226.70108032226562 
3 1843.9678955078125 175.62527465820312 1902.7623291015625 240.20660400390625 
124
2 2014.1651611328125 489.6651611328125 2165.09375 707.6278076171875 
125
2 2007.02587890625 492.75787353515625 2161.33447265625 711.1116943359375 
3 1820.328125 164.30589294433594 1890.7481689453125 400.75628662109375 
126
2 2005.175537109375 494.17913818359375 2157.73046875 713.7118530273438 
3 1814.3804931640625 166.16351318359375 1884.564208984375 400.85723876953125 
3 1735.4967041015625 144.9817352294922 1819.9573974609375 232.11346435546875 
127
2 2001.585205078125 493.78814697265625 2154.73388671875 714.8246459960938 
3 1808.9659423828125 165.04319763183594 1880.1494140625 402.13787841796875 
128
2 2000.057373046875 495.7152099609375 2152.501220703125 716.4895629882812 
3 1800.7034912109375 188.53302001953125 1876.7127685546875 403.1300048828125 
3 1727.4864501953125 140.91329956054688 1817.61279296875 236.71774291992188 
129
2 1992.816162109375 497.2266845703125 2149.952392578125 719.2326049804688 
3 1790.893310546875 159.13038635253906 1871.048095703125 401.1111755371094 
3 1712.1552734375 137.35594177246094 1806.9857177734375 234.19833374023438 
130
2 1988.2086181640625 497.0223388671875 2148.4443359375 721.1546020507812 
3 1786.9024658203125 157.5142059326172 1868.8927001953125 395.23272705078125 
3 1700.5145263671875 131.7251739501953 1798.799560546875 371.31195068359375 
3 1700.052490234375 133.64617919921875 1796.234375 229.88165283203125 
131
2 1985.9779052734375 497.25384521484375 2146.84228515625 722.545654296875 
3 1768.9881591796875 155.126708984375 1849.3140869140625 396.4316101074219 
3 1695.4205322265625 132.91558837890625 1793.1046142578125 378.9823303222656 
3 1776.8731689453125 156.51214599609375 1863.6513671875 399.08563232421875 
132
2 1983.6531982421875 498.02392578125 2144.7265625 723.36474609375 
3 1686.635498046875 131.02325439453125 1787.33642578125 379.3503112792969 
3 1778.1636962890625 155.26290893554688 1848.9306640625 394.8500671386719 
133
2 1978.38623046875 498.29296875 2142.298583984375 729.4776611328125 
3 1764.8411865234375 152.98458862304688 1850.7159423828125 396.92657470703125 
3 1677.9912109375 135.88172912597656 1773.8392333984375 226.921630859375 
134
2 1976.6396484375 501.0074462890625 2140.519287109375 731.5791015625 
3 1760.433837890625 152.81564331054688 1849.02685546875 399.30706787109375 
3 1670.1488037109375 135.4469451904297 1768.0721435546875 227.47250366210938 
135
1 1974.5732421875 502.70770263671875 2140.217529296875 732.7589721679688 
3 1754.578125 152.81715393066406 1844.6796875 397.4952392578125 
3 1655.3179931640625 134.2740936279297 1757.67041015625 225.49212646484375 
136
1 1971.0877685546875 504.2823486328125 2138.4189453125 735.6017456054688 
3 1750.2254638671875 152.44284057617188 1838.8773193359375 398.92926025390625 
137
1 1966.392578125 506.30340576171875 2136.11572265625 739.8091430664062 
3 1746.5771484375 150.83541870117188 1833.3912353515625 401.3096618652344 
3 1669.9788818359375 130.4687042236328 1765.815673828125 382.85076904296875 
138
1 1962.9283447265625 506.5435791015625 2132.8916015625 739.4767456054688 
3 1760.5185546875 201.6166229248047 1828.752685546875 399.79132080078125 
139
1 1959.917724609375 506.4921875 2131.1728515625 742.2551879882812 
3 1694.4573974609375 149.45046997070312 1820.0191650390625 397.879638671875 
140
1 1958.9002685546875 505.992431640625 2133.323974609375 742.7051391601562 
3 1727.6107177734375 149.75592041015625 1820.4110107421875 397.308837890625 
141
1 1952.2520751953125 507.9368896484375 2126.425537109375 746.0199584960938 
3 1722.24609375 146.7240447998047 1811.2711181640625 396.74114990234375 
3 1635.5936279296875 127.331787109375 1744.2449951171875 376.1765441894531 
142
3 1701.6767578125 147.0341339111328 1808.068359375 399.1517333984375 
1 1949.9334716796875 509.54638671875 2124.810791015625 749.195556640625 
143
3 1707.67529296875 147.0598907470703 1804.3314208984375 395.95941162109375 
144
3 1709.49169921875 145.4918212890625 1800.1519775390625 396.236572265625 
3 1657.458251953125 124.49360656738281 1741.357177734375 392.5545654296875 
145
1 1935.21484375 511.37835693359375 2118.933349609375 757.8875122070312 
3 1647.91552734375 142.2459716796875 1775.3162841796875 399.513671875 
146
1 1932.702392578125 512.6177978515625 2116.167724609375 759.600830078125 
3 1638.4136962890625 124.12158203125 1718.8466796875 398.01806640625 
3 1693.95166015625 142.51779174804688 1787.8155517578125 393.2747497558594 
147
1 1929.4918212890625 513.546875 2113.374267578125 762.0778198242188 
3 1629.2646484375 120.66717529296875 1715.1943359375 396.7611389160156 
3 1694.2572021484375 143.032470703125 1782.3511962890625 386.35809326171875 
148
1 1925.1861572265625 513.0975952148438 2108.568115234375 763.5328979492188 
3 1625.1990966796875 120.42581176757812 1709.353515625 399.5377502441406 
149
1 1913.0950927734375 514.13330078125 2100.55859375 769.8037109375 
3 1678.1075439453125 140.7600860595703 1766.3560791015625 397.239990234375 
3 1609.9012451171875 124.14254760742188 1695.93408203125 375.17279052734375 
150
1 1908.7117919921875 515.8193359375 2097.132568359375 771.2320556640625 
3 1670.92724609375 138.94760131835938 1758.9049072265625 396.9613952636719 
3 1600.4237060546875 126.87556457519531 1690.18798828125 366.2967224121094 
151
1 1906.61767578125 516.174072265625 2094.35498046875 773.317626953125 
3 1655.958984375 134.92587280273438 1755.8123779296875 398.09173583984375 
152
1 1901.2818603515625 515.6033325195312 2090.9521484375 775.27734375 
3 1653.1573486328125 133.72686767578125 1749.8101806640625 395.9645690917969 
153
1 1890.6915283203125 515.841552734375 2084.467041015625 778.63623046875 
3 1596.464599609375 131.4742431640625 1738.182861328125 399.2668762207031 
3 1563.18115234375 118.399658203125 1667.4249267578125 229.10488891601562 
3 1633.999267578125 131.88311767578125 1739.3624267578125 399.05731201171875 
154
1 1886.8218994140625 516.3395385742188 2079.17626953125 778.76123046875 
3 1554.779052734375 115.33316040039062 1660.3092041015625 224.40203857421875 
3 1636.0 134.6468505859375 1732.381591796875 399.47930908203125 
155
1 1880.5640869140625 517.3516845703125 2074.059814453125 780.5964965820312 
3 1620.651611328125 129.80038452148438 1725.735107421875 396.9974365234375 
3 1542.315673828125 117.82798767089844 1654.031982421875 226.71142578125 
156
1 1876.8482666015625 516.5234375 2069.86376953125 782.9948120117188 
3 1615.18212890625 127.16152954101562 1721.5697021484375 397.6999206542969 
157
1 1861.8924560546875 516.7027587890625 2055.48291015625 787.46142578125 
3 1561.629150390625 130.14877319335938 1704.766845703125 393.21112060546875 
3 1510.123046875 114.802490234375 1628.08984375 219.2835693359375 
158
1 1856.804931640625 517.6507568359375 2047.2132568359375 788.376708984375 
3 1516.1510009765625 124.46745300292969 1695.9771728515625 393.0731201171875 
159
1 1850.0218505859375 517.25146484375 2039.3603515625 790.6566772460938 
3 1540.2452392578125 127.73394775390625 1691.8406982421875 394.4390869140625 
3 1588.8974609375 130.98104858398438 1691.4737548828125 392.8470458984375 
160
1 1835.387451171875 515.8925170898438 2031.842529296875 790.9517211914062 
3 1464.8472900390625 113.93763732910156 1671.8955078125 386.1412353515625 
161
1 1829.3212890625 515.5927734375 2022.683349609375 791.2907104492188 
3 1565.1776123046875 119.89840698242188 1663.374755859375 389.25335693359375 
3 1453.1043701171875 109.53169250488281 1599.798583984375 378.16827392578125 
3 1486.53369140625 114.18141174316406 1661.9949951171875 385.2568664550781 
3 1483.0577392578125 109.53387451171875 1598.2535400390625 377.3428649902344 
162
1 1822.1201171875 515.0501708984375 2013.6712646484375 793.9515380859375 
3 1503.16943359375 119.39849853515625 1652.4212646484375 382.37945556640625 
3 1446.1029052734375 106.55891418457031 1576.8499755859375 211.1615447998047 
163
1 1812.6190185546875 515.00341796875 2006.36279296875 794.9703369140625 
3 1429.4700927734375 106.10256958007812 1572.21240234375 380.5758361816406 
3 1547.168212890625 118.95585632324219 1644.2109375 386.6070556640625 
3 1495.285888671875 117.37176513671875 1642.2706298828125 382.67803955078125 
3 1433.1495361328125 105.04226684570312 1571.8487548828125 212.17431640625 
164
1 1796.7049560546875 516.7628784179688 1985.8812255859375 796.0419921875 
3 1403.379150390625 105.99923706054688 1548.9998779296875 399.3294982910156 
3 1406.333251953125 110.36013793945312 1619.74365234375 391.0853271484375 
3 1482.5546875 118.60421752929688 1620.8848876953125 374.72125244140625 
3 1411.0013427734375 103.35957336425781 1544.487060546875 209.8677978515625 
165
1 1789.538330078125 517.8291015625 1976.5235595703125 797.712646484375 
3 1470.3685302734375 117.96881103515625 1608.6650390625 379.2046813964844 
3 1403.96630859375 103.175537109375 1539.8572998046875 210.01800537109375 
3 1396.110595703125 105.44200134277344 1542.3948974609375 380.33807373046875 
166
1 1781.6666259765625 517.31103515625 1967.4697265625 799.4970703125 
3 1397.35498046875 103.03562927246094 1532.6036376953125 209.87266540527344 
3 1465.2056884765625 118.15982055664062 1598.21533203125 377.9749450683594 
3 1379.906982421875 103.95138549804688 1533.5648193359375 400.76690673828125 
167
1 1773.3660888671875 517.2847900390625 1960.176513671875 801.0548706054688 
3 1368.5235595703125 105.71299743652344 1517.6888427734375 387.3790283203125 
3 1377.0391845703125 113.98530578613281 1586.874267578125 387.7171936035156 
168
1 1766.0972900390625 517.4134521484375 1952.75634765625 801.4634399414062 
3 1357.0379638671875 105.45706176757812 1510.086181640625 398.1107482910156 
3 1440.9007568359375 119.27294921875 1583.80712890625 376.62042236328125 
3 1377.0078125 104.06193542480469 1511.6439208984375 211.1855926513672 
169
1 1752.163330078125 518.4990844726562 1939.9886474609375 805.497802734375 
3 1336.0054931640625 103.52261352539062 1523.0985107421875 391.26470947265625 
3 1473.14013671875 114.270263671875 1576.85302734375 210.5069122314453 
3 1374.3756103515625 104.19230651855469 1506.718505859375 206.35971069335938 
170
1 1741.136474609375 519.572265625 1936.734130859375 807.9874267578125 
3 1314.9295654296875 104.71501159667969 1481.452880859375 396.5518798828125 
3 1315.7979736328125 104.70477294921875 1552.662109375 396.54876708984375 
171
1 1734.9813232421875 520.184814453125 1941.7364501953125 811.3536987304688 
3 1302.8607177734375 103.88313293457031 1490.0654296875 400.49847412109375 
3 1303.01513671875 103.78311157226562 1538.07177734375 400.034912109375 
172
1 1727.630126953125 520.9188842773438 1941.72119140625 812.28076171875 
3 1301.497314453125 102.15081787109375 1482.6868896484375 395.266845703125 
3 1352.500732421875 100.3458251953125 1473.5826416015625 205.49725341796875 
173
1 1708.7906494140625 520.961181640625 1898.2005615234375 816.5511474609375 
3 1284.5887451171875 102.47177124023438 1449.5859375 399.2043762207031 
3 1337.587890625 100.89732360839844 1449.0987548828125 204.093994140625 
174
1 1699.0826416015625 521.25146484375 1887.1817626953125 818.4407348632812 
1 1698.7646484375 520.5319213867188 1931.545654296875 818.6116943359375 
3 1324.2298583984375 101.34983825683594 1441.7484130859375 205.00326538085938 
3 1420.0025634765625 106.20416259765625 1537.365966796875 385.93994140625 
175
1 1689.2122802734375 520.5740966796875 1875.0633544921875 819.3980712890625 
3 1409.546875 106.28810119628906 1527.900146484375 222.611083984375 
176
1 1672.36279296875 522.1639404296875 1867.3109130859375 820.346435546875 
177
1 1647.095458984375 521.1948852539062 1843.364990234375 824.12548828125 
3 1316.882568359375 100.80303955078125 1405.8961181640625 204.09890747070312 
3 1386.88623046875 106.93074035644531 1495.0443115234375 217.01803588867188 
178
1 1635.15966796875 521.5023803710938 1833.2987060546875 826.45849609375 
179
1 1621.3238525390625 520.8316650390625 1822.066162109375 831.4727172851562 
3 1368.42236328125 110.06103515625 1478.1873779296875 384.9161682128906 
180
1 1604.8560791015625 521.9281005859375 1809.1917724609375 837.7394409179688 
3 1236.749267578125 100.2001953125 1380.5692138671875 206.29568481445312 
3 1349.474853515625 108.12545776367188 1469.816650390625 216.8487548828125 
181
1 1574.77099609375 525.599609375 1783.3985595703125 843.389404296875 
3 1220.357666015625 103.55691528320312 1452.42626953125 380.5074768066406 
182
1 1561.583984375 525.1161499023438 1769.1636962890625 846.7763671875 
3 1323.194091796875 106.85391235351562 1439.6610107421875 381.08026123046875 
3 1209.200439453125 102.18865966796875 1349.3988037109375 207.50350952148438 
3 1214.7025146484375 103.29595947265625 1439.6107177734375 378.8463134765625 
183
1 1551.9117431640625 525.011962890625 1755.607421875 850.6670532226562 
3 1311.4705810546875 107.27993774414062 1430.8662109375 376.4178161621094 
3 1209.83154296875 103.09962463378906 1430.546630859375 377.39166259765625 
184
1 1537.26416015625 525.4104614257812 1737.29296875 852.9205932617188 
3 1303.953369140625 108.65911865234375 1420.2685546875 379.2562561035156 
3 1231.81396484375 100.99928283691406 1331.800048828125 203.92481994628906 
185
1 1508.9215087890625 527.2535400390625 1702.934326171875 856.3085327148438 
3 1210.7734375 103.91093444824219 1415.6446533203125 374.3715515136719 
3 1277.09912109375 106.17227172851562 1415.307861328125 375.4812927246094 
186
1 1496.620849609375 528.9771728515625 1685.3443603515625 856.482421875 
3 1263.984375 106.42416381835938 1376.1842041015625 376.9085693359375 
3 1198.3240966796875 100.97695922851562 1301.445556640625 203.90338134765625 
3 1261.4483642578125 106.06478881835938 1415.8812255859375 378.6053771972656 
187
1 1482.864990234375 529.1715698242188 1666.455322265625 856.1551513671875 
3 1243.05419921875 105.10444641113281 1361.1568603515625 374.82855224609375 
188
1 1469.115966796875 529.330078125 1646.1666259765625 856.1098022460938 
3 1235.3704833984375 106.42477416992188 1344.790771484375 380.44415283203125 
3 1114.72216796875 157.43435668945312 1155.6802978515625 202.101318359375 
3 1179.517578125 100.31375122070312 1280.7120361328125 203.36801147460938 
189
1 1440.0599365234375 529.9840087890625 1610.396240234375 859.6915893554688 
3 1174.0872802734375 103.9647216796875 1342.8944091796875 379.34600830078125 
3 1227.876953125 105.77777099609375 1343.5615234375 378.6338195800781 
190
1 1427.793701171875 529.9853515625 1595.02685546875 859.4437255859375 
3 1201.5001220703125 106.36103820800781 1328.755615234375 380.677490234375 
3 1146.278076171875 104.47181701660156 1328.015380859375 380.8982849121094 
191
1 1412.598388671875 530.263916015625 1576.5726318359375 859.7088623046875 
3 1202.3514404296875 106.19595336914062 1319.4671630859375 380.8704833984375 
3 1128.3822021484375 104.63861083984375 1319.109375 379.3448791503906 
192
1 1399.79296875 530.9829711914062 1549.9296875 860.194580078125 
3 1166.6878662109375 106.2132568359375 1310.4561767578125 381.718994140625 
3 1122.322265625 103.9329833984375 1310.9295654296875 381.7030944824219 
193
1 1359.084716796875 531.3974609375 1509.0133056640625 861.7327270507812 
3 1157.381103515625 107.74221801757812 1287.882080078125 383.5371398925781 
3 1114.3138427734375 109.13201904296875 1288.533203125 384.123291015625 
194
1 1335.1158447265625 532.6536254882812 1487.130615234375 861.9668579101562 
3 1148.870361328125 110.25442504882812 1276.4776611328125 384.25604248046875 
195
1 1311.435546875 531.8639526367188 1465.92578125 862.5354614257812 
3 1135.1865234375 108.80062866210938 1263.0263671875 384.05908203125 
196
1 1289.5003662109375 532.7178955078125 1443.8582763671875 862.0868530273438 
3 1124.3927001953125 110.47442626953125 1251.8050537109375 383.9367370605469 
197
1 1242.2960205078125 530.3389282226562 1399.8988037109375 861.734130859375 
3 1099.612060546875 108.34693908691406 1226.1695556640625 383.73565673828125 
198
3 1083.77685546875 109.56858825683594 1213.9017333984375 381.6180419921875 
1 1211.744384765625 529.4990844726562 1375.588134765625 861.239501953125 
199
1 1185.7904052734375 528.2149658203125 1353.0877685546875 861.526123046875 
3 1070.334716796875 108.38986206054688 1200.8466796875 381.45758056640625 
200
1 1160.0208740234375 529.061767578125 1335.395263671875 859.9397583007812 
3 1055.3258056640625 109.09176635742188 1188.8973388671875 381.6424560546875 
201
1 1130.9864501953125 529.04443359375 1305.2012939453125 859.5828857421875 
3 1035.0833740234375 109.77001953125 1164.8994140625 382.0858154296875 
202
1 1113.0107421875 529.8966674804688 1291.8929443359375 859.16015625 
3 1018.8616943359375 112.63432312011719 1157.0263671875 383.6999206542969 
3 1019.5797119140625 111.4173583984375 1157.50390625 383.15484619140625 
203
3 1012.2283935546875 113.41796875 1129.6263427734375 386.824462890625 
1 1090.2347412109375 528.5001220703125 1275.5810546875 858.1378173828125 
204
3 1001.8485107421875 114.625732421875 1127.0362548828125 384.24932861328125 
1 1006.794677734375 526.983154296875 1261.6947021484375 857.4141235351562 
1 1063.96044921875 527.0117797851562 1261.7828369140625 857.5635986328125 
205
3 980.6602783203125 115.94520568847656 1101.8770751953125 383.58251953125 
1 1023.60791015625 523.2706298828125 1218.2413330078125 854.4957275390625 
206
1 1003.904296875 521.5489501953125 1193.0711669921875 849.5321655273438 
3 969.4816284179688 116.44662475585938 1093.1612548828125 383.3190612792969 
207
3 960.519287109375 117.22578430175781 1092.704345703125 382.53411865234375 
1 986.4688110351562 521.184326171875 1167.35693359375 845.8281860351562 
208
1 968.7705078125 519.179931640625 1142.8128662109375 846.027099609375 
3 950.4998779296875 116.95669555664062 1085.21142578125 383.3756408691406 
209
3 931.1686401367188 119.04946899414062 1064.5250244140625 382.445068359375 
1 932.1943969726562 516.7213134765625 1089.4775390625 845.159423828125 
210
3 922.28466796875 120.47743225097656 1054.666259765625 383.6791076660156 
1 913.7049560546875 517.01708984375 1070.8948974609375 847.4095458984375 
211
1 891.8734130859375 517.0516967773438 1053.92578125 849.2958984375 
3 904.5897216796875 126.0654296875 1043.2838134765625 384.28619384765625 
212
1 873.3155517578125 517.9083251953125 1039.5216064453125 846.522705078125 
3 893.5000610351562 124.14523315429688 1032.445068359375 388.0782470703125 
213
1 833.3413696289062 518.7587890625 1007.0946655273438 839.833251953125 
3 867.9012451171875 129.18765258789062 1009.4402465820312 386.6682434082031 
214
1 812.3685913085938 518.1197509765625 992.2897338867188 835.158203125 
3 853.8892211914062 130.8353271484375 997.5546264648438 386.328369140625 
215
1 791.4522705078125 517.3848266601562 982.2103881835938 830.9840087890625 
3 841.7098388671875 131.08905029296875 984.9178466796875 383.07501220703125 
216
1 751.6951293945312 518.7742919921875 956.6876220703125 826.886474609375 
3 815.3775024414062 132.3229522705078 959.4219970703125 385.2701721191406 
217
1 730.6384887695312 520.9564208984375 941.9906005859375 826.0098876953125 
3 804.623291015625 134.71307373046875 948.056640625 386.4052734375 
218
1 712.999267578125 515.0242919921875 929.1463623046875 830.9539184570312 
3 793.5643310546875 135.20623779296875 941.3715209960938 386.81256103515625 
219
1 696.5514526367188 519.8878173828125 919.4765625 825.4953002929688 
3 786.1937866210938 136.44686889648438 931.75830078125 390.35260009765625 
220
1 678.3079833984375 519.088134765625 905.6907348632812 823.3735961914062 
3 775.1409301757812 137.5220489501953 921.6558227539062 390.8221740722656 
221
1 645.1513061523438 522.4260864257812 868.2601928710938 817.9822998046875 
3 758.0579223632812 143.4194793701172 898.16259765625 388.97247314453125 
222
1 629.1221923828125 523.8499145507812 847.784423828125 817.50390625 
3 747.9898071289062 146.81472778320312 889.7528686523438 268.856689453125 
223
1 613.7896728515625 525.305419921875 829.0175170898438 815.017822265625 
3 736.9146728515625 144.04989624023438 877.0786743164062 391.24383544921875 
224
1 599.7529907226562 522.7615966796875 818.5316772460938 814.24365234375 
3 724.6463623046875 146.9268798828125 868.5084838867188 394.2823791503906 
3 725.7022094726562 147.0988006591797 869.0477294921875 257.2217102050781 
225
1 573.2146606445312 523.8411865234375 783.4965209960938 810.7218017578125 
3 705.1160888671875 148.00003051757812 847.7230834960938 254.314453125 
226
1 559.5750732421875 524.2382202148438 784.7594604492188 810.89404296875 
3 698.9633178710938 151.00758361816406 839.06884765625 254.7838134765625 
227
1 550.2666625976562 525.0242919921875 750.3223266601562 807.504150390625 
3 689.7771606445312 154.22198486328125 813.8008422851562 254.98617553710938 
228
1 539.1378173828125 524.2205200195312 728.4906005859375 807.419921875 
229
1 520.57470703125 525.149658203125 696.195068359375 804.0321044921875 
3 659.93212890625 157.3565673828125 798.7831420898438 260.4891357421875 
230
1 512.0164184570312 524.970947265625 699.1114501953125 804.7921752929688 
3 650.6452026367188 161.47219848632812 794.2645874023438 262.9607849121094 
231
1 508.2056579589844 525.05517578125 694.9218139648438 803.2730712890625 
3 646.5812377929688 168.6710205078125 760.3340454101562 265.3189697265625 
232
1 500.4239807128906 524.1506958007812 681.6172485351562 802.2891235351562 
3 656.3070068359375 168.15634155273438 769.6124267578125 260.37109375 
233
1 462.5182800292969 522.091552734375 666.4573974609375 788.5242919921875 
3 619.1008911132812 168.915771484375 750.1932983398438 268.0083312988281 
234
1 456.67706298828125 519.8215942382812 658.796875 776.6897583007812 
3 628.4908447265625 175.43942260742188 738.2545166015625 267.65118408203125 
235
1 453.9301452636719 518.1597900390625 646.6742553710938 774.667236328125 
3 607.5752563476562 172.67921447753906 733.0652465820312 276.27227783203125 
236
1 463.7923889160156 518.34814453125 640.9387817382812 771.453857421875 
237
1 440.17578125 518.1180419921875 622.8523559570312 765.1317138671875 
238
1 434.8342590332031 520.6669311523438 616.1328125 760.6162109375 
3 579.0576782226562 170.81503295898438 695.6064453125 277.4776306152344 
239
1 428.42913818359375 520.6021728515625 603.685546875 758.6455688476562 
240
1 420.8623046875 522.233642578125 595.96826171875 756.3992919921875 
241
1 390.24853515625 524.4691772460938 578.245849609375 756.1297607421875 
242
243
1 380.60430908203125 518.0831909179688 557.69873046875 751.6857299804688 
244
245
1 356.84246826171875 524.7488403320312 532.8395385742188 747.2926025390625 
246
1 352.68560791015625 524.8530883789062 522.0479125976562 743.9957885742188 
247
248
249
250
251
252
253
2 303.4054260253906 527.86865234375 460.1869812011719 729.0689697265625 
254
255
256
257
258
259
260
261
262
263
264
265
266
267
268
269
270
271
272
273
274
275
276
277
278
279
280
281
282
283
284
285
286
287
288
289
290
291
292
293
294
295
296
297
298
299
300
301
302
303
304
305
306
307
308
309
310
311
312
313
314
315
316
317
318
319
320
321
322
323
324
325
326
327
328
329
330
331
332
333
334
335
336
337
338
339
