0
3 2224.78759765625 672.27099609375 2483.24560546875 989.23193359375 
3 1604.6300048828125 19.776287078857422 1633.880126953125 85.48275756835938 
1
3 2224.7841796875 672.2713012695312 2483.24560546875 989.229248046875 
3 1604.6319580078125 19.78106689453125 1633.87451171875 85.48963165283203 
2
3 2225.794677734375 671.4785766601562 2483.6669921875 989.541259765625 
3 1603.875 18.098922729492188 1634.194580078125 85.85073852539062 
3
3 2226.24072265625 671.20849609375 2483.64794921875 989.97216796875 
3 1603.0926513671875 17.95429229736328 1634.3553466796875 86.05360412597656 
4
3 2226.56005859375 670.868896484375 2483.54931640625 990.0203857421875 
3 1602.9666748046875 18.54985809326172 1633.4713134765625 85.7684326171875 
5
3 2226.56640625 670.69580078125 2483.2626953125 989.6866455078125 
6
3 2226.53125 670.6746215820312 2482.9267578125 989.805908203125 
3 1599.4232177734375 17.086097717285156 1632.7325439453125 84.67658233642578 
7
3 2226.015380859375 670.6386108398438 2482.905517578125 989.9351806640625 
8
3 2225.591796875 670.834228515625 2482.58251953125 989.8358154296875 
9
3 2225.50927734375 670.6953125 2481.187744140625 989.7342529296875 
10
3 2225.572509765625 670.583740234375 2480.526611328125 989.5546875 
11
3 2225.615966796875 670.4984130859375 2480.220703125 989.7330322265625 
12
3 2225.341796875 669.88916015625 2479.74755859375 989.8148193359375 
13
3 2225.1923828125 670.0477905273438 2479.8955078125 989.438720703125 
14
3 2225.2060546875 669.854248046875 2479.71728515625 989.4949951171875 
15
3 2225.277099609375 669.8681030273438 2479.5341796875 989.66064453125 
16
3 2225.150146484375 669.7775268554688 2479.500732421875 989.925048828125 
17
3 2225.61474609375 670.34912109375 2480.492919921875 989.951416015625 
18
3 2225.410400390625 670.66259765625 2480.493408203125 989.3262939453125 
19
3 2225.116455078125 670.4593505859375 2478.830322265625 989.90478515625 
3 1578.4290771484375 19.40512466430664 1608.8564453125 83.71128845214844 
20
3 2224.92529296875 670.85595703125 2477.4384765625 989.7406005859375 
21
3 2224.84033203125 671.1763916015625 2477.143798828125 989.9853515625 
22
3 2224.895751953125 671.3509521484375 2477.45458984375 989.8360595703125 
23
3 2224.930419921875 671.8721923828125 2479.068359375 989.9827880859375 
24
3 2224.947998046875 672.6815795898438 2479.708740234375 989.8070068359375 
25
3 2224.882568359375 672.8829345703125 2479.73046875 989.24951171875 
3 1577.422607421875 21.80963897705078 1603.132080078125 82.82357788085938 
26
3 2224.65625 672.2418212890625 2479.41796875 990.222900390625 
27
3 2224.5810546875 673.0349731445312 2478.54345703125 990.7108154296875 
28
3 2224.703369140625 673.669921875 2476.79052734375 990.6126708984375 
29
3 2224.706787109375 674.3883666992188 2476.686767578125 990.562744140625 
30
3 2224.732177734375 674.4148559570312 2476.889404296875 990.5753173828125 
31
3 2224.7841796875 674.572509765625 2477.283203125 990.3282470703125 
32
3 2224.701171875 674.5352783203125 2478.240478515625 990.7005615234375 
33
3 2224.3232421875 674.6543579101562 2478.697998046875 990.8070068359375 
34
3 2224.114501953125 674.2630004882812 2479.158447265625 990.984375 
35
3 2224.29052734375 673.7034912109375 2479.083984375 991.3460693359375 
36
3 2224.331298828125 673.4234619140625 2479.21142578125 991.310546875 
37
3 2224.612060546875 674.111083984375 2481.621337890625 990.8623046875 
38
3 2224.367919921875 670.924072265625 2486.464599609375 990.7244873046875 
39
3 2224.54638671875 666.2396850585938 2489.250244140625 990.981689453125 
40
3 2224.530517578125 663.4284057617188 2492.408935546875 990.92822265625 
41
3 2224.28271484375 661.119384765625 2496.412841796875 991.28125 
42
3 2224.2216796875 660.4100341796875 2499.21826171875 991.253173828125 
43
3 2224.37451171875 659.6378173828125 2502.888671875 991.818115234375 
44
3 2224.408447265625 658.4632568359375 2504.810791015625 992.004150390625 
45
3 2224.151611328125 658.470458984375 2508.0732421875 991.5650634765625 
46
3 2224.3095703125 659.7966918945312 2508.837890625 991.1690673828125 
47
3 2224.5185546875 660.06005859375 2512.33349609375 990.9232177734375 
48
3 2225.0029296875 660.2130126953125 2515.072021484375 991.1842041015625 
49
3 2225.23974609375 660.891845703125 2517.865966796875 991.2607421875 
50
3 2224.912353515625 664.0345458984375 2520.983642578125 990.845947265625 
51
3 2225.484375 664.6990966796875 2525.911376953125 990.5377197265625 
52
3 2224.842041015625 664.0335083007812 2530.616943359375 991.208984375 
53
3 2224.9140625 657.8154296875 2550.488525390625 991.6612548828125 
54
3 2224.5869140625 648.8519287109375 2558.1259765625 992.0582275390625 
55
3 2224.557373046875 653.906982421875 2558.329833984375 993.376220703125 
56
3 2224.6728515625 655.7072143554688 2558.318603515625 993.59423828125 
57
3 2224.304931640625 645.8954467773438 2558.7783203125 994.831787109375 
58
3 2224.822265625 653.180419921875 2558.746826171875 994.84326171875 
59
3 2224.480224609375 649.96875 2558.77294921875 994.8837890625 
60
3 2223.923828125 646.978515625 2558.645263671875 994.1650390625 
61
3 2224.065673828125 649.7167358398438 2558.654541015625 994.0518798828125 
62
3 2223.781982421875 645.594970703125 2558.966796875 993.61962890625 
63
3 2223.84716796875 646.0196533203125 2558.980224609375 993.752685546875 
64
3 2224.1796875 645.93017578125 2558.927734375 993.7547607421875 
65
3 2224.037353515625 651.2420654296875 2558.95556640625 993.7745361328125 
66
3 2223.54736328125 664.160888671875 2558.913818359375 993.6458740234375 
67
3 2223.472900390625 687.5958251953125 2558.860595703125 993.508544921875 
68
3 2223.2685546875 689.8485107421875 2558.81298828125 993.18896484375 
69
3 2223.187255859375 691.6248168945312 2558.833251953125 992.925048828125 
70
3 2223.269287109375 691.5487670898438 2558.796630859375 993.2886962890625 
71
3 2223.061767578125 693.6404418945312 2558.8525390625 993.26806640625 
72
3 2223.620361328125 694.5504150390625 2558.83447265625 992.7430419921875 
73
3 2223.94189453125 695.8067626953125 2558.807373046875 993.0965576171875 
74
3 2225.31982421875 691.4578857421875 2558.780029296875 993.3697509765625 
75
3 2225.687744140625 693.3478393554688 2558.767333984375 992.883544921875 
76
3 2228.751953125 695.3189697265625 2558.7705078125 992.995849609375 
77
3 2231.390380859375 646.107421875 2558.943359375 992.5340576171875 
78
3 2235.2216796875 645.7733764648438 2558.94775390625 991.9669189453125 
79
3 2236.6318359375 645.1614990234375 2558.9765625 992.12353515625 
80
3 2236.99755859375 645.2778930664062 2558.970947265625 992.4102783203125 
81
3 2238.509521484375 645.3402099609375 2558.95751953125 992.607421875 
82
3 2241.62841796875 646.212646484375 2558.9560546875 992.7017822265625 
83
3 2248.8203125 650.9708251953125 2558.93212890625 992.739501953125 
84
3 2254.749267578125 650.3447265625 2558.957275390625 993.2667236328125 
85
3 2245.3466796875 664.0374145507812 2558.936767578125 993.6614990234375 
86
3 2246.64599609375 650.1578979492188 2558.995361328125 993.54345703125 
87
3 2251.04150390625 647.4056396484375 2558.983154296875 993.6591796875 
88
3 2250.73291015625 648.3485717773438 2559.007568359375 993.962646484375 
89
3 2272.6552734375 649.58642578125 2558.9638671875 993.4010009765625 
90
3 2257.38671875 647.9192504882812 2559.00244140625 993.24951171875 
91
3 2260.18701171875 647.8648681640625 2558.899658203125 993.2694091796875 
92
3 2259.0380859375 646.0489501953125 2558.908935546875 993.7646484375 
93
3 2267.302978515625 645.5927734375 2558.950439453125 993.2685546875 
94
3 2260.294677734375 644.6669311523438 2558.92919921875 993.062744140625 
95
3 2259.95068359375 644.7548828125 2558.934326171875 993.0147705078125 
96
3 2259.731689453125 645.1380615234375 2558.92236328125 993.3212890625 
97
3 2260.25634765625 644.2711791992188 2558.93896484375 993.3802490234375 
98
3 2259.968994140625 645.8103637695312 2558.939697265625 993.1737060546875 
99
3 2260.108642578125 648.1407470703125 2558.958251953125 993.8253173828125 
100
3 2260.010009765625 646.816162109375 2558.97314453125 993.7811279296875 
101
3 2259.990966796875 643.8074951171875 2558.982177734375 993.9114990234375 
102
3 2260.3955078125 644.2388916015625 2559.049072265625 993.6697998046875 
3 0.0 169.3376007080078 17.391016006469727 229.83554077148438 
103
3 2261.625 641.823486328125 2559.05029296875 993.483642578125 
3 0.0 168.72750854492188 18.132583618164062 231.674560546875 
104
3 2262.13037109375 642.4107666015625 2559.044921875 993.785888671875 
105
3 2261.040771484375 640.621826171875 2559.0283203125 992.8076171875 
106
3 2260.728759765625 639.1375732421875 2559.042236328125 992.6456298828125 
107
3 2262.47509765625 638.5428466796875 2559.0224609375 992.1790771484375 
108
3 2260.46435546875 637.982666015625 2559.043212890625 992.0419921875 
109
3 2262.6669921875 638.56201171875 2559.0244140625 992.031005859375 
110
3 2263.5146484375 637.3153686523438 2559.02099609375 992.0966796875 
111
3 2262.05810546875 634.9996948242188 2559.015625 992.427978515625 
3 2058.447265625 57.61668395996094 2084.48388671875 105.78660583496094 
112
3 2262.127197265625 633.3794555664062 2559.0009765625 993.493896484375 
3 2058.1328125 57.23759460449219 2084.8203125 106.3709716796875 
113
3 2259.345947265625 604.30712890625 2559.02392578125 993.5262451171875 
114
3 2259.4208984375 583.7125244140625 2558.973388671875 992.8612060546875 
115
3 2259.41357421875 571.1342163085938 2558.98193359375 992.661865234375 
116
3 2260.697265625 566.2055053710938 2559.000732421875 991.864501953125 
117
3 2259.69677734375 563.0610961914062 2558.990234375 994.406494140625 
118
3 2259.1708984375 558.9354248046875 2558.967041015625 993.6795654296875 
119
3 2258.901611328125 556.7694702148438 2558.97265625 994.2880859375 
120
3 2258.431396484375 555.0263671875 2558.964111328125 996.3975830078125 
3 0.0 166.32461547851562 17.333066940307617 236.9822998046875 
121
3 2258.412109375 554.3646850585938 2558.976318359375 996.8890380859375 
122
3 2258.085205078125 553.5889892578125 2558.954345703125 998.671875 
123
3 2257.94482421875 552.868408203125 2558.949462890625 998.3934326171875 
124
3 2258.183837890625 552.7613525390625 2558.9306640625 996.68994140625 
125
3 2258.230712890625 552.678955078125 2558.94140625 996.953857421875 
126
3 2259.723388671875 554.4930419921875 2558.968994140625 997.0068359375 
127
3 2260.5859375 555.5355834960938 2558.95947265625 997.5123291015625 
128
3 2259.1455078125 556.7452392578125 2558.963623046875 998.88818359375 
129
3 2258.66455078125 557.7882080078125 2558.95556640625 999.1829833984375 
130
3 2258.310791015625 558.6256103515625 2558.95849609375 999.475341796875 
131
3 2258.289794921875 558.5484619140625 2558.984619140625 999.5220947265625 
132
3 2258.834716796875 558.997314453125 2558.98681640625 999.1614990234375 
133
3 2258.26904296875 561.1652221679688 2558.984619140625 999.1510009765625 
134
3 2266.070068359375 563.24462890625 2558.98828125 1000.586669921875 
3 2039.9810791015625 59.58802032470703 2061.460205078125 104.46450805664062 
135
3 2266.2138671875 564.661376953125 2558.996826171875 1001.7978515625 
136
3 2254.01220703125 565.6267700195312 2559.02197265625 1001.7965087890625 
137
3 2233.881103515625 566.4974365234375 2558.992919921875 1001.0008544921875 
138
3 2215.8671875 566.0464477539062 2558.9384765625 1001.41064453125 
139
3 2199.410400390625 563.67333984375 2558.97705078125 999.478271484375 
140
3 2182.745849609375 562.1495971679688 2558.8212890625 999.2215576171875 
141
3 2168.947998046875 560.8090209960938 2558.782470703125 999.624755859375 
142
3 2152.892822265625 560.2750244140625 2558.73681640625 999.3795166015625 
143
3 2140.213623046875 558.7894287109375 2558.794677734375 999.46630859375 
144
0 2127.54443359375 557.39453125 2558.795166015625 999.4134521484375 
145
0 2118.43017578125 557.599365234375 2558.8095703125 998.934326171875 
146
0 2110.72412109375 557.726318359375 2558.83740234375 999.0791015625 
147
3 2141.364013671875 557.5131225585938 2558.791015625 998.41748046875 
148
3 2155.1484375 556.1221923828125 2558.712158203125 996.862060546875 
149
3 2137.229736328125 549.74951171875 2558.855712890625 996.6217041015625 
150
3 2132.772216796875 546.712646484375 2558.87451171875 994.934326171875 
151
3 2132.079833984375 548.6326293945312 2558.884521484375 991.794677734375 
152
3 2130.77197265625 547.3721923828125 2558.695556640625 987.525634765625 
153
3 2132.575927734375 546.8450927734375 2552.259521484375 984.5494995117188 
154
3 2131.47998046875 545.3543701171875 2543.98681640625 979.18798828125 
155
3 2131.7216796875 543.7628784179688 2534.483154296875 974.9222412109375 
156
3 2131.955810546875 541.733154296875 2526.709228515625 968.6221313476562 
157
3 2132.381103515625 540.181396484375 2519.982666015625 962.8248291015625 
158
3 2132.244384765625 538.2498168945312 2512.623779296875 957.2178955078125 
159
3 2132.421875 537.51904296875 2506.660888671875 954.9815673828125 
3 2002.2720947265625 57.59320831298828 2032.863525390625 103.16288757324219 
160
3 2132.501953125 535.5114135742188 2502.90966796875 950.55126953125 
161
3 2134.083251953125 534.1820068359375 2496.84423828125 949.2125854492188 
162
3 2134.607421875 531.0253295898438 2490.2080078125 948.759521484375 
3 1999.84765625 57.54203796386719 2028.868408203125 103.55513000488281 
163
3 2136.8291015625 529.4818115234375 2483.93359375 948.6480712890625 
3 1999.703369140625 56.309181213378906 2028.559814453125 103.359375 
164
3 2135.58837890625 526.0349731445312 2479.59521484375 948.697265625 
165
3 2131.706298828125 525.7199096679688 2472.16552734375 949.5028686523438 
166
3 2134.065185546875 524.0048828125 2467.59130859375 949.0256958007812 
167
3 2125.90966796875 521.2540283203125 2462.6650390625 948.3670654296875 
168
3 2112.261474609375 519.1185302734375 2456.436767578125 948.291015625 
169
3 2112.76123046875 516.42236328125 2449.650634765625 948.1873779296875 
170
0 2093.9248046875 514.4825439453125 2444.0888671875 948.0007934570312 
171
0 2065.11083984375 512.1161499023438 2439.947998046875 948.3043823242188 
172
0 2053.574462890625 509.4569091796875 2433.84228515625 948.427490234375 
173
0 2045.00927734375 505.408203125 2428.72900390625 948.0698852539062 
174
0 2038.4649658203125 503.52862548828125 2421.739990234375 948.1318969726562 
175
0 2033.4044189453125 501.11566162109375 2416.0048828125 947.4449462890625 
176
0 2031.376220703125 498.9473876953125 2408.424072265625 946.9097290039062 
177
0 2050.682373046875 495.2861328125 2402.357421875 946.4418334960938 
178
0 2052.18017578125 492.60125732421875 2396.163818359375 946.140625 
179
0 2048.484130859375 487.5162353515625 2389.237548828125 945.8975830078125 
180
0 2048.489990234375 484.05120849609375 2381.98583984375 943.9144897460938 
181
0 2040.679931640625 479.90496826171875 2375.4345703125 943.22998046875 
182
0 2035.477294921875 475.5976867675781 2367.723388671875 941.35400390625 
183
0 2041.2581787109375 470.237548828125 2362.688232421875 936.5127563476562 
184
0 2045.766845703125 467.2349853515625 2358.72119140625 934.0714111328125 
185
0 2043.804931640625 463.3753356933594 2355.25439453125 926.259765625 
186
0 2044.572021484375 459.5035705566406 2347.428466796875 919.7732543945312 
187
0 2045.4129638671875 458.38739013671875 2337.368896484375 909.486083984375 
188
0 2037.9918212890625 456.9750671386719 2331.802978515625 911.1455078125 
189
0 2022.777099609375 452.627685546875 2324.297119140625 908.0599365234375 
190
0 2014.6444091796875 450.30621337890625 2318.497802734375 902.538330078125 
191
0 2025.460205078125 447.35308837890625 2313.5498046875 900.8660278320312 
192
0 2003.0003662109375 445.30084228515625 2304.7294921875 893.9866333007812 
193
0 1977.5399169921875 444.0870361328125 2298.184326171875 889.3412475585938 
194
1 1950.74951171875 442.8017272949219 2291.318115234375 880.80419921875 
195
1 1927.30615234375 440.23968505859375 2282.8662109375 876.2201538085938 
196
1 1903.7890625 440.9569091796875 2274.718994140625 871.0591430664062 
197
1 1882.220458984375 438.2916259765625 2267.41455078125 870.3031005859375 
198
1 1865.0709228515625 436.5909423828125 2258.59130859375 870.80712890625 
199
1 1850.416015625 437.2183532714844 2250.85888671875 870.07421875 
200
1 1839.323974609375 436.3341979980469 2246.343505859375 869.915771484375 
201
1 1833.1466064453125 436.50701904296875 2233.938232421875 869.7490234375 
202
1 1829.8741455078125 436.3270568847656 2224.959716796875 869.5070190429688 
203
1 1828.1588134765625 436.197265625 2217.24462890625 868.8236083984375 
204
1 1823.7322998046875 435.3387451171875 2207.526123046875 867.510498046875 
205
1 1817.57470703125 434.305908203125 2198.41162109375 866.8297119140625 
206
1 1816.456298828125 433.1103515625 2187.816162109375 866.4920043945312 
207
1 1816.105224609375 431.88543701171875 2177.4453125 862.4716186523438 
208
1 1813.2435302734375 430.94146728515625 2167.5849609375 858.6865234375 
3 1945.035888671875 50.50970458984375 1974.4283447265625 99.17051696777344 
209
1 1813.720703125 429.4227294921875 2157.610107421875 856.0560302734375 
210
1 1814.0091552734375 426.66583251953125 2148.69873046875 851.9210205078125 
211
1 1813.843017578125 424.5207214355469 2141.0947265625 844.1106567382812 
3 1938.5029296875 51.78276062011719 1968.689208984375 100.41053771972656 
212
1 1813.9552001953125 423.49591064453125 2130.2978515625 837.8868408203125 
213
1 1813.260009765625 421.484130859375 2122.877197265625 834.9131469726562 
214
1 1813.174560546875 419.907958984375 2115.127685546875 834.6705322265625 
215
1 1813.7896728515625 418.05322265625 2106.326904296875 834.7090454101562 
216
1 1814.2174072265625 416.06689453125 2099.591796875 834.1445922851562 
217
1 1813.738525390625 414.65032958984375 2092.41015625 834.7125244140625 
218
1 1813.486083984375 412.9510498046875 2082.39501953125 834.841064453125 
219
1 1814.0615234375 412.1159973144531 2073.7861328125 834.034912109375 
220
1 1813.3084716796875 408.6075439453125 2065.413818359375 834.1177978515625 
221
1 1812.3419189453125 407.34228515625 2058.181396484375 833.7262573242188 
222
1 1809.162109375 405.69732666015625 2048.990966796875 834.2033081054688 
223
1 1780.5810546875 404.65277099609375 2041.0535888671875 834.499267578125 
224
1 1731.856201171875 403.4683837890625 2034.8546142578125 835.3358154296875 
3 1920.5631103515625 45.44439697265625 1950.9327392578125 100.90980529785156 
225
1 1712.4195556640625 401.7703552246094 2031.43310546875 835.0342407226562 
3 1920.1927490234375 44.26887512207031 1949.699462890625 100.72311401367188 
226
1 1690.37255859375 401.0018310546875 2015.7196044921875 834.6021728515625 
3 1917.559814453125 45.42431640625 1947.2886962890625 100.15591430664062 
227
1 1665.6082763671875 400.74639892578125 2006.624267578125 834.6272583007812 
228
1 1658.35888671875 400.18841552734375 1997.0858154296875 834.464599609375 
3 1915.2047119140625 44.84589385986328 1944.2177734375 100.07530212402344 
229
1 1645.9368896484375 399.07598876953125 1988.8773193359375 834.3609619140625 
3 1912.7720947265625 44.30860137939453 1942.406005859375 100.38626098632812 
230
1 1643.609375 397.3310546875 1986.5146484375 833.990234375 
3 1912.4276123046875 44.406822204589844 1942.2823486328125 100.44270324707031 
231
1 1640.122802734375 395.9718017578125 1969.5025634765625 833.3802490234375 
3 1912.6236572265625 44.43940734863281 1941.395263671875 99.93295288085938 
232
1 1658.0380859375 394.37152099609375 1945.310791015625 832.9781494140625 
233
1 1665.495361328125 391.72137451171875 1932.16845703125 833.1204223632812 
3 1914.9345703125 44.98622131347656 1939.7498779296875 100.53280639648438 
234
1 1647.04345703125 389.31866455078125 1918.2662353515625 831.8900756835938 
3 1912.8134765625 44.1463623046875 1935.25927734375 99.55096435546875 
235
1 1635.224365234375 384.76702880859375 1907.2720947265625 830.7750244140625 
3 1912.201416015625 44.675804138183594 1934.5382080078125 98.72198486328125 
236
1 1639.780029296875 381.31829833984375 1902.26708984375 827.0855102539062 
3 1907.474853515625 45.32450866699219 1932.96044921875 99.21640014648438 
237
1 1635.0999755859375 379.666015625 1894.2449951171875 826.7259521484375 
238
1 1632.472412109375 377.4063720703125 1883.4532470703125 826.09375 
3 1902.67041015625 45.37322998046875 1928.19921875 97.98619079589844 
239
1 1633.9417724609375 374.6104736328125 1870.499755859375 825.7117309570312 
3 1899.8109130859375 45.610389709472656 1927.8734130859375 99.27764892578125 
240
1 1630.29345703125 372.01171875 1856.008056640625 829.5042724609375 
3 1898.1041259765625 44.60802459716797 1925.62646484375 98.1409912109375 
241
1 1625.221923828125 369.78350830078125 1841.3653564453125 832.8562622070312 
3 1895.946044921875 44.55433654785156 1924.744140625 97.66021728515625 
242
1 1641.4222412109375 368.62109375 1832.027099609375 833.8234252929688 
3 1892.802978515625 43.85711669921875 1923.6685791015625 97.67637634277344 
243
1 1631.06689453125 366.5260009765625 1819.7392578125 834.79248046875 
244
1 1615.027099609375 365.05120849609375 1812.849853515625 832.512451171875 
245
1 1599.0521240234375 363.06756591796875 1801.8497314453125 830.6353149414062 
246
1 1573.170654296875 361.94757080078125 1792.6143798828125 825.874755859375 
247
1 1541.1168212890625 361.0269775390625 1784.04736328125 819.4450073242188 
248
1 1505.220458984375 360.36572265625 1776.4205322265625 809.73291015625 
249
1 1478.18212890625 358.9954833984375 1766.0350341796875 802.0932006835938 
250
1 1451.486083984375 358.3842468261719 1757.0013427734375 798.7545776367188 
251
1 1432.88134765625 357.26654052734375 1749.0374755859375 798.0428466796875 
252
1 1423.4947509765625 357.4435119628906 1740.5020751953125 798.262939453125 
253
1 1413.6004638671875 357.83148193359375 1732.5966796875 798.6275024414062 
254
1 1406.5048828125 358.801513671875 1723.3486328125 798.7615966796875 
255
1 1404.06298828125 358.94134521484375 1713.60888671875 797.0223999023438 
256
1 1403.4544677734375 358.70648193359375 1711.8580322265625 794.6013793945312 
257
1 1402.49755859375 357.08660888671875 1709.5732421875 793.3944091796875 
258
1 1402.1409912109375 355.830810546875 1707.931884765625 791.712158203125 
259
1 1402.65771484375 354.4007568359375 1700.745849609375 787.4830932617188 
260
1 1402.31787109375 352.284423828125 1696.99365234375 787.9779052734375 
261
1 1402.359375 350.52398681640625 1688.542724609375 786.1678466796875 
262
1 1401.778076171875 348.7221374511719 1683.32568359375 783.4677734375 
263
1 1400.6712646484375 345.565673828125 1659.5621337890625 773.7798461914062 
264
1 1400.2821044921875 342.470703125 1646.4613037109375 770.6943969726562 
265
1 1392.8255615234375 340.2555236816406 1628.1971435546875 770.4107666015625 
266
1 1386.5435791015625 336.76019287109375 1612.0731201171875 770.1265869140625 
267
1 1378.395751953125 333.0502014160156 1603.6192626953125 770.3876953125 
268
1 1376.87158203125 331.31793212890625 1599.788330078125 770.653076171875 
269
1 1373.500732421875 329.2244873046875 1594.94287109375 770.5665893554688 
270
1 1365.60107421875 326.41546630859375 1591.19189453125 770.4749145507812 
271
1 1364.48974609375 325.3678894042969 1582.1396484375 770.8873291015625 
272
1 1357.6689453125 322.84564208984375 1578.136962890625 770.9388427734375 
273
1 1353.7845458984375 322.3472900390625 1572.6064453125 770.0868530273438 
274
1 1352.4805908203125 321.3695068359375 1566.561279296875 769.457763671875 
275
1 1350.5029296875 319.8470458984375 1561.10205078125 769.727783203125 
276
1 1346.1617431640625 318.51507568359375 1555.1434326171875 770.1117553710938 
277
1 1345.8072509765625 318.5904541015625 1548.938232421875 770.131591796875 
278
1 1342.8748779296875 317.47100830078125 1544.2369384765625 769.8267211914062 
279
1 1340.5904541015625 315.949951171875 1538.439453125 769.876220703125 
280
1 1339.9560546875 315.4610595703125 1533.8228759765625 768.7210083007812 
281
1 1339.009521484375 315.5104675292969 1530.220458984375 767.3843383789062 
282
1 1338.300537109375 314.63824462890625 1526.850341796875 767.2685546875 
283
1 1332.1375732421875 314.16162109375 1522.4404296875 766.2916259765625 
284
1 1329.933349609375 314.0926818847656 1519.3612060546875 764.7402954101562 
285
1 1328.35107421875 314.4722900390625 1515.6224365234375 764.272705078125 
286
1 1323.750244140625 313.6722412109375 1512.04638671875 764.58740234375 
287
1 1312.8603515625 313.3724670410156 1509.6600341796875 763.832763671875 
288
1 1301.7255859375 312.6937255859375 1506.6439208984375 762.9956665039062 
289
1 1302.618896484375 311.98016357421875 1504.697021484375 760.3806762695312 
290
1 1296.268798828125 311.9029541015625 1502.30078125 759.8798828125 
291
1 1292.4195556640625 312.46893310546875 1500.114013671875 758.8848266601562 
292
1 1300.45703125 312.42486572265625 1503.3538818359375 757.7041015625 
293
1 1304.7005615234375 311.36859130859375 1501.217529296875 756.2691040039062 
294
1 1300.382568359375 310.140625 1499.775634765625 755.5557250976562 
295
1 1296.31591796875 308.7429504394531 1498.189697265625 755.0007934570312 
296
1 1291.3031005859375 308.9967346191406 1500.33935546875 751.639892578125 
297
1 1295.472412109375 309.0045471191406 1501.634765625 752.1167602539062 
298
1 1294.3331298828125 309.10546875 1506.8236083984375 750.88525390625 
299
1 1293.490234375 308.7882995605469 1517.1400146484375 747.29931640625 
300
1 1292.676513671875 308.8810119628906 1527.1358642578125 747.3929443359375 
301
1 1291.8902587890625 310.00634765625 1545.176513671875 747.9635009765625 
302
1 1289.4288330078125 309.0933837890625 1550.909912109375 747.8413696289062 
303
1 1289.300537109375 309.899658203125 1536.95458984375 747.50390625 
304
1 1288.3074951171875 309.722412109375 1506.025146484375 746.639892578125 
305
1 1286.92041015625 309.7265319824219 1505.3291015625 745.2313232421875 
306
1 1285.53564453125 309.1908874511719 1504.5386962890625 744.1204833984375 
307
1 1285.416748046875 309.54833984375 1532.1868896484375 742.7689208984375 
308
1 1284.332763671875 309.9733581542969 1511.080810546875 743.0999145507812 
309
1 1283.836669921875 309.7244567871094 1547.893798828125 743.1273803710938 
310
1 1282.8768310546875 310.0430908203125 1548.5106201171875 742.9874267578125 
311
1 1282.5980224609375 310.0895080566406 1545.751953125 742.78125 
312
1 1282.0419921875 309.30487060546875 1542.3958740234375 743.0184326171875 
313
1 1282.1851806640625 309.82147216796875 1518.2396240234375 742.9066162109375 
314
1 1282.4691162109375 309.5927429199219 1531.107421875 743.2653198242188 
315
1 1281.3856201171875 307.531982421875 1524.3089599609375 742.7835693359375 
316
1 1281.145263671875 307.83123779296875 1504.906005859375 743.126220703125 
317
1 1279.633544921875 306.9722900390625 1540.937255859375 742.7699584960938 
318
1 1278.583740234375 306.8204345703125 1541.9229736328125 744.898193359375 
319
1 1277.9384765625 306.5230407714844 1509.6112060546875 746.5211181640625 
320
1 1276.68017578125 306.85467529296875 1512.1534423828125 747.4730834960938 
321
1 1274.8162841796875 306.59716796875 1513.468505859375 747.8172607421875 
322
1 1273.298828125 307.31854248046875 1519.088134765625 748.1591796875 
323
1 1271.70166015625 307.5289001464844 1524.18798828125 748.8516235351562 
324
1 1269.7762451171875 308.601318359375 1530.67138671875 748.150146484375 
325
1 1268.077880859375 309.467529296875 1532.8262939453125 748.0150146484375 
326
1 1265.302734375 311.47711181640625 1535.1798095703125 747.880859375 
327
1 1262.306396484375 313.7040710449219 1540.9024658203125 748.3702392578125 
328
1 1260.7864990234375 314.309814453125 1544.2005615234375 747.4962158203125 
329
1 1258.868408203125 314.9842529296875 1550.806884765625 747.60009765625 
330
1 1258.45947265625 314.7460632324219 1560.9049072265625 747.3050537109375 
331
1 1257.5089111328125 314.8677978515625 1556.2305908203125 746.580078125 
332
1 1257.78271484375 315.8494873046875 1557.8681640625 744.972412109375 
333
1 1256.1671142578125 315.59063720703125 1561.146240234375 744.3243408203125 
334
1 1257.564453125 316.47723388671875 1562.071044921875 743.9521484375 
335
1 1260.21240234375 314.6567077636719 1563.278076171875 744.9257202148438 
336
1 1258.982666015625 312.471435546875 1566.2349853515625 745.0074462890625 
337
1 1263.922119140625 310.59869384765625 1565.12255859375 744.3851928710938 
338
1 1266.8367919921875 308.5772399902344 1557.8997802734375 742.1560668945312 
339
1 1270.0157470703125 309.2530517578125 1551.3402099609375 740.7210083007812 
340
1 1275.081787109375 309.7119445800781 1545.9322509765625 740.002685546875 
341
1 1282.5064697265625 312.0721435546875 1542.9415283203125 740.2208251953125 
342
1 1289.2803955078125 311.0233154296875 1544.0372314453125 739.5189208984375 
343
1 1296.385498046875 312.02081298828125 1547.9473876953125 739.7738037109375 
344
1 1306.2899169921875 311.87884521484375 1550.1002197265625 739.5406494140625 
345
1 1316.3575439453125 313.13580322265625 1552.4136962890625 739.6412353515625 
346
1 1324.6068115234375 312.0370788574219 1552.9122314453125 739.68896484375 
347
1 1331.5577392578125 310.5257568359375 1561.0963134765625 739.0256958007812 
348
1 1340.3299560546875 310.22393798828125 1563.595458984375 739.1038818359375 
349
1 1348.3265380859375 311.4672546386719 1568.084716796875 738.18115234375 
350
1 1357.8875732421875 308.48016357421875 1571.30078125 737.5821533203125 
351
1 1368.1722412109375 306.1534118652344 1575.897216796875 737.8512573242188 
352
1 1370.624755859375 306.45745849609375 1580.104248046875 738.8662719726562 
353
1 1370.6182861328125 307.2093811035156 1583.13720703125 739.025390625 
354
1 1369.736083984375 307.1512145996094 1588.274169921875 738.525634765625 
355
1 1369.4368896484375 307.765625 1593.36474609375 739.0578002929688 
356
1 1371.0682373046875 306.87188720703125 1596.3323974609375 738.9248046875 
357
1 1367.92626953125 307.7618408203125 1599.8641357421875 738.4598388671875 
358
1 1364.68408203125 307.4444885253906 1605.2802734375 738.47265625 
359
1 1364.3482666015625 306.8523254394531 1612.71240234375 739.3314208984375 
360
1 1368.328857421875 310.3258972167969 1620.267578125 739.8357543945312 
361
1 1371.76123046875 311.95330810546875 1627.5277099609375 740.1375122070312 
362
1 1360.091064453125 313.01861572265625 1632.75390625 740.0533447265625 
363
1 1356.992431640625 313.1390075683594 1639.1844482421875 740.153564453125 
364
1 1357.414306640625 311.16357421875 1643.980712890625 739.8953857421875 
365
1 1361.3331298828125 311.3031311035156 1648.6373291015625 739.517578125 
366
1 1352.1553955078125 310.14678955078125 1652.872802734375 739.5953369140625 
367
1 1353.8828125 309.71893310546875 1655.91845703125 739.3031005859375 
368
1 1355.0076904296875 309.4842224121094 1657.1181640625 739.5037841796875 
369
1 1354.677978515625 309.08258056640625 1659.659423828125 739.8214111328125 
370
1 1354.1593017578125 308.6734924316406 1660.0137939453125 739.5269775390625 
371
1 1354.410888671875 309.9332275390625 1660.2930908203125 739.5068359375 
372
1 1356.8875732421875 310.43768310546875 1660.291015625 739.4569702148438 
373
1 1367.988037109375 310.18499755859375 1658.447509765625 739.1019287109375 
374
1 1365.8392333984375 309.3585205078125 1657.539306640625 739.2048950195312 
375
1 1372.9560546875 309.7521057128906 1655.782470703125 738.6256713867188 
376
1 1373.4923095703125 309.1922607421875 1654.5997314453125 737.7980346679688 
377
1 1370.34521484375 308.63433837890625 1654.12109375 737.6723022460938 
378
1 1374.87158203125 308.2427673339844 1653.0789794921875 737.648193359375 
379
1 1367.85986328125 307.8048400878906 1652.9075927734375 738.591552734375 
380
1 1360.5977783203125 307.1378173828125 1652.5260009765625 738.5746459960938 
381
1 1352.817626953125 306.1178283691406 1651.54296875 737.9617309570312 
382
1 1354.7786865234375 302.1334228515625 1651.721435546875 737.7484130859375 
383
1 1383.72119140625 301.9976501464844 1649.9102783203125 738.0712890625 
384
1 1397.9736328125 299.19537353515625 1648.0899658203125 737.869873046875 
385
1 1404.573974609375 298.5799560546875 1646.8646240234375 738.8331909179688 
386
1 1398.48779296875 296.9517822265625 1645.109130859375 738.7963256835938 
387
1 1408.7994384765625 295.729248046875 1643.3916015625 738.977783203125 
388
1 1414.207275390625 294.5752868652344 1641.96044921875 739.268310546875 
389
1 1412.1317138671875 293.1637878417969 1639.7940673828125 739.302734375 
390
1 1408.8675537109375 292.0382995605469 1638.738037109375 738.907470703125 
391
1 1409.173828125 290.4666748046875 1636.0167236328125 739.606689453125 
392
1 1406.92578125 289.1457214355469 1634.9417724609375 739.7950439453125 
393
1 1407.9776611328125 288.49151611328125 1632.4656982421875 739.912353515625 
394
1 1411.466552734375 287.1582946777344 1630.583984375 739.8792724609375 
395
1 1413.92333984375 285.8172607421875 1628.4560546875 739.466064453125 
396
1 1409.0816650390625 283.8295593261719 1626.2869873046875 739.5203857421875 
397
1 1412.4708251953125 283.6253967285156 1623.6588134765625 739.1388549804688 
398
1 1410.208251953125 282.5546875 1623.46142578125 739.3421020507812 
399
1 1407.211669921875 281.01434326171875 1621.072998046875 739.37060546875 
400
1 1402.500732421875 280.2535400390625 1620.252685546875 738.9959716796875 
401
1 1406.6046142578125 280.06231689453125 1618.93603515625 738.9083862304688 
402
1 1407.663330078125 279.0986328125 1618.2987060546875 738.864501953125 
403
1 1392.930419921875 278.2313537597656 1618.0208740234375 738.926513671875 
404
1 1394.3114013671875 278.30322265625 1616.944091796875 738.9962158203125 
405
1 1406.36376953125 278.1256408691406 1615.6533203125 738.740234375 
406
1 1389.5843505859375 277.17144775390625 1614.0101318359375 738.927001953125 
407
1 1401.2008056640625 276.828125 1613.19384765625 738.897216796875 
408
1 1406.9090576171875 276.62738037109375 1611.6934814453125 738.8473510742188 
409
1 1410.6060791015625 276.41571044921875 1610.2010498046875 738.9952392578125 
410
1 1406.192626953125 275.3343505859375 1609.55078125 739.104736328125 
411
1 1409.583740234375 274.6689147949219 1608.0494384765625 739.103271484375 
412
1 1403.361572265625 273.83380126953125 1606.5792236328125 739.0326538085938 
413
1 1405.3851318359375 273.094970703125 1605.7396240234375 738.994384765625 
414
1 1389.75048828125 272.9336242675781 1604.8485107421875 738.838134765625 
415
1 1392.585205078125 272.801025390625 1602.9189453125 738.8751220703125 
416
1 1391.1217041015625 272.26300048828125 1601.885009765625 738.7786254882812 
417
1 1391.42138671875 271.6342468261719 1599.291015625 739.0003051757812 
418
1 1393.93994140625 271.7493591308594 1597.5899658203125 739.373779296875 
419
1 1392.596435546875 271.95263671875 1595.5367431640625 739.2767944335938 
420
1 1391.62646484375 270.69061279296875 1594.098876953125 739.0989379882812 
421
1 1398.44091796875 270.3396911621094 1592.1590576171875 739.0996704101562 
422
1 1408.8037109375 270.0921936035156 1591.2396240234375 739.1629028320312 
423
1 1410.018310546875 269.3668212890625 1589.1451416015625 739.2644653320312 
424
1 1408.9849853515625 270.47210693359375 1587.166748046875 739.306640625 
425
1 1409.2701416015625 270.53277587890625 1584.9139404296875 739.2899169921875 
426
1 1408.0582275390625 270.55096435546875 1583.5439453125 739.505859375 
427
1 1407.4942626953125 270.024169921875 1580.6483154296875 739.4007568359375 
428
1 1405.977294921875 270.0627136230469 1578.7803955078125 739.4359130859375 
429
1 1406.873779296875 269.5335998535156 1576.7039794921875 739.65234375 
430
1 1401.470458984375 269.57208251953125 1575.3236083984375 739.374755859375 
431
1 1398.887939453125 269.83123779296875 1573.5364990234375 739.6617431640625 
432
1 1399.9156494140625 269.05902099609375 1570.9952392578125 739.302734375 
433
1 1401.8953857421875 268.99798583984375 1570.302001953125 738.8533935546875 
434
1 1400.5926513671875 268.50347900390625 1568.0614013671875 739.1484375 
435
1 1402.1502685546875 269.4737243652344 1567.2044677734375 739.5264282226562 
436
1 1400.2432861328125 269.87567138671875 1566.052490234375 739.28369140625 
437
1 1397.0885009765625 268.7474365234375 1563.2921142578125 739.1135864257812 
438
1 1396.5396728515625 267.8221435546875 1562.918701171875 739.42041015625 
439
1 1395.9510498046875 268.3975830078125 1560.92333984375 738.9119873046875 
440
1 1392.874755859375 269.1067199707031 1559.6246337890625 738.982666015625 
1 1392.648681640625 267.5484619140625 1560.10693359375 739.0339965820312 
441
1 1393.3712158203125 267.754638671875 1558.8199462890625 739.0989379882812 
442
1 1393.1431884765625 268.0375061035156 1557.2550048828125 739.1024169921875 
443
1 1394.9422607421875 268.83709716796875 1556.879638671875 739.0528564453125 
444
1 1393.9652099609375 269.33465576171875 1556.287353515625 739.4644775390625 
445
1 1387.4222412109375 269.9893798828125 1555.3094482421875 739.503662109375 
446
1 1384.5113525390625 272.50732421875 1554.9241943359375 739.6644287109375 
447
1 1385.458740234375 273.7860107421875 1554.7703857421875 739.9627685546875 
448
1 1384.4886474609375 274.08843994140625 1555.0286865234375 739.857666015625 
449
1 1383.980712890625 274.3636169433594 1555.7393798828125 738.5744018554688 
450
1 1382.430419921875 274.2934265136719 1556.5782470703125 738.7308959960938 
451
1 1382.741455078125 273.6885986328125 1557.7156982421875 738.4930419921875 
452
1 1383.436767578125 273.6099853515625 1558.1431884765625 738.5471801757812 
453
1 1382.5418701171875 273.72210693359375 1558.9381103515625 739.71533203125 
454
1 1384.1812744140625 273.95294189453125 1559.462646484375 739.814208984375 
455
1 1384.8629150390625 274.1949462890625 1560.04296875 739.583251953125 
456
1 1384.247314453125 274.3835144042969 1561.471923828125 739.3161010742188 
457
1 1385.6578369140625 275.36676025390625 1563.37060546875 739.2947998046875 
458
1 1384.9483642578125 275.3974914550781 1564.101318359375 739.6006469726562 
459
1 1383.22412109375 274.25445556640625 1564.554443359375 739.73388671875 
460
1 1382.22900390625 274.06304931640625 1564.7039794921875 740.256103515625 
461
1 1384.361328125 275.89837646484375 1566.3575439453125 739.697265625 
462
1 1383.6318359375 274.63360595703125 1567.186279296875 739.908935546875 
463
1 1384.6068115234375 276.2957763671875 1567.3818359375 739.6817016601562 
464
1 1386.1324462890625 276.41229248046875 1568.1153564453125 739.3450927734375 
465
1 1387.912841796875 276.2344970703125 1569.5604248046875 739.5631103515625 
466
1 1389.714599609375 276.3266296386719 1570.850341796875 739.9027099609375 
467
1 1392.713134765625 276.16400146484375 1570.9573974609375 741.5687255859375 
468
1 1396.1627197265625 275.883056640625 1572.033203125 742.5865478515625 
469
1 1394.9608154296875 276.6632080078125 1574.025634765625 742.8858642578125 
470
1 1395.1494140625 276.79644775390625 1575.0328369140625 746.0874633789062 
471
1 1396.1124267578125 277.88055419921875 1577.60791015625 747.9725341796875 
472
1 1397.6578369140625 277.9054870605469 1580.881591796875 747.2830810546875 
473
1 1389.5152587890625 278.05828857421875 1585.212646484375 746.4324951171875 
474
1 1402.747802734375 278.54229736328125 1590.170654296875 743.7476806640625 
475
1 1386.8565673828125 277.1405029296875 1594.7686767578125 745.107421875 
476
1 1402.0223388671875 279.2900695800781 1599.8858642578125 746.8607177734375 
477
1 1392.969970703125 279.57781982421875 1606.0064697265625 746.2674560546875 
478
1 1388.5699462890625 281.42181396484375 1610.817626953125 745.429931640625 
479
1 1391.816162109375 282.05560302734375 1617.6094970703125 741.395263671875 
480
1 1403.21484375 283.10211181640625 1624.322021484375 735.1724243164062 
481
1 1387.9150390625 282.9399719238281 1631.3109130859375 744.70166015625 
482
1 1385.7655029296875 285.20068359375 1638.3292236328125 731.662841796875 
483
2 1385.310302734375 286.41741943359375 1643.834228515625 719.2548217773438 
484
2 1383.4442138671875 287.6733093261719 1650.4652099609375 716.18115234375 
485
2 1383.081298828125 288.48016357421875 1658.0489501953125 719.9805908203125 
486
2 1384.3258056640625 292.1400146484375 1664.5906982421875 724.859130859375 
487
2 1382.8194580078125 293.59130859375 1670.5997314453125 718.206298828125 
488
2 1385.441162109375 296.39501953125 1677.5931396484375 715.0145263671875 
489
2 1383.87451171875 298.54254150390625 1682.8516845703125 715.77197265625 
490
2 1384.741943359375 300.048828125 1690.4913330078125 727.8992919921875 
491
1 1384.029052734375 302.4902038574219 1695.020751953125 738.2022094726562 
492
2 1387.568359375 304.0615234375 1700.9300537109375 724.8375244140625 
493
1 1386.6522216796875 304.457763671875 1706.9161376953125 734.33056640625 
494
1 1398.7156982421875 307.2080078125 1711.20263671875 736.056884765625 
495
1 1393.1861572265625 308.9667663574219 1715.23583984375 742.973876953125 
496
1 1410.1749267578125 310.0578918457031 1719.020751953125 747.1578369140625 
497
1 1410.9595947265625 311.99810791015625 1723.337890625 763.8681640625 
498
1 1410.7991943359375 313.82537841796875 1725.8658447265625 778.6419067382812 
499
1 1429.5595703125 316.39178466796875 1729.572265625 795.7396240234375 
500
1 1435.271484375 320.76629638671875 1731.22900390625 809.8164672851562 
501
1 1422.969482421875 325.77081298828125 1733.5289306640625 821.8209228515625 
502
1 1420.5869140625 328.7516174316406 1735.4779052734375 831.7034912109375 
503
1 1431.225830078125 334.49066162109375 1735.9580078125 802.0833740234375 
504
1 1438.6146240234375 341.0274658203125 1738.60205078125 844.5298461914062 
505
1 1448.71044921875 345.09820556640625 1737.9478759765625 846.36669921875 
506
1 1455.52880859375 349.3148498535156 1739.1739501953125 822.6075439453125 
507
1 1467.4609375 355.26190185546875 1740.7000732421875 811.64453125 
508
1 1474.3128662109375 361.7340087890625 1739.9378662109375 816.0008544921875 
509
1 1478.056884765625 367.0521545410156 1740.336669921875 830.5101318359375 
510
1 1481.348876953125 373.426513671875 1743.49853515625 825.4482421875 
511
1 1486.2457275390625 377.7604675292969 1745.331298828125 828.0155029296875 
512
1 1494.0732421875 381.969970703125 1753.32666015625 825.4402465820312 
513
1 1499.984375 387.42132568359375 1753.337890625 825.4187622070312 
514
1 1508.216796875 391.0632629394531 1760.296630859375 815.869384765625 
515
1 1516.7750244140625 393.2209777832031 1766.8868408203125 813.926513671875 
516
1 1526.1654052734375 394.672607421875 1770.315673828125 814.23291015625 
517
1 1537.0792236328125 395.9059753417969 1781.541015625 815.6743774414062 
518
1 1539.546875 398.6357116699219 1787.6751708984375 827.4412841796875 
519
1 1543.2918701171875 399.7398681640625 1801.8505859375 838.7130737304688 
520
1 1541.3406982421875 401.82977294921875 1813.494873046875 847.7571411132812 
521
1 1539.4854736328125 406.2080078125 1821.09765625 852.8646850585938 
522
1 1540.46142578125 409.27886962890625 1830.9403076171875 858.3884887695312 
523
1 1595.97314453125 413.94879150390625 1845.2259521484375 860.752685546875 
524
1 1543.6656494140625 417.4609375 1862.5654296875 863.2224731445312 
525
1 1543.417236328125 420.8017578125 1867.209228515625 866.0213012695312 
526
1 1543.625 421.8353271484375 1879.612548828125 865.6817626953125 
527
1 1544.326416015625 423.96282958984375 1889.83984375 866.7569580078125 
528
1 1546.1529541015625 424.3651428222656 1900.5128173828125 867.5960693359375 
529
1 1551.6307373046875 427.00677490234375 1918.057373046875 866.8021850585938 
530
1 1558.010498046875 427.0157775878906 1933.732666015625 867.1285400390625 
531
1 1566.6766357421875 427.52703857421875 1947.1741943359375 867.2693481445312 
532
1 1578.06884765625 427.21435546875 1961.89599609375 866.8912353515625 
533
1 1587.5723876953125 428.4908752441406 1973.496337890625 867.0275268554688 
534
1 1607.9185791015625 429.34893798828125 1984.70849609375 866.8836669921875 
535
1 1619.6746826171875 429.9686279296875 1997.84716796875 870.3131103515625 
536
1 1648.3240966796875 430.2230224609375 2009.802490234375 876.8473510742188 
537
0 1670.439697265625 430.3708190917969 2022.9984130859375 890.3580932617188 
538
1 1699.33203125 429.512451171875 2031.41064453125 876.2859497070312 
539
0 1722.1842041015625 429.6324462890625 2038.39404296875 910.1412963867188 
540
0 1750.252685546875 432.4029235839844 2049.671630859375 919.7841796875 
541
0 1754.818359375 436.04736328125 2058.6298828125 923.8755493164062 
542
0 1755.09912109375 437.13763427734375 2069.81787109375 915.7399291992188 
543
0 1755.32373046875 436.31787109375 2080.746337890625 918.9268798828125 
544
0 1755.1334228515625 441.7791748046875 2090.44384765625 915.25 
545
0 1754.791748046875 446.10833740234375 2101.858642578125 921.3051147460938 
546
0 1755.088623046875 446.1886901855469 2113.982421875 919.537353515625 
547
0 1755.2996826171875 426.4733581542969 2125.686279296875 910.3433837890625 
548
0 1755.0614013671875 458.7515869140625 2138.234130859375 911.317626953125 
549
0 1755.8453369140625 463.3671569824219 2151.076171875 906.0897827148438 
550
0 1757.3687744140625 467.78338623046875 2165.5849609375 906.646240234375 
551
0 1760.3179931640625 472.9256591796875 2178.28271484375 900.3578491210938 
552
0 1764.3013916015625 477.43414306640625 2190.8427734375 901.4816284179688 
553
0 1774.3232421875 481.44097900390625 2207.186767578125 901.6202392578125 
554
0 1788.453125 485.54913330078125 2221.05859375 893.3461303710938 
555
0 1808.4591064453125 487.28704833984375 2236.092529296875 900.1060791015625 
556
0 1828.4549560546875 489.6412353515625 2249.624755859375 901.4888916015625 
557
0 1851.633544921875 491.29388427734375 2264.14453125 899.6018676757812 
558
0 1873.4288330078125 491.31256103515625 2277.92626953125 896.33154296875 
559
0 1898.8306884765625 487.6666259765625 2289.324462890625 895.1646728515625 
560
0 1921.72412109375 487.716064453125 2301.397216796875 892.1795654296875 
561
0 1944.85107421875 486.939453125 2313.04248046875 891.0892944335938 
562
0 1953.276611328125 487.0277099609375 2324.185302734375 894.099365234375 
563
0 1953.686767578125 488.70574951171875 2335.1728515625 894.8749389648438 
564
0 1953.88232421875 489.7537841796875 2345.39453125 897.1318969726562 
565
0 1953.1375732421875 492.81439208984375 2354.3623046875 897.5650634765625 
3 2054.1318359375 57.69383239746094 2078.748291015625 105.85171508789062 
566
0 1953.412353515625 494.49847412109375 2362.702392578125 898.49755859375 
3 2053.02001953125 57.272605895996094 2077.143798828125 105.68234252929688 
567
0 1953.96728515625 496.039794921875 2373.59423828125 897.4723510742188 
568
0 1953.9964599609375 499.057373046875 2380.744873046875 893.73828125 
3 2103.342529296875 73.86772155761719 2128.570068359375 113.12394714355469 
569
0 1955.534423828125 496.360595703125 2388.433837890625 892.5482177734375 
3 2050.2275390625 57.42411804199219 2075.0537109375 106.23246765136719 
570
0 1957.66845703125 497.10614013671875 2397.287353515625 897.8677978515625 
571
0 1960.81396484375 498.01318359375 2405.224365234375 899.9105834960938 
572
0 1968.2066650390625 496.77911376953125 2414.603271484375 903.4144897460938 
573
0 1979.0975341796875 495.69842529296875 2422.93212890625 904.3115234375 
574
0 1996.0499267578125 494.77587890625 2432.449462890625 904.1317749023438 
575
0 2017.2054443359375 495.1629638671875 2440.91748046875 906.715576171875 
576
0 2038.6890869140625 495.04925537109375 2450.49658203125 908.9102783203125 
577
0 2060.04638671875 495.12432861328125 2458.96142578125 911.5365600585938 
578
0 2081.001953125 494.72637939453125 2468.83837890625 926.359619140625 
579
0 2100.387939453125 495.00848388671875 2477.798583984375 928.3396606445312 
580
3 2123.99853515625 495.30206298828125 2488.79296875 939.2206420898438 
581
3 2131.0810546875 496.626953125 2497.518310546875 946.3162231445312 
582
3 2130.068359375 498.4962158203125 2507.197509765625 949.7156982421875 
583
3 2130.218994140625 500.974365234375 2516.208984375 947.6202392578125 
584
3 2129.859130859375 504.7474365234375 2526.200439453125 940.3861694335938 
585
3 2129.600341796875 508.73504638671875 2536.115234375 953.427001953125 
586
3 2130.199462890625 512.9212646484375 2545.769287109375 947.38623046875 
587
3 2132.345703125 517.3049926757812 2555.081298828125 944.3341674804688 
588
3 2132.845458984375 521.2257080078125 2558.61279296875 945.2876586914062 
589
3 2133.17626953125 528.63623046875 2557.574462890625 945.0306396484375 
590
3 2136.86962890625 532.3023071289062 2558.78369140625 947.5028076171875 
591
3 2142.703125 539.1552124023438 2558.82373046875 947.6680908203125 
592
3 2151.480224609375 544.3092651367188 2559.08056640625 946.286376953125 
593
3 2167.4384765625 559.9041748046875 2558.9794921875 946.2783203125 
594
3 2188.23388671875 565.9547119140625 2558.88037109375 946.1531982421875 
595
3 2201.57373046875 577.0750732421875 2558.765625 946.2702026367188 
596
3 2223.694580078125 589.1788940429688 2558.95068359375 946.467041015625 
597
3 2269.650634765625 589.8565673828125 2559.019775390625 947.1671142578125 
598
3 2287.355224609375 590.5546264648438 2559.01953125 946.8909301757812 
599
3 2287.829345703125 591.6798095703125 2558.982421875 947.7736206054688 
600
3 2288.89453125 583.407958984375 2559.004150390625 948.1883544921875 
601
3 2288.888671875 540.046630859375 2558.96630859375 947.539306640625 
602
3 2288.47607421875 597.9419555664062 2558.975830078125 946.9547119140625 
3 2058.822509765625 59.900794982910156 2089.7255859375 104.90818786621094 
603
3 2289.98388671875 579.1329956054688 2558.923828125 945.6996459960938 
604
3 2288.76318359375 601.2212524414062 2558.942138671875 946.707275390625 
605
3 2291.138427734375 595.7705688476562 2558.897216796875 949.40283203125 
3 2006.1138916015625 61.60243225097656 2032.14306640625 104.19935607910156 
3 2054.102294921875 57.57728576660156 2084.440185546875 104.55241394042969 
606
3 2295.5322265625 601.8953247070312 2558.97265625 948.5260620117188 
3 2005.58251953125 60.05839538574219 2032.439208984375 103.93034362792969 
3 2050.731201171875 57.59349060058594 2083.17724609375 104.55052185058594 
607
3 2315.543701171875 600.373291015625 2558.894775390625 946.7930908203125 
3 2003.775634765625 55.909576416015625 2031.5802001953125 104.32945251464844 
3 2050.06787109375 57.04801940917969 2080.7470703125 104.0421142578125 
608
3 2337.5185546875 603.0125732421875 2558.892578125 941.8073120117188 
3 2002.4920654296875 57.54829406738281 2028.9893798828125 104.34971618652344 
3 2048.1083984375 57.9417724609375 2080.538818359375 102.5609130859375 
609
3 2359.62451171875 604.2667236328125 2558.916015625 939.6712036132812 
610
3 2377.753173828125 604.53564453125 2558.934326171875 941.6369018554688 
3 2048.98828125 56.56013488769531 2076.912841796875 104.52960205078125 
3 1995.9808349609375 58.11625671386719 2026.375 104.20121765136719 
611
3 2390.904052734375 604.4306640625 2558.94873046875 942.327392578125 
612
3 2394.994873046875 612.0881958007812 2558.909912109375 962.8555908203125 
3 2048.689208984375 56.56080627441406 2074.663818359375 105.037353515625 
613
3 2396.452880859375 616.2543334960938 2558.93408203125 960.6497192382812 
614
3 2395.313720703125 618.4584350585938 2558.87451171875 971.3026123046875 
615
3 2395.621337890625 621.198486328125 2558.87548828125 971.2656860351562 
616
3 2396.832763671875 624.2799072265625 2558.847412109375 970.5567626953125 
617
3 2398.09619140625 622.8681640625 2559.00341796875 976.4347534179688 
618
3 2398.1689453125 630.039306640625 2558.98291015625 977.725341796875 
619
3 2398.201171875 634.6661376953125 2558.9951171875 973.285400390625 
620
3 2397.318603515625 638.814697265625 2559.021728515625 972.2991943359375 
621
3 2397.14404296875 644.0989990234375 2558.9853515625 972.697509765625 
622
3 2397.876953125 645.2739868164062 2558.985107421875 971.3450927734375 
623
3 2397.213623046875 645.3763427734375 2558.8818359375 970.0738525390625 
624
3 2396.508056640625 645.0239868164062 2558.9697265625 970.2086181640625 
3 2498.251953125 644.932861328125 2558.934814453125 772.623779296875 
625
626
627
628
629
630
3 2387.12255859375 849.7715454101562 2559.647705078125 972.9132690429688 
631
632
633
634
635
636
637
638
639
640
641
642
643
644
645
646
3 2009.96630859375 63.78712463378906 2037.8477783203125 103.60687255859375 
647
648
649
3 1994.8236083984375 61.957122802734375 2033.4112548828125 104.291259765625 
650
651
3 1991.640625 61.52508544921875 2031.921630859375 103.99771118164062 
3 1948.6300048828125 51.589256286621094 1972.393798828125 101.01200866699219 
652
3 1990.718017578125 60.714752197265625 2032.154296875 103.31272888183594 
653
654
3 1942.176513671875 51.598876953125 1968.8526611328125 101.36068725585938 
3 1989.26513671875 59.677337646484375 2029.4617919921875 103.22074890136719 
655
656
3 1986.317626953125 59.545013427734375 2029.043701171875 103.65090942382812 
657
658
659
660
