0
3 2122.69189453125 487.61724853515625 2202.802001953125 614.5886840820312 
3 566.1647338867188 351.05694580078125 591.7488403320312 411.4486999511719 
1
3 2126.47412109375 489.14947509765625 2210.569091796875 617.0787353515625 
3 573.85595703125 348.89910888671875 599.5459594726562 409.3982849121094 
2
3 2132.606201171875 488.43994140625 2215.845458984375 616.9847412109375 
3 578.1931762695312 345.9233093261719 602.5582885742188 406.9371643066406 
3
3 2136.038818359375 486.81036376953125 2218.3203125 615.3662109375 
3 582.3812255859375 344.513671875 606.1802368164062 405.25347900390625 
3 2100.801025390625 346.27410888671875 2141.939208984375 452.86328125 
4
3 2141.61962890625 487.7933349609375 2220.914794921875 616.3701171875 
3 584.6870727539062 341.886962890625 609.6591186523438 400.854736328125 
3 2104.577880859375 345.539794921875 2143.047607421875 450.0994873046875 
3 2139.6513671875 331.3136901855469 2184.588134765625 461.3648986816406 
5
3 2152.13916015625 489.663818359375 2225.548828125 619.9005126953125 
3 589.5963745117188 342.4105224609375 614.4920043945312 401.25762939453125 
6
3 2153.701171875 490.429931640625 2227.69482421875 621.641845703125 
3 2111.359130859375 350.7132873535156 2148.44970703125 450.2716369628906 
3 2142.859375 341.32293701171875 2187.930908203125 465.6188659667969 
3 594.8226928710938 338.9521179199219 617.2421264648438 398.41729736328125 
3 594.1908569335938 338.14508056640625 616.8385620117188 398.2285461425781 
7
3 2156.734619140625 490.52874755859375 2229.51123046875 621.8607177734375 
3 596.7694091796875 336.671630859375 621.98095703125 398.44219970703125 
3 2145.343505859375 338.3554992675781 2189.041748046875 463.84033203125 
3 2113.203369140625 349.4354248046875 2150.6748046875 452.47406005859375 
8
3 2156.3203125 491.188720703125 2231.097412109375 622.236328125 
3 600.6605834960938 334.3880920410156 624.5975952148438 395.639404296875 
3 2115.552734375 345.9425354003906 2153.791259765625 454.7947998046875 
9
3 2156.2841796875 495.33245849609375 2234.13134765625 622.18310546875 
3 605.3539428710938 333.0050354003906 631.823974609375 395.20758056640625 
10
3 2156.254638671875 495.65496826171875 2235.05078125 621.3196411132812 
3 608.4541015625 332.36676025390625 634.7753295898438 396.23516845703125 
11
3 2158.499267578125 494.90972900390625 2234.76953125 624.9644775390625 
3 611.6248168945312 331.1746826171875 637.7910766601562 394.77203369140625 
12
3 2158.22216796875 494.614013671875 2235.858642578125 628.83349609375 
3 615.2786865234375 328.9571228027344 641.3803100585938 394.1872863769531 
13
3 2161.526611328125 497.8502197265625 2235.873291015625 634.4369506835938 
3 622.0343627929688 328.5779113769531 646.5595092773438 392.96539306640625 
14
3 2163.13330078125 496.16766357421875 2238.474609375 633.9026489257812 
3 625.3313598632812 328.82452392578125 650.3455810546875 392.4722595214844 
15
3 2165.239013671875 495.6065673828125 2240.751708984375 633.8548583984375 
3 630.3817138671875 328.5397644042969 654.4432983398438 390.012451171875 
16
3 2167.526611328125 498.99920654296875 2242.77294921875 633.1214599609375 
3 634.2774658203125 324.0553894042969 658.1611938476562 387.2984313964844 
17
3 638.223876953125 325.82666015625 661.0576171875 387.2626953125 
3 2166.411376953125 495.9539794921875 2244.83837890625 633.7933959960938 
18
3 638.944091796875 325.33740234375 665.3878173828125 387.8717346191406 
3 2166.953857421875 503.7542724609375 2243.542724609375 635.751708984375 
19
3 642.4942626953125 324.972900390625 669.5720825195312 385.7590637207031 
3 2167.30615234375 506.349853515625 2242.579345703125 639.5718994140625 
20
3 652.2146606445312 325.28143310546875 677.4596557617188 384.7535095214844 
3 2171.259033203125 530.424560546875 2240.054931640625 646.182373046875 
21
3 2171.711181640625 523.1444091796875 2244.76318359375 647.6152954101562 
3 655.6036376953125 325.8705749511719 680.6654052734375 385.3539123535156 
22
3 2173.076904296875 510.3115234375 2247.880615234375 651.7373657226562 
3 660.486328125 328.7283020019531 686.37255859375 387.51812744140625 
23
3 2173.154541015625 529.7178344726562 2243.2861328125 652.4495849609375 
3 662.85205078125 329.7266540527344 689.5942993164062 389.14752197265625 
24
3 2174.6845703125 526.0388793945312 2246.190185546875 654.2418823242188 
3 667.1871948242188 328.9212646484375 692.8621826171875 388.0272216796875 
25
3 2180.709228515625 524.6670532226562 2255.0888671875 652.4104614257812 
3 675.4254760742188 325.61077880859375 701.3565063476562 385.70123291015625 
26
3 2179.53076171875 511.17279052734375 2256.95751953125 655.0379638671875 
3 679.1380004882812 325.3349914550781 702.0239868164062 385.652587890625 
27
3 2178.930908203125 506.44677734375 2256.90380859375 658.8117065429688 
3 680.4003295898438 325.5671691894531 705.89111328125 385.45513916015625 
28
3 2180.34716796875 516.310546875 2258.664794921875 656.4632568359375 
3 683.9508056640625 325.6439208984375 708.8046264648438 383.9639892578125 
29
3 2181.143310546875 527.7333984375 2261.5751953125 661.1827392578125 
3 691.4218139648438 322.306396484375 715.0628662109375 382.5711364746094 
30
3 2182.35986328125 536.1713256835938 2258.741943359375 662.1563110351562 
3 694.0567626953125 322.8913879394531 716.3821411132812 381.5150451660156 
31
3 2183.40625 515.2659912109375 2269.693603515625 663.940673828125 
3 696.93408203125 323.0290832519531 720.6710815429688 381.8670349121094 
32
3 2184.16796875 515.2195434570312 2272.010009765625 662.7330932617188 
3 699.5581665039062 323.9995422363281 723.78857421875 381.63165283203125 
33
3 2186.692138671875 517.152099609375 2280.30078125 665.6820068359375 
3 706.6055908203125 320.30938720703125 731.1531372070312 380.7521057128906 
34
3 2189.160400390625 535.73486328125 2264.39697265625 665.8809204101562 
3 710.6651000976562 318.72259521484375 735.573486328125 379.4590148925781 
35
3 2189.737060546875 526.2235717773438 2281.034912109375 669.3594970703125 
3 712.87890625 318.17535400390625 737.7211303710938 378.517822265625 
3 2190.327392578125 522.4502563476562 2280.98291015625 669.0552978515625 
36
3 2191.431884765625 509.94329833984375 2287.586181640625 669.7800903320312 
3 715.5646362304688 315.3802490234375 741.5558471679688 377.9621887207031 
37
3 723.7955932617188 314.26800537109375 749.5914916992188 374.5005798339844 
3 2196.394287109375 511.4278564453125 2289.94091796875 666.232177734375 
38
3 725.9746704101562 311.0545349121094 753.011962890625 372.15435791015625 
3 2198.12060546875 509.6134033203125 2288.114501953125 667.4013671875 
39
3 2197.76171875 508.93798828125 2295.2734375 669.3064575195312 
3 728.9590454101562 311.42138671875 753.6353759765625 370.2576904296875 
40
3 729.5551147460938 310.4767761230469 756.0384521484375 370.1876525878906 
3 2198.650146484375 583.428955078125 2262.3466796875 670.6474609375 
41
3 734.4185180664062 310.05194091796875 761.0826416015625 368.0201110839844 
3 2198.402099609375 575.4529418945312 2263.246826171875 674.1703491210938 
42
3 737.1768188476562 310.3238525390625 763.2565307617188 370.2318420410156 
3 2200.4208984375 575.1515502929688 2266.110595703125 677.4434204101562 
43
3 741.3705444335938 306.17108154296875 768.8668212890625 367.83843994140625 
3 2203.828857421875 514.101318359375 2294.02783203125 678.8759155273438 
44
3 744.3043823242188 306.34637451171875 770.4303588867188 367.8263244628906 
3 2202.793701171875 516.0553588867188 2293.832275390625 683.6386108398438 
45
3 2202.271484375 518.545166015625 2294.146484375 683.927490234375 
3 747.28564453125 306.13934326171875 774.7476196289062 363.96234130859375 
46
3 2203.0546875 518.156494140625 2296.00390625 684.9238891601562 
3 748.8718872070312 303.5730285644531 776.207275390625 364.6891174316406 
47
3 2204.08984375 517.9744262695312 2296.8115234375 685.1006469726562 
3 750.189697265625 302.9757995605469 777.8285522460938 363.09783935546875 
48
3 2203.493896484375 517.4638061523438 2298.300048828125 685.7894897460938 
3 751.6593017578125 303.8573303222656 780.2202758789062 365.45355224609375 
49
3 2203.403076171875 518.122314453125 2297.951904296875 689.333740234375 
3 754.8516845703125 303.2980651855469 783.0982055664062 365.9063415527344 
50
3 757.3822021484375 304.197265625 783.5376586914062 363.6667785644531 
3 2203.788818359375 530.7239379882812 2295.521484375 692.067138671875 
51
3 2201.995361328125 521.5419921875 2299.7001953125 695.7340087890625 
3 759.4083251953125 304.2667236328125 785.2227172851562 362.2258605957031 
3 0.08609199523925781 533.9805297851562 35.193450927734375 608.6271362304688 
52
3 2202.432373046875 521.0911865234375 2297.228515625 695.62548828125 
3 760.1949462890625 304.1463317871094 786.8845825195312 362.11785888671875 
3 0.07028388977050781 531.1589965820312 37.46091079711914 605.2853393554688 
53
3 2200.727783203125 540.651123046875 2294.62890625 699.2911376953125 
3 766.4950561523438 305.4779052734375 791.1436157226562 366.7095031738281 
3 0.0756683349609375 523.5050048828125 44.206756591796875 604.448974609375 
54
3 2201.059814453125 542.19921875 2295.49755859375 701.3544311523438 
3 767.8119506835938 305.45770263671875 791.20361328125 365.37750244140625 
55
3 770.8959350585938 304.3160095214844 794.093017578125 364.0731506347656 
3 2200.8203125 546.2802124023438 2295.2138671875 702.8677978515625 
56
3 2199.2294921875 521.7830810546875 2299.77783203125 706.5529174804688 
3 771.0924682617188 303.4363708496094 795.66064453125 362.6209716796875 
3 1.5409517288208008 517.9140014648438 50.641143798828125 594.1936645507812 
57
3 2198.57373046875 528.12158203125 2300.77490234375 710.0333251953125 
3 774.91455078125 303.1793212890625 799.4882202148438 363.936279296875 
3 2345.10009765625 713.6386108398438 2501.06884765625 958.7551879882812 
58
3 2196.514404296875 543.5345458984375 2294.8798828125 712.67431640625 
3 775.6574096679688 305.948486328125 799.3026733398438 365.275634765625 
3 2343.370361328125 729.93115234375 2500.16650390625 958.8048706054688 
59
3 2196.512451171875 532.2989501953125 2300.652099609375 713.6083374023438 
3 778.183837890625 305.3243713378906 802.0050659179688 366.2552490234375 
3 2342.767578125 732.718017578125 2499.811767578125 958.1732788085938 
60
3 2195.698974609375 532.6363525390625 2305.68310546875 718.8045043945312 
3 780.4168701171875 306.1241149902344 806.6441650390625 366.58758544921875 
61
3 782.4170532226562 303.1920166015625 810.9085693359375 366.1258544921875 
3 2196.671630859375 548.2178955078125 2294.7802734375 717.629150390625 
62
3 2196.511962890625 534.8050537109375 2302.87255859375 717.9656982421875 
3 788.9896850585938 304.0868835449219 812.4365844726562 362.8114013671875 
3 786.3944091796875 303.8783874511719 806.5980224609375 363.2449951171875 
3 2346.277587890625 724.0687866210938 2501.021484375 955.6195678710938 
63
3 2196.621826171875 555.00830078125 2297.110595703125 717.839599609375 
3 787.4351196289062 303.09503173828125 812.8142700195312 362.5908203125 
3 786.9918823242188 303.30157470703125 807.1373901367188 363.0014343261719 
64
3 2195.1435546875 543.6491088867188 2299.535400390625 724.5250244140625 
3 787.4716796875 303.17218017578125 813.6613159179688 362.3973693847656 
65
3 2192.215087890625 537.906494140625 2301.057861328125 723.7526245117188 
3 787.35107421875 305.86578369140625 815.9551391601562 364.7511291503906 
3 2346.203125 704.3033447265625 2502.7958984375 956.8710327148438 
66
3 2190.165283203125 538.3021850585938 2299.192138671875 727.1229248046875 
3 787.2476806640625 306.4527587890625 815.5709228515625 365.5622863769531 
67
3 2189.620849609375 538.500732421875 2299.542724609375 729.3179321289062 
3 787.8180541992188 306.8603515625 815.2254028320312 366.13812255859375 
3 2372.3447265625 485.31597900390625 2411.151611328125 540.9713745117188 
3 2350.503662109375 459.32867431640625 2381.5693359375 520.001953125 
68
3 2187.24951171875 540.53466796875 2299.013427734375 731.7553100585938 
3 787.7550048828125 307.1874084472656 817.0354614257812 366.992431640625 
69
3 2185.42724609375 547.2167358398438 2297.232421875 734.140869140625 
3 788.720703125 310.3730773925781 816.8157348632812 368.9709167480469 
70
3 2182.62744140625 545.1748046875 2298.19580078125 732.484619140625 
3 789.4805297851562 311.04351806640625 817.6019897460938 368.2837829589844 
71
3 2181.809326171875 545.23291015625 2298.034423828125 733.4520263671875 
3 789.4025268554688 309.79730224609375 817.79931640625 366.8095703125 
72
3 2182.120849609375 545.4779663085938 2298.6240234375 738.4791259765625 
3 789.9854736328125 307.0940856933594 818.1831665039062 365.4572448730469 
73
3 2182.097900390625 543.51904296875 2300.086669921875 739.1442260742188 
3 790.3851318359375 302.2674255371094 817.44384765625 357.99493408203125 
3 2366.616455078125 463.0325927734375 2400.807861328125 524.8194580078125 
74
3 2181.51904296875 540.9813232421875 2299.85107421875 735.8665771484375 
3 789.4471435546875 301.0511169433594 815.8577270507812 356.650634765625 
75
3 2181.125732421875 538.9383544921875 2301.151611328125 734.3087158203125 
3 789.5516357421875 301.2623596191406 814.9407348632812 357.5662841796875 
76
3 2179.052734375 539.9172973632812 2300.3193359375 736.3754272460938 
3 789.7492065429688 302.8598327636719 815.1337280273438 358.1995849609375 
77
3 2177.7646484375 542.412841796875 2301.23486328125 740.9711303710938 
3 793.5283813476562 301.5050354003906 819.3132934570312 357.3363037109375 
3 2378.888427734375 465.41302490234375 2411.8564453125 529.2664794921875 
78
3 2175.469482421875 544.5567016601562 2300.1875 745.669189453125 
3 795.1378784179688 300.9652404785156 821.386962890625 357.0059814453125 
79
3 2175.440673828125 545.3018798828125 2301.310302734375 745.20849609375 
3 797.5742797851562 300.684326171875 822.8151245117188 356.9186706542969 
80
3 2174.215087890625 546.8585205078125 2302.990966796875 747.5145263671875 
3 799.3375244140625 300.76043701171875 824.0149536132812 357.4879455566406 
81
3 2165.591552734375 548.852783203125 2298.2119140625 753.3983764648438 
3 797.720947265625 301.81103515625 822.015625 359.2287902832031 
3 2344.874267578125 703.28466796875 2503.99951171875 957.570068359375 
82
3 2162.091064453125 550.8637084960938 2293.189453125 750.7166137695312 
3 796.031982421875 303.3084411621094 820.7691650390625 362.4498596191406 
3 2344.2685546875 704.366943359375 2503.54736328125 957.6466064453125 
83
3 2161.342529296875 551.2533569335938 2294.8369140625 755.836669921875 
3 794.6442260742188 303.8533935546875 820.1715087890625 363.8681335449219 
84
3 2156.058349609375 553.6197509765625 2290.626220703125 760.7392578125 
3 794.6867065429688 305.2687072753906 820.8113403320312 364.0910339355469 
3 2388.66943359375 475.6375732421875 2425.3544921875 537.3719482421875 
85
3 2148.159423828125 556.27294921875 2285.306396484375 769.0328369140625 
3 797.5131225585938 307.77984619140625 821.35400390625 367.1678466796875 
86
3 2149.42041015625 557.2252197265625 2287.39697265625 766.4634399414062 
3 799.0286254882812 307.40081787109375 823.5343627929688 368.3523254394531 
3 2393.803466796875 471.7325439453125 2430.561279296875 542.9631958007812 
87
3 2148.657470703125 556.7506713867188 2286.463134765625 768.0147705078125 
3 799.2276000976562 308.0191650390625 824.3462524414062 368.6017150878906 
88
3 2144.822265625 555.1317749023438 2294.096435546875 773.0309448242188 
3 799.3084716796875 307.9351806640625 824.3213500976562 369.9883117675781 
3 2397.672119140625 472.7365417480469 2434.87744140625 543.1061401367188 
89
3 2141.938232421875 558.4794311523438 2281.714599609375 770.41357421875 
3 797.4340209960938 309.43682861328125 824.5095825195312 369.4236755371094 
3 2400.58544921875 472.6225280761719 2438.052001953125 543.0930786132812 
90
3 2138.057373046875 557.2990112304688 2280.674072265625 775.534423828125 
3 796.7373046875 309.54937744140625 823.0386962890625 368.7746887207031 
3 2400.3076171875 474.2333068847656 2438.813232421875 543.5087890625 
91
3 2133.49853515625 558.6663208007812 2275.004638671875 774.7932739257812 
3 795.8345947265625 309.1997375488281 822.2752075195312 366.9096374511719 
3 2403.9755859375 472.609130859375 2439.42333984375 542.8963012695312 
92
3 2130.580078125 558.1408081054688 2273.9365234375 770.9793090820312 
3 793.50341796875 309.52581787109375 822.0469360351562 366.95733642578125 
3 2404.740478515625 472.5942687988281 2439.47216796875 542.7698364257812 
93
3 2125.2568359375 557.8270263671875 2270.884033203125 777.14404296875 
3 790.5736694335938 310.2023010253906 820.2023315429688 367.0394592285156 
94
3 2120.08984375 555.31494140625 2267.777099609375 774.8590087890625 
3 788.6953735351562 309.97955322265625 817.2645874023438 368.3070068359375 
95
3 2116.2509765625 555.6755981445312 2264.962890625 785.3883056640625 
3 787.1412963867188 310.7536315917969 816.2936401367188 367.8638000488281 
3 2404.98681640625 477.03692626953125 2441.820556640625 544.3446044921875 
96
3 2113.607666015625 556.6817016601562 2265.182861328125 780.9933471679688 
3 784.4576416015625 310.4614562988281 812.8724365234375 368.67822265625 
3 2406.8291015625 472.6419677734375 2441.990478515625 542.368408203125 
97
3 2105.50390625 562.8351440429688 2251.29736328125 784.7742919921875 
3 779.2550048828125 311.2173156738281 806.0977172851562 369.15740966796875 
98
3 2102.174072265625 555.8397216796875 2252.904541015625 783.5033569335938 
3 775.728759765625 310.5284423828125 803.7716674804688 369.93804931640625 
99
3 2090.919677734375 572.56396484375 2236.092529296875 791.3787841796875 
3 769.1661987304688 311.7364807128906 798.5880737304688 371.0796813964844 
100
3 2088.158203125 554.968994140625 2243.952880859375 790.9591674804688 
3 765.9247436523438 309.0549011230469 797.6407470703125 370.86187744140625 
3 2087.39208984375 573.7904663085938 2226.450439453125 790.0667114257812 
101
3 764.270263671875 307.9073486328125 796.3532104492188 367.8916015625 
3 2084.343017578125 559.2802734375 2235.600341796875 789.1910400390625 
3 2085.623291015625 552.4593505859375 2243.5322265625 789.186279296875 
102
3 2079.0595703125 552.073974609375 2239.78173828125 794.1162109375 
3 761.6800537109375 306.5107727050781 794.1455078125 367.8023986816406 
3 2405.05029296875 474.30560302734375 2449.100830078125 549.1780395507812 
103
3 2075.228759765625 552.5459594726562 2235.95849609375 795.3614501953125 
3 758.0534057617188 309.32659912109375 790.5903930664062 369.1906433105469 
104
3 2070.9150390625 552.37109375 2231.8759765625 794.218505859375 
3 757.1541748046875 308.9402160644531 789.9077758789062 369.30938720703125 
3 2405.27783203125 474.3421325683594 2448.861328125 550.3366088867188 
105
3 2062.30224609375 552.0757446289062 2228.5361328125 792.6156616210938 
3 752.3839721679688 311.23822021484375 783.6043090820312 369.9891357421875 
106
3 2057.00048828125 552.1207275390625 2227.973876953125 804.6621704101562 
3 755.2401733398438 310.3251037597656 782.262451171875 370.3078918457031 
3 2406.2529296875 472.4283447265625 2450.41455078125 549.4539794921875 
107
3 2052.7236328125 553.0948486328125 2224.375 796.1864013671875 
3 752.5089721679688 308.489013671875 780.2453002929688 369.9531555175781 
3 754.561279296875 309.55914306640625 780.7603149414062 369.8412170410156 
108
3 2046.0899658203125 552.8250732421875 2218.498291015625 807.6669921875 
3 749.9506225585938 310.4958190917969 777.843017578125 368.76727294921875 
109
3 2041.90283203125 551.564453125 2213.79736328125 803.3385009765625 
3 749.640625 302.6280517578125 776.00830078125 366.53668212890625 
110
3 2037.41064453125 549.4646606445312 2212.23583984375 798.3594970703125 
3 749.198486328125 292.7476806640625 775.2150268554688 364.3885192871094 
111
3 2029.8759765625 549.8994140625 2208.325927734375 803.5491943359375 
3 749.2684326171875 303.3109130859375 773.0189208984375 363.7657165527344 
112
3 2025.32958984375 550.47705078125 2203.77783203125 804.9767456054688 
3 745.0530395507812 303.638427734375 770.1522827148438 365.15985107421875 
113
3 2010.5093994140625 551.7296142578125 2190.69873046875 808.7267456054688 
3 740.7152709960938 293.69842529296875 768.3285522460938 373.5562438964844 
114
3 2005.45751953125 554.3632202148438 2185.9521484375 814.3861694335938 
3 740.247314453125 297.2529296875 767.734619140625 375.8656311035156 
115
3 1996.610107421875 556.2135620117188 2181.26025390625 824.082275390625 
3 738.9169311523438 297.92279052734375 767.9201049804688 376.3890380859375 
3 2413.2294921875 468.31939697265625 2450.034423828125 547.8043823242188 
3 2435.476806640625 506.6888427734375 2480.0400390625 575.6580200195312 
3 2413.54638671875 466.4223327636719 2454.288330078125 547.7075805664062 
116
3 1992.459716796875 557.1089477539062 2175.560302734375 818.5042114257812 
3 738.0003051757812 304.5130920410156 766.2941284179688 377.2192077636719 
117
3 1974.4375 558.282470703125 2162.66943359375 822.2099609375 
3 731.2702026367188 310.0929260253906 762.1222534179688 378.756103515625 
118
3 1970.7110595703125 556.9497680664062 2157.282958984375 820.7471313476562 
3 728.3419189453125 319.6327819824219 759.1492919921875 382.9512939453125 
119
3 1965.67138671875 556.8492431640625 2155.5166015625 823.3280639648438 
3 728.401123046875 320.9661560058594 759.0419921875 382.7779541015625 
120
3 1957.1611328125 553.4534912109375 2145.03466796875 823.5445556640625 
3 723.4976196289062 321.55352783203125 755.3287963867188 382.6394958496094 
3 2437.6953125 502.512451171875 2480.65380859375 571.4207763671875 
3 2413.551513671875 479.18646240234375 2449.104736328125 550.2288208007812 
121
3 1946.7958984375 553.3259887695312 2132.52099609375 835.4755249023438 
3 716.830078125 318.8760986328125 750.1004638671875 383.0882873535156 
122
3 1936.6630859375 555.45068359375 2125.93994140625 827.2116088867188 
3 713.3698120117188 321.84521484375 742.3193969726562 382.7876281738281 
123
3 1927.770751953125 556.1348876953125 2126.484130859375 833.2589111328125 
3 709.8021850585938 320.6404724121094 737.8257446289062 382.22222900390625 
3 2438.183349609375 503.5762939453125 2478.92724609375 573.12451171875 
124
3 1920.71142578125 555.1436767578125 2113.476318359375 833.50732421875 
3 707.3124389648438 318.79583740234375 733.7614135742188 379.754150390625 
3 2438.294921875 503.31939697265625 2478.366455078125 571.9290161132812 
125
3 1903.7691650390625 555.6673583984375 2097.689208984375 836.7431640625 
3 701.5565185546875 320.2205505371094 725.9258422851562 381.29730224609375 
3 2436.872314453125 500.40765380859375 2477.46484375 573.4013671875 
126
3 1881.4342041015625 558.7771606445312 2079.262939453125 847.968994140625 
3 684.709228515625 323.6857604980469 718.5440063476562 389.0001220703125 
127
3 1874.7188720703125 561.1976928710938 2074.342041015625 846.7766723632812 
3 680.4654541015625 327.421142578125 716.1421508789062 392.0650634765625 
128
0 1860.991455078125 561.3238525390625 2059.095947265625 848.139892578125 
3 684.0794067382812 331.2591552734375 713.9349975585938 393.3827209472656 
3 688.3357543945312 331.43255615234375 714.4158325195312 392.569580078125 
129
0 1854.4658203125 561.7135009765625 2052.050537109375 861.9782104492188 
3 677.8038940429688 334.5307922363281 711.7319946289062 393.72296142578125 
130
0 1844.7730712890625 560.7555541992188 2044.588623046875 851.5560302734375 
3 680.262451171875 334.1046447753906 710.3760375976562 394.090576171875 
131
0 1839.00732421875 558.9132690429688 2041.323974609375 853.195556640625 
3 672.9979248046875 335.59521484375 705.8914794921875 391.8724365234375 
132
0 1827.965087890625 556.5 2048.39208984375 852.208984375 
3 671.5992431640625 335.05718994140625 701.9384765625 391.8249816894531 
133
0 1793.06787109375 561.886962890625 1993.9808349609375 866.7069091796875 
3 659.5829467773438 340.8285217285156 686.399169921875 397.6429443359375 
134
0 1785.1865234375 563.0511474609375 1982.41650390625 862.0845947265625 
135
0 1768.06396484375 565.2879638671875 1971.5848388671875 888.1788940429688 
3 656.2845458984375 344.7378234863281 681.5352172851562 401.6152648925781 
136
0 1760.108642578125 566.5617065429688 1959.797607421875 872.6407470703125 
3 653.1765747070312 349.28802490234375 679.2275390625 405.9852294921875 
3 2423.216064453125 500.4227294921875 2463.386474609375 572.1989135742188 
137
0 1749.073486328125 567.2744140625 1943.369384765625 877.1901245117188 
3 652.8404541015625 346.62701416015625 678.5283203125 410.0146484375 
138
0 1737.376708984375 566.9175415039062 1934.2196044921875 873.570556640625 
3 651.6358642578125 348.06121826171875 678.1705322265625 410.4096984863281 
139
0 1718.7406005859375 565.3841552734375 1913.4849853515625 873.8504638671875 
3 645.617431640625 349.9092712402344 673.1687622070312 410.7066650390625 
140
0 1704.322509765625 565.48779296875 1906.8231201171875 880.9984130859375 
3 639.5628662109375 347.8547668457031 669.8909912109375 410.33392333984375 
141
0 1694.4296875 566.51904296875 1893.661376953125 882.9342041015625 
3 636.4664306640625 350.2296447753906 667.4889526367188 411.04345703125 
142
0 1679.9212646484375 565.3062133789062 1877.7369384765625 881.5797119140625 
3 632.8062744140625 350.7877197265625 665.0521240234375 410.80438232421875 
143
0 1667.80517578125 564.8953857421875 1868.5546875 882.8980102539062 
3 627.801513671875 351.1065368652344 661.2630004882812 412.7493896484375 
3 2422.867919921875 499.87908935546875 2462.482177734375 572.3060302734375 
144
0 1642.3712158203125 565.964599609375 1837.2510986328125 888.4447021484375 
3 621.1458129882812 350.0284423828125 656.76318359375 414.373291015625 
3 2421.57421875 499.1943359375 2458.17919921875 560.7916259765625 
145
0 1628.7169189453125 568.2967529296875 1828.7213134765625 904.8875732421875 
3 616.9107666015625 353.6706848144531 649.33056640625 415.3094482421875 
146
0 1612.70556640625 569.7685546875 1806.951416015625 894.0462646484375 
3 610.834716796875 356.15032958984375 645.6509399414062 417.4347839355469 
147
0 1600.0064697265625 569.7646484375 1797.9150390625 914.5647583007812 
3 609.3729858398438 361.47821044921875 641.1262817382812 418.2783203125 
3 2418.756103515625 501.17169189453125 2457.422607421875 571.7781982421875 
148
0 1593.994140625 567.8418579101562 1784.0955810546875 895.2139892578125 
3 606.9662475585938 359.4461669921875 636.5789794921875 417.8022155761719 
149
0 1569.4791259765625 561.931884765625 1759.693603515625 909.2408447265625 
3 598.9423217773438 354.16693115234375 629.0722045898438 411.0483093261719 
3 2420.76611328125 491.95654296875 2458.014404296875 563.4722290039062 
150
0 1556.308837890625 558.87353515625 1746.5062255859375 891.2318115234375 
3 594.6480102539062 351.243408203125 625.2046508789062 409.49639892578125 
151
0 1540.7706298828125 559.3679809570312 1730.9610595703125 894.20166015625 
3 586.3032836914062 349.18463134765625 621.909423828125 410.3738098144531 
152
0 1525.6953125 561.8440551757812 1712.7822265625 902.7386474609375 
3 581.5338745117188 353.5904541015625 615.15185546875 414.5014953613281 
153
0 1500.6231689453125 566.5278930664062 1682.142822265625 923.216552734375 
3 576.7070922851562 357.4288330078125 611.7343139648438 419.73663330078125 
154
0 1484.4422607421875 569.4757080078125 1665.35205078125 927.18603515625 
3 575.619873046875 361.72210693359375 609.4716186523438 424.16961669921875 
155
0 1470.7911376953125 572.151611328125 1651.0533447265625 907.5978393554688 
3 574.0634155273438 364.45184326171875 608.2023315429688 427.0738220214844 
156
0 1457.37744140625 574.3311157226562 1636.436767578125 904.98046875 
3 572.226806640625 361.67633056640625 607.8804931640625 427.57293701171875 
157
0 1428.19677734375 572.2535400390625 1608.0980224609375 905.1228637695312 
3 570.6542358398438 366.6114196777344 599.7763671875 428.17138671875 
158
0 1414.3076171875 573.8624877929688 1594.6373291015625 918.8013916015625 
3 565.3422241210938 365.5634460449219 593.6361694335938 429.0083312988281 
159
0 1398.6405029296875 572.7714233398438 1578.0875244140625 922.357666015625 
3 562.7927856445312 367.300537109375 589.1716918945312 429.8258361816406 
160
0 1383.7999267578125 574.8021240234375 1565.4305419921875 935.191650390625 
3 560.254638671875 370.9087219238281 585.6536254882812 430.2650451660156 
161
0 1355.51513671875 573.9591064453125 1537.8424072265625 912.7833251953125 
3 554.900146484375 372.79571533203125 582.2938232421875 430.67340087890625 
162
0 1339.5899658203125 573.9864501953125 1524.241943359375 927.2322998046875 
3 552.1411743164062 373.2433166503906 581.2266235351562 431.4538879394531 
163
0 1324.736328125 574.6795654296875 1509.26904296875 927.0663452148438 
3 549.0219116210938 370.64324951171875 578.3533325195312 434.394775390625 
164
0 1296.4091796875 577.0181274414062 1479.9561767578125 933.468505859375 
3 540.2166137695312 373.0998840332031 575.0447387695312 436.42205810546875 
165
0 1281.8626708984375 578.7583618164062 1465.6025390625 929.5267333984375 
3 537.3500366210938 377.65521240234375 574.127685546875 439.13421630859375 
166
0 1266.5906982421875 581.5848388671875 1450.2664794921875 915.3500366210938 
3 536.7965698242188 381.84454345703125 572.000732421875 443.72772216796875 
3 536.1595458984375 378.2491149902344 572.2890014648438 443.1121826171875 
167
0 1251.7108154296875 583.4029541015625 1434.69287109375 935.9349365234375 
3 534.1729125976562 380.5365905761719 569.9580078125 447.35125732421875 
168
0 1236.9931640625 586.3270263671875 1418.7373046875 944.079833984375 
3 532.8038940429688 385.3810119628906 568.7280883789062 450.555908203125 
3 534.2715454101562 404.55206298828125 568.4972534179688 450.4058837890625 
169
0 1211.195556640625 584.8239135742188 1391.6927490234375 919.353515625 
3 530.5318603515625 385.3739929199219 564.3797607421875 448.4459533691406 
170
0 1194.6494140625 583.3734130859375 1378.4486083984375 910.2467651367188 
3 528.857666015625 381.4880676269531 561.5474243164062 447.27789306640625 
171
0 1178.4613037109375 580.88671875 1362.14111328125 940.7738647460938 
3 523.5137939453125 380.00909423828125 557.4449462890625 445.6097106933594 
172
0 1162.1844482421875 578.5687866210938 1347.589111328125 917.2293090820312 
3 517.1879272460938 375.73980712890625 552.5054321289062 443.06085205078125 
173
0 1126.18701171875 577.971923828125 1313.5390625 913.3307495117188 
3 509.1993103027344 372.0638122558594 541.5845947265625 441.5111083984375 
174
0 1109.957763671875 577.6253051757812 1296.886962890625 907.57568359375 
3 506.3973388671875 372.263916015625 540.2682495117188 442.3818664550781 
175
0 1095.0361328125 577.8634033203125 1281.16259765625 915.1431274414062 
3 506.6153259277344 376.7135009765625 538.1454467773438 443.8450927734375 
176
0 1076.5472412109375 577.962646484375 1263.4930419921875 912.576904296875 
3 505.39215087890625 380.4800109863281 536.8882446289062 445.7263488769531 
177
0 1044.489501953125 583.436767578125 1231.7119140625 911.2567138671875 
3 499.1309814453125 386.9361572265625 534.0634155273438 453.213623046875 
178
0 1030.652587890625 586.7711181640625 1217.9012451171875 916.680908203125 
3 497.4290771484375 391.32891845703125 532.8215942382812 455.341064453125 
179
0 1015.6078491210938 590.0491943359375 1202.2762451171875 929.3263549804688 
3 494.205810546875 396.3360595703125 528.4630737304688 460.5387268066406 
180
0 999.8206787109375 590.2169189453125 1187.1348876953125 945.0211791992188 
3 487.2012634277344 394.4855651855469 529.9916381835938 464.3936462402344 
181
0 977.9564819335938 594.5728759765625 1164.97900390625 940.609130859375 
3 491.02410888671875 403.5337219238281 527.3406982421875 470.07305908203125 
182
0 964.9180908203125 595.195556640625 1150.472412109375 913.3347778320312 
3 491.48663330078125 402.8896484375 525.9968872070312 471.314697265625 
183
0 952.5813598632812 594.0697631835938 1136.9853515625 934.3920288085938 
3 491.2892150878906 403.6956481933594 523.069091796875 469.986083984375 
184
0 937.8590698242188 593.9710083007812 1129.0621337890625 914.8008422851562 
3 489.6731262207031 404.7275085449219 519.9508056640625 468.7163391113281 
185
0 908.4059448242188 589.751953125 1100.2528076171875 918.48876953125 
3 487.2616882324219 405.8690185546875 515.7258911132812 463.82073974609375 
186
0 884.4032592773438 589.0830078125 1085.9627685546875 900.230712890625 
3 484.35980224609375 400.9170227050781 514.2545166015625 463.87408447265625 
187
0 875.4017944335938 586.7086791992188 1077.8416748046875 897.7655029296875 
3 481.2071228027344 400.29168701171875 514.3003540039062 466.1736755371094 
188
0 860.6089477539062 586.8279418945312 1070.2720947265625 898.0835571289062 
3 480.56317138671875 404.2485046386719 513.5828247070312 468.62506103515625 
189
0 832.337158203125 587.2586059570312 1044.1373291015625 896.29248046875 
3 474.2976989746094 406.7342529296875 510.6145324707031 471.7135925292969 
190
0 820.6873168945312 589.38232421875 1037.6719970703125 897.4247436523438 
3 472.76385498046875 408.863037109375 510.37054443359375 474.66302490234375 
191
0 811.1603393554688 589.0015258789062 1025.0831298828125 892.7194213867188 
3 471.6576843261719 409.31463623046875 507.805908203125 477.973388671875 
192
0 801.8131103515625 588.9117431640625 1011.1897583007812 892.4461059570312 
3 471.7180480957031 413.77978515625 507.5952453613281 477.757080078125 
193
0 780.772216796875 589.67919921875 996.850830078125 898.7946166992188 
3 466.6481018066406 413.9427185058594 504.1407470703125 478.1077880859375 
194
0 764.09912109375 584.958251953125 983.8746948242188 891.4708251953125 
3 458.2091979980469 408.76361083984375 500.8289489746094 475.9979248046875 
195
0 743.9576416015625 581.2340087890625 952.590087890625 879.410888671875 
3 454.20037841796875 405.1441650390625 489.80859375 469.4538879394531 
196
0 729.2529907226562 578.3539428710938 946.7939453125 879.343017578125 
3 448.04962158203125 403.2759704589844 485.4491271972656 467.04241943359375 
197
0 718.5256958007812 576.3470458984375 922.3778076171875 877.101318359375 
3 447.76513671875 402.5628356933594 479.3542785644531 466.599365234375 
198
0 696.1342163085938 577.0282592773438 924.0799560546875 874.3999633789062 
3 446.5203552246094 403.18280029296875 474.7881774902344 467.1045837402344 
199
0 693.8950805664062 577.4208984375 919.0455932617188 877.175537109375 
3 443.4385986328125 404.2325744628906 475.498046875 468.95550537109375 
200
0 683.271240234375 577.0107421875 913.7869873046875 895.171875 
3 446.06793212890625 406.99627685546875 474.8336181640625 471.972412109375 
201
0 667.1896362304688 578.8147583007812 893.5404052734375 874.5550537109375 
3 442.26690673828125 408.6274108886719 474.15252685546875 474.9734191894531 
202
0 660.1902465820312 574.8074340820312 881.029541015625 882.9097900390625 
3 439.2482604980469 409.8372802734375 473.42950439453125 472.0263671875 
203
0 650.4891967773438 574.9010009765625 857.281005859375 863.4208374023438 
3 434.2777404785156 414.5214538574219 469.165283203125 477.3985595703125 
204
0 636.5873413085938 574.068115234375 863.4218139648438 867.1766357421875 
3 432.63037109375 418.82769775390625 465.8142395019531 476.96630859375 
205
0 619.0154418945312 577.2192993164062 831.6826171875 862.2467041015625 
3 426.11395263671875 413.3373107910156 456.2787780761719 481.12689208984375 
206
0 612.8563232421875 575.09716796875 830.4758911132812 875.3897094726562 
3 429.469970703125 434.1294250488281 453.2425537109375 480.13421630859375 
207
0 605.5979614257812 573.9589233398438 820.7332153320312 875.1497192382812 
3 421.6020202636719 434.0614013671875 450.53521728515625 480.7779541015625 
208
0 597.6531982421875 574.9789428710938 809.8323974609375 860.8292846679688 
3 419.2213134765625 424.5123291015625 446.5965576171875 480.39239501953125 
209
0 581.2595825195312 578.71533203125 800.3749389648438 881.6884765625 
3 415.0751037597656 433.0992736816406 439.1061096191406 482.4010009765625 
210
0 574.8445434570312 581.6527709960938 787.03759765625 875.35302734375 
3 411.1229248046875 440.8487548828125 437.0760192871094 487.309814453125 
211
0 567.694091796875 581.20263671875 780.1717529296875 862.9277954101562 
3 407.5812683105469 425.0845642089844 437.4021911621094 490.60662841796875 
212
0 561.9225463867188 580.86767578125 770.1677856445312 880.1541748046875 
3 405.5362548828125 431.0867004394531 437.1035461425781 494.223876953125 
213
0 544.9447021484375 580.7009887695312 754.2910766601562 867.0667724609375 
3 397.4638671875 435.62884521484375 433.6323547363281 495.6407470703125 
214
0 535.54150390625 578.9185180664062 739.8822021484375 856.2691650390625 
3 394.665283203125 435.1057434082031 431.4061279296875 496.22808837890625 
215
0 526.7244262695312 579.8547973632812 737.5137329101562 876.0366821289062 
3 391.7774353027344 437.5914306640625 427.0373229980469 498.5802001953125 
216
0 517.0291748046875 581.1634521484375 720.5460815429688 870.351806640625 
3 386.4667663574219 435.75030517578125 424.7358703613281 499.1971435546875 
217
0 499.1378173828125 582.027587890625 708.9745483398438 870.0233764648438 
3 378.56134033203125 442.01495361328125 417.56756591796875 502.67236328125 
218
0 490.5028076171875 582.1018676757812 698.3998413085938 871.472412109375 
3 374.9317626953125 446.1366271972656 410.505615234375 503.43646240234375 
219
0 484.02886962890625 584.9083251953125 690.6883544921875 871.1895141601562 
3 370.35723876953125 444.81707763671875 404.4808654785156 504.7847900390625 
220
3 474.8146057128906 585.050537109375 679.07568359375 856.064453125 
3 363.83892822265625 442.8267822265625 397.7302551269531 507.65521240234375 
221
3 463.48822021484375 587.5791625976562 660.5364379882812 858.80419921875 
3 357.8974609375 448.9247131347656 387.0933837890625 510.7303466796875 
222
3 459.25750732421875 588.51416015625 652.7869873046875 852.8836059570312 
3 355.67822265625 456.1670837402344 383.869873046875 512.5895385742188 
223
3 454.7596740722656 589.3362426757812 648.6536865234375 859.752197265625 
3 355.2195739746094 463.26043701171875 381.4564514160156 514.93017578125 
224
3 447.16607666015625 589.5193481445312 637.3779907226562 863.2129516601562 
3 335.5656433105469 458.86260986328125 380.4537353515625 518.5980224609375 
3 1511.6925048828125 0.0 1626.595947265625 69.23678588867188 
225
3 431.000244140625 585.0993041992188 625.0711669921875 846.7997436523438 
3 342.7186279296875 458.2390441894531 375.6538391113281 514.421630859375 
226
3 426.6436462402344 585.29736328125 617.7379150390625 845.9804077148438 
3 326.9166259765625 454.2906188964844 373.0201110839844 517.0181884765625 
3 336.5360412597656 455.94549560546875 372.8105773925781 515.8524780273438 
227
3 420.14007568359375 584.8029174804688 607.87353515625 842.6477661132812 
3 325.4505310058594 453.2080383300781 371.8729553222656 518.1032104492188 
3 1488.5357666015625 0.0 1689.33251953125 76.79849243164062 
228
3 415.22314453125 584.9866943359375 600.499755859375 842.297607421875 
3 323.7574462890625 452.1007995605469 369.887939453125 520.7880249023438 
229
3 402.56524658203125 584.5700073242188 584.814697265625 840.1215209960938 
3 323.6822814941406 468.46380615234375 361.441650390625 521.8753051757812 
3 321.0185241699219 451.71075439453125 361.71502685546875 521.1232299804688 
230
3 398.6772766113281 584.1485595703125 576.963623046875 837.5693359375 
3 321.6999816894531 456.12542724609375 357.1669006347656 522.1248168945312 
231
3 395.17071533203125 583.0166015625 567.8402099609375 837.9110107421875 
3 319.57525634765625 454.9813232421875 350.0791931152344 521.8654174804688 
232
3 391.5692138671875 582.513916015625 561.4226684570312 830.5809936523438 
3 318.75775146484375 452.93707275390625 346.12249755859375 523.6295776367188 
3 1420.7200927734375 0.0 1619.9766845703125 76.83451843261719 
233
3 383.6944580078125 581.356689453125 555.3287353515625 843.3509521484375 
3 316.11279296875 453.466796875 342.0959167480469 523.6151123046875 
3 1478.896484375 0.0 1597.69189453125 77.90174102783203 
234
3 379.49932861328125 579.7777099609375 553.6183471679688 835.7490234375 
3 313.916015625 454.576171875 341.4393310546875 523.5115356445312 
235
3 374.8548278808594 577.2418212890625 544.4927978515625 824.9738159179688 
3 312.02972412109375 460.7394104003906 341.2120666503906 523.9306030273438 
236
3 370.4450378417969 576.0850830078125 536.787109375 825.7236328125 
3 307.1178894042969 456.1827697753906 339.447265625 524.5737915039062 
237
3 358.5823669433594 574.4633178710938 522.1917114257812 829.48095703125 
3 301.3204040527344 456.34735107421875 335.9941101074219 525.9891967773438 
238
3 353.6190185546875 574.3326416015625 518.8577880859375 815.5306396484375 
3 297.3145751953125 457.31927490234375 335.6691589355469 527.1563110351562 
239
3 349.0257568359375 574.18994140625 507.81103515625 810.3368530273438 
3 294.63897705078125 460.7852783203125 333.22503662109375 528.16845703125 
240
3 343.82171630859375 573.8109130859375 502.840576171875 808.3336181640625 
3 293.263916015625 465.38104248046875 330.596923828125 527.9476318359375 
241
3 335.4584045410156 570.7432861328125 492.56500244140625 807.3895263671875 
3 283.73797607421875 457.03857421875 325.631591796875 526.7247924804688 
242
3 331.7515869140625 569.954345703125 486.35113525390625 806.8406982421875 
3 282.09326171875 459.07745361328125 321.02215576171875 526.6652221679688 
243
3 329.0697021484375 569.3367919921875 481.000732421875 799.976806640625 
3 279.6324157714844 458.29498291015625 316.5141296386719 527.2788696289062 
244
3 326.38641357421875 569.8510131835938 478.9436950683594 798.42333984375 
3 278.3682556152344 460.6238708496094 311.8873596191406 528.6124877929688 
245
3 318.790283203125 570.043701171875 470.3268737792969 799.8775634765625 
3 271.98150634765625 459.3611755371094 301.6039123535156 528.1923828125 
246
3 268.9198913574219 458.580810546875 298.0911865234375 527.721923828125 
3 314.5228576660156 569.8643798828125 468.10845947265625 802.04931640625 
3 314.7510986328125 568.840576171875 469.35589599609375 803.84619140625 
247
3 304.5518493652344 564.3749389648438 453.1176452636719 798.0184936523438 
3 262.0109558105469 460.9693298339844 294.87823486328125 530.603759765625 
248
3 304.56658935546875 564.5354614257812 453.00799560546875 800.078857421875 
3 262.52294921875 461.4626770019531 296.2235412597656 530.0747680664062 
249
3 298.46575927734375 566.0550537109375 445.3863220214844 796.1215209960938 
3 258.2420959472656 465.8487243652344 294.13360595703125 533.0198364257812 
250
3 294.8097229003906 568.4912109375 440.7412414550781 793.8379516601562 
3 253.371337890625 467.2011413574219 293.79095458984375 537.3065795898438 
251
3 291.1727294921875 567.8899536132812 439.7129821777344 796.1856689453125 
3 252.50613403320312 468.6948547363281 292.6941223144531 537.1751098632812 
252
3 286.9521484375 566.2855834960938 433.06597900390625 793.9521484375 
3 248.09548950195312 466.916015625 287.4667663574219 538.93359375 
253
3 280.80792236328125 564.9569702148438 423.1474609375 787.2487182617188 
3 243.07318115234375 472.00762939453125 280.17242431640625 534.6270141601562 
254
3 276.92120361328125 564.8187255859375 421.3755798339844 787.232666015625 
3 241.5844268798828 470.9032897949219 277.1877136230469 535.7816162109375 
255
3 274.985595703125 564.6911010742188 419.6884460449219 786.9939575195312 
3 242.10960388183594 468.5408935546875 273.8410339355469 536.6962890625 
256
3 273.3848876953125 565.3799438476562 415.851318359375 790.3748168945312 
3 238.82376098632812 467.57672119140625 268.4263916015625 538.713623046875 
257
3 266.92486572265625 564.5628662109375 405.7114562988281 780.5072021484375 
3 232.74147033691406 476.09478759765625 261.71240234375 537.8914184570312 
258
3 264.10638427734375 563.9617919921875 399.85015869140625 780.8131713867188 
3 227.11961364746094 468.43328857421875 261.6846008300781 539.0079345703125 
259
3 256.9364318847656 563.3795776367188 394.5959777832031 776.4408569335938 
3 226.23558044433594 473.479736328125 259.4650573730469 540.1637573242188 
260
3 252.6417236328125 564.3163452148438 390.8196716308594 778.19921875 
3 221.27871704101562 471.07708740234375 259.08404541015625 545.735595703125 
261
3 248.8497772216797 563.1581420898438 389.4363708496094 774.873046875 
3 220.0146484375 472.0417175292969 259.8692932128906 544.2341918945312 
262
3 244.60728454589844 560.9290161132812 382.89483642578125 772.77392578125 
3 217.539794921875 471.9906921386719 259.67022705078125 543.9208984375 
263
3 240.97344970703125 561.2130737304688 378.1205139160156 772.294189453125 
3 212.03648376464844 468.7611083984375 257.84466552734375 543.73583984375 
264
3 238.45059204101562 561.014892578125 377.1341247558594 769.8048706054688 
3 209.63197326660156 475.0219421386719 254.3841094970703 547.3504638671875 
265
3 200.97325134277344 474.2217712402344 249.6642608642578 546.8497924804688 
3 250.28366088867188 589.5001220703125 366.355224609375 769.0390014648438 
3 228.25901794433594 561.0095825195312 366.3883056640625 770.316162109375 
266
3 242.5816650390625 582.9080810546875 360.9613037109375 770.0274658203125 
3 198.90695190429688 475.22125244140625 244.1786651611328 547.7344360351562 
267
3 231.56112670898438 584.9176025390625 358.18035888671875 770.45751953125 
3 198.6056365966797 480.1129150390625 234.88204956054688 548.8228759765625 
268
3 195.30577087402344 479.16522216796875 233.37623596191406 549.3832397460938 
3 222.67349243164062 565.988525390625 357.0641174316406 767.3604736328125 
3 242.12705993652344 591.502685546875 356.51678466796875 766.0564575195312 
269
3 191.7200164794922 481.50653076171875 224.51136779785156 550.2852783203125 
3 218.51913452148438 567.0108032226562 351.3675231933594 768.175537109375 
270
3 236.1237030029297 596.7987060546875 347.5917053222656 768.701171875 
3 191.18299865722656 484.1005859375 224.21640014648438 552.032470703125 
271
3 230.3929901123047 588.8377075195312 347.7317810058594 767.4580688476562 
3 190.02684020996094 484.352783203125 224.50790405273438 554.7953491210938 
272
3 185.87461853027344 483.54736328125 222.94444274902344 557.2887573242188 
3 226.62152099609375 587.8161010742188 343.3913879394531 768.3040161132812 
273
3 181.8192138671875 494.33050537109375 221.63458251953125 564.5656127929688 
3 218.5377655029297 596.9379272460938 338.6222839355469 780.91064453125 
274
3 204.3704833984375 580.78125 337.47381591796875 782.9471435546875 
3 181.20071411132812 495.78594970703125 219.86573791503906 567.8909301757812 
275
3 178.9208984375 498.51971435546875 218.83145141601562 570.9132080078125 
3 209.87811279296875 592.5067138671875 336.37371826171875 784.6314086914062 
3 770.4769287109375 0.0 825.1985473632812 75.69337463378906 
276
3 199.4233856201172 586.5956420898438 333.71533203125 785.553466796875 
3 177.24412536621094 496.337158203125 217.37831115722656 572.8544921875 
3 761.804443359375 0.27385711669921875 819.4381713867188 83.83890533447266 
277
3 192.8386688232422 592.5156860351562 324.8993835449219 785.1627197265625 
3 170.53042602539062 497.709716796875 211.31378173828125 570.9485473632812 
278
3 180.72695922851562 591.698486328125 319.077392578125 786.2889404296875 
3 168.13555908203125 493.138671875 205.4253692626953 570.3950805664062 
279
3 171.28042602539062 594.15185546875 316.31536865234375 781.2885131835938 
3 165.94920349121094 497.4610595703125 202.8302459716797 571.7488403320312 
280
3 167.83010864257812 594.7808227539062 314.8803405761719 779.13330078125 
3 699.4212646484375 0.038196563720703125 763.7914428710938 81.49798583984375 
3 163.91099548339844 499.03961181640625 196.86151123046875 568.688720703125 
281
3 153.09950256347656 598.2948608398438 308.94281005859375 785.213134765625 
3 155.06680297851562 503.89935302734375 188.58021545410156 572.3804321289062 
3 676.2119750976562 1.8770561218261719 743.0028076171875 83.42457580566406 
282
3 151.31195068359375 601.012451171875 304.8905334472656 781.9774169921875 
283
3 141.02618408203125 605.022216796875 296.67218017578125 782.746826171875 
3 150.17117309570312 511.1268310546875 185.42576599121094 584.7262573242188 
3 764.9368896484375 0.0 822.8628540039062 69.91896057128906 
3 649.7404174804688 17.02471923828125 716.101806640625 100.56292724609375 
284
3 146.86647033691406 513.5433959960938 185.54603576660156 586.21728515625 
3 158.34327697753906 626.444091796875 285.33074951171875 779.15478515625 
3 641.8531494140625 20.26647186279297 710.7660522460938 100.46893310546875 
3 756.8912353515625 0.0 815.5023803710938 75.22199249267578 
285
3 127.55281066894531 607.186767578125 263.2598876953125 777.5369873046875 
3 141.21035766601562 516.0616455078125 181.43003845214844 587.2252807617188 
3 734.14013671875 0.0 793.6168212890625 83.15863800048828 
3 621.5694580078125 26.322418212890625 691.423095703125 106.722412109375 
286
3 122.5486068725586 609.4100341796875 255.01356506347656 779.7128295898438 
3 137.68109130859375 516.3514404296875 181.86810302734375 590.6251220703125 
3 612.1419677734375 29.4471435546875 682.4990844726562 104.75657653808594 
3 722.9010620117188 0.8030281066894531 782.5599975585938 77.80458068847656 
287
3 120.19791412353516 608.9127197265625 249.5563507080078 782.379150390625 
3 134.24215698242188 517.95556640625 179.3029022216797 592.065673828125 
288
3 114.09675598144531 617.44482421875 242.94247436523438 793.6708984375 
3 128.29457092285156 522.1544189453125 173.76583862304688 595.6487426757812 
289
3 112.64031219482422 620.496337890625 240.69009399414062 799.99462890625 
3 675.6866455078125 9.892620086669922 739.21923828125 91.20469665527344 
3 570.0217895507812 36.888099670410156 643.017578125 115.43011474609375 
3 125.9139633178711 521.4383544921875 168.40147399902344 597.4324951171875 
290
3 124.96588134765625 522.6024169921875 164.06600952148438 595.5123901367188 
3 136.84219360351562 649.89013671875 235.85804748535156 806.61572265625 
291
3 121.7392349243164 522.7808227539062 159.60867309570312 594.7214965820312 
3 129.76528930664062 650.8281860351562 231.30184936523438 806.6343994140625 
292
3 119.16264343261719 523.57763671875 154.44497680664062 594.345947265625 
3 162.3490447998047 715.030029296875 228.0862579345703 806.9988403320312 
293
3 114.92830657958984 526.27783203125 150.78521728515625 595.2235717773438 
3 127.63798522949219 666.00830078125 222.1482391357422 807.57177734375 
294
3 122.2608871459961 662.042236328125 217.589599609375 806.2091674804688 
3 115.0074462890625 528.4364624023438 147.5430145263672 594.2615356445312 
3 91.07537078857422 628.3417358398438 128.1246337890625 712.7344970703125 
295
3 88.6901626586914 629.282470703125 214.32139587402344 811.708740234375 
3 109.06430053710938 525.0911865234375 145.9993896484375 596.5185546875 
296
3 107.45486450195312 530.06884765625 145.20144653320312 603.26416015625 
3 88.43679809570312 639.7147216796875 212.13775634765625 811.4056396484375 
3 596.575927734375 14.399101257324219 655.8526000976562 92.73797607421875 
297
3 102.38003540039062 537.2056274414062 142.7323760986328 610.7730712890625 
3 81.78341674804688 646.793701171875 207.14366149902344 814.5802001953125 
298
3 98.632080078125 537.2161254882812 142.06488037109375 611.2591552734375 
299
3 98.09494018554688 539.9677734375 139.3209228515625 613.7501220703125 
3 87.6810531616211 666.3632202148438 199.86444091796875 816.22607421875 
