0
1
2
3
4
5
6
7
8
9
10
11
12
13
14
15
16
17
18
19
20
21
22
23
24
25
26
27
28
29
30
31
32
33
34
35
36
37
38
39
40
41
42
43
44
45
46
47
48
49
50
51
52
53
54
55
56
57
3 2528.476806640625 222.3299560546875 2558.951416015625 305.3101501464844 
58
59
3 2395.126220703125 584.592529296875 2558.844482421875 790.7152099609375 
3 2396.52685546875 586.951904296875 2558.874267578125 790.5516967773438 
60
3 2376.36865234375 551.4390869140625 2559.028076171875 775.5771484375 
61
3 2365.034423828125 514.8641357421875 2558.812255859375 765.67822265625 
62
63
64
65
66
3 2282.3603515625 282.0617980957031 2558.8017578125 708.212646484375 
67
68
69
70
71
72
73
74
75
76
77
78
79
80
81
82
83
84
85
86
87
88
89
90
91
92
93
94
95
96
97
98
99
100
101
102
103
104
105
106
107
108
109
110
3 2431.1767578125 218.60983276367188 2560.0 416.0180358886719 
111
3 2417.331298828125 203.4625244140625 2551.78515625 402.5298156738281 
112
3 2392.342041015625 195.36376953125 2527.12451171875 388.57745361328125 
3 2133.099365234375 811.9414672851562 2559.20068359375 1077.525146484375 
113
3 2370.52978515625 187.57119750976562 2502.931884765625 378.0190124511719 
3 705.7123413085938 33.246734619140625 759.6306762695312 104.995849609375 
114
2 1918.2884521484375 751.290771484375 2557.71240234375 1075.2601318359375 
3 2406.97412109375 179.22735595703125 2467.5595703125 312.8988952636719 
115
3 2379.56201171875 170.8491668701172 2440.2880859375 313.8736877441406 
3 2327.114990234375 171.579833984375 2441.554443359375 353.7294616699219 
0 1884.6295166015625 727.0059814453125 2509.462890625 1071.3056640625 
116
3 2351.8349609375 161.16580200195312 2411.6103515625 307.6544189453125 
0 1853.326171875 705.6604614257812 2454.36328125 1072.284912109375 
3 651.0478515625 30.833251953125 707.3582153320312 114.44561767578125 
3 2307.16552734375 251.97064208984375 2386.177734375 341.098388671875 
117
0 1826.30419921875 683.9781494140625 2406.97509765625 1047.402099609375 
3 2288.15576171875 239.7169189453125 2357.762451171875 333.35784912109375 
3 2328.179931640625 152.356201171875 2384.9755859375 266.3960876464844 
118
3 2301.1767578125 142.90162658691406 2359.786865234375 257.5118408203125 
3 2264.953369140625 142.69790649414062 2360.928466796875 312.76715087890625 
0 1797.630615234375 661.3966064453125 2357.057373046875 1070.280517578125 
119
0 1781.2713623046875 638.04443359375 2313.197998046875 1055.1123046875 
3 2245.0908203125 134.72592163085938 2332.90771484375 307.0316162109375 
120
0 1761.58154296875 615.5952758789062 2267.55908203125 1031.7965087890625 
3 2209.39208984375 128.98204040527344 2305.676513671875 313.9428405761719 
121
0 1741.510986328125 591.4795532226562 2222.36669921875 1003.449951171875 
3 2182.845947265625 122.23941040039062 2278.28466796875 308.0224609375 
122
0 1722.219482421875 574.27490234375 2176.23291015625 980.9937744140625 
3 2146.802734375 119.33576965332031 2249.8779296875 302.949462890625 
123
0 1702.831787109375 549.498291015625 2127.82861328125 965.766845703125 
3 2111.388916015625 111.96731567382812 2221.119873046875 293.4888000488281 
3 524.9135131835938 60.425079345703125 581.937744140625 134.6561737060547 
124
0 1683.7479248046875 527.3930053710938 2084.3740234375 952.2963256835938 
3 2083.661376953125 107.70401000976562 2193.36181640625 292.5281677246094 
3 509.63946533203125 69.49589538574219 559.349365234375 128.130859375 
125
0 1667.543701171875 505.11761474609375 2044.106689453125 938.9368896484375 
3 2060.25439453125 101.78665161132812 2169.71240234375 288.29083251953125 
3 493.9287109375 68.14889526367188 546.5728149414062 130.6102752685547 
126
0 1651.03662109375 485.470703125 2000.665771484375 931.328369140625 
3 2045.375 96.87005615234375 2145.06640625 263.0052185058594 
3 478.01068115234375 69.68769836425781 527.9635620117188 134.7920684814453 
127
0 1628.2862548828125 469.53448486328125 1956.095703125 923.081787109375 
3 2015.890625 91.93858337402344 2118.4208984375 277.5849304199219 
3 459.2751159667969 71.20420837402344 513.177978515625 137.47325134277344 
128
1 1582.4619140625 453.087158203125 1909.7901611328125 910.4949951171875 
3 1994.99609375 85.89752197265625 2090.937255859375 256.3973693847656 
3 442.16351318359375 73.60301208496094 491.9751892089844 140.79647827148438 
129
1 1508.4749755859375 438.649169921875 1863.656494140625 903.310791015625 
3 1974.376953125 83.40619659423828 2064.444580078125 253.48056030273438 
130
1 1472.745849609375 425.8828430175781 1813.901123046875 891.134521484375 
3 1952.151123046875 80.05409240722656 2039.6444091796875 247.31640625 
131
1 1425.5352783203125 414.5789794921875 1769.836669921875 881.3298950195312 
3 1930.30419921875 72.72338104248047 2011.979736328125 237.51739501953125 
132
1 1386.802490234375 402.72747802734375 1725.1326904296875 873.38525390625 
3 1937.7777099609375 67.86189270019531 1987.980712890625 169.02505493164062 
3 372.7848205566406 80.45050811767578 419.9190673828125 156.9108123779297 
133
1 1351.5234375 389.8370666503906 1679.4273681640625 863.9602661132812 
3 1915.9114990234375 62.44575500488281 1965.1842041015625 163.57785034179688 
134
1 1313.422607421875 376.63677978515625 1634.00927734375 854.9640502929688 
3 1890.8626708984375 60.00898742675781 1939.5323486328125 162.00054931640625 
135
1 1279.4051513671875 365.1444091796875 1590.455810546875 840.1214599609375 
3 1867.7362060546875 54.01580810546875 1914.1375732421875 158.3968505859375 
136
1 1194.65576171875 351.36993408203125 1544.5069580078125 818.886474609375 
137
1 1226.7244873046875 338.9990234375 1505.780517578125 803.9017944335938 
3 1820.892578125 46.09013366699219 1865.668212890625 151.3306121826172 
138
1 1177.927490234375 329.00567626953125 1469.7130126953125 784.1671142578125 
139
1 1150.776123046875 320.67205810546875 1430.6417236328125 758.1602783203125 
140
2 1114.9630126953125 310.7951354980469 1391.6474609375 749.2872314453125 
141
2 1081.001708984375 304.4842529296875 1350.6270751953125 728.61376953125 
142
2 1044.323974609375 298.7069091796875 1314.800537109375 717.13623046875 
143
2 1006.802978515625 294.53558349609375 1284.665771484375 703.6932373046875 
3 204.46652221679688 136.3931427001953 257.8538818359375 196.82447814941406 
144
2 969.6140747070312 293.4222412109375 1240.904541015625 698.7269287109375 
145
2 935.6988525390625 292.09197998046875 1217.45458984375 696.3126220703125 
3 1604.7010498046875 31.641372680664062 1692.8701171875 185.59353637695312 
146
2 903.891357421875 292.1875 1201.9412841796875 693.153564453125 
3 1585.9420166015625 30.55987548828125 1670.3885498046875 183.62301635742188 
147
2 870.7530517578125 291.611328125 1181.563720703125 680.6673583984375 
3 1568.49169921875 27.779022216796875 1656.385498046875 185.04490661621094 
148
2 840.1859130859375 293.2687072753906 1161.2705078125 679.8360595703125 
3 1553.1807861328125 27.679336547851562 1638.1632080078125 179.72714233398438 
149
2 804.848876953125 298.301513671875 1140.096435546875 675.609619140625 
3 1535.0418701171875 27.000839233398438 1619.3177490234375 178.88995361328125 
150
2 771.8414306640625 298.33917236328125 1123.00390625 670.5322265625 
3 1518.2696533203125 26.306312561035156 1584.0123291015625 172.236572265625 
151
2 742.3704833984375 298.10638427734375 1081.0521240234375 665.7542114257812 
3 1501.2178955078125 23.806137084960938 1562.171875 172.45480346679688 
152
2 717.6214599609375 295.8484191894531 1047.98828125 660.417236328125 
3 1487.9732666015625 21.60211944580078 1545.1513671875 172.89076232910156 
153
2 693.3912353515625 293.307373046875 1006.763671875 645.113525390625 
3 1477.3634033203125 19.552082061767578 1526.0086669921875 117.76141357421875 
154
2 671.1368408203125 291.9335021972656 963.7755126953125 642.72021484375 
3 1456.2939453125 16.426300048828125 1509.7515869140625 168.11917114257812 
155
2 646.1041259765625 289.9251708984375 927.2772216796875 642.9673461914062 
3 1441.0311279296875 16.278839111328125 1492.3756103515625 169.49240112304688 
156
2 624.02685546875 289.27020263671875 894.781494140625 642.8406982421875 
3 1410.8704833984375 16.162445068359375 1478.0897216796875 166.13174438476562 
157
2 602.5386962890625 286.02252197265625 864.8263549804688 639.7862548828125 
3 1394.702880859375 15.810699462890625 1460.801513671875 163.91217041015625 
158
2 583.5711669921875 286.1154479980469 849.033203125 638.9310913085938 
3 1369.3426513671875 16.260971069335938 1444.9139404296875 164.79737854003906 
159
2 563.0152587890625 286.7405090332031 836.6516723632812 637.9757690429688 
3 1351.5963134765625 16.042221069335938 1430.46533203125 165.06936645507812 
160
2 544.6511840820312 286.9432678222656 826.2254638671875 639.0249633789062 
3 1330.08447265625 17.24285888671875 1417.854736328125 166.02630615234375 
161
2 525.7135620117188 290.22021484375 813.2210083007812 639.2801513671875 
3 1312.384033203125 17.79403305053711 1402.1552734375 166.69808959960938 
162
2 503.01824951171875 291.94317626953125 800.015625 638.4571533203125 
3 1293.677001953125 18.025169372558594 1386.09033203125 164.1831817626953 
163
2 487.76348876953125 294.49066162109375 789.8643188476562 636.09375 
3 1281.922119140625 15.952644348144531 1373.915771484375 162.56289672851562 
164
3 1264.9840087890625 16.478607177734375 1360.897216796875 162.17095947265625 
2 462.93450927734375 293.44500732421875 775.0632934570312 634.9705810546875 
165
2 454.287353515625 295.245849609375 758.3541259765625 633.4248046875 
3 1250.794921875 16.45398712158203 1341.66748046875 156.73934936523438 
166
2 429.5045471191406 293.28680419921875 735.2442016601562 629.6304321289062 
3 1239.35205078125 16.618263244628906 1326.1270751953125 159.26885986328125 
167
2 413.40362548828125 293.35406494140625 705.8497314453125 623.6336669921875 
3 1226.3563232421875 16.521831512451172 1305.4412841796875 159.92005920410156 
168
2 402.41131591796875 306.713134765625 682.4852294921875 620.5624389648438 
3 1214.3162841796875 15.884025573730469 1275.697021484375 155.99453735351562 
169
2 381.77398681640625 295.6673583984375 659.4339599609375 615.744384765625 
3 1204.2000732421875 16.498916625976562 1259.8275146484375 155.20079040527344 
170
2 362.84234619140625 293.849853515625 623.35986328125 610.6820068359375 
3 1189.3524169921875 15.474716186523438 1248.098876953125 154.8211669921875 
3 0.012166023254394531 169.5958251953125 23.240686416625977 232.06134033203125 
171
2 355.5232849121094 300.63763427734375 601.8715209960938 600.4212646484375 
3 1169.593994140625 15.725082397460938 1233.9813232421875 153.177734375 
172
2 345.06414794921875 306.9798889160156 588.8980712890625 600.6677856445312 
3 1157.3990478515625 16.095130920410156 1221.41845703125 157.11865234375 
173
2 329.9228515625 309.86578369140625 584.7048950195312 598.2413940429688 
3 1151.099853515625 17.56708526611328 1209.004150390625 155.9111328125 
174
3 302.49725341796875 304.84808349609375 575.93798828125 595.387939453125 
3 1133.8106689453125 17.71782684326172 1197.7841796875 157.62103271484375 
175
3 296.8431396484375 315.9200439453125 567.1774291992188 593.9576416015625 
3 1117.2694091796875 25.616500854492188 1189.0833740234375 157.7324981689453 
176
3 257.20916748046875 302.76171875 557.516845703125 591.9517211914062 
3 1105.9996337890625 17.693023681640625 1177.4073486328125 159.41220092773438 
177
3 240.1345672607422 309.29150390625 544.8759765625 588.3875122070312 
3 1090.07763671875 19.229110717773438 1169.17626953125 159.32650756835938 
178
3 225.6525115966797 303.86419677734375 540.1634521484375 590.3135375976562 
3 1073.25537109375 21.498703002929688 1159.7232666015625 159.05300903320312 
179
3 207.02188110351562 316.8287353515625 526.3662109375 590.818603515625 
3 1067.4371337890625 22.260116577148438 1149.4820556640625 159.66873168945312 
180
3 189.49667358398438 321.18548583984375 515.7069091796875 592.2469482421875 
3 1055.123291015625 23.162017822265625 1138.4444580078125 159.3415069580078 
181
3 173.29135131835938 325.1048583984375 495.8843078613281 591.19873046875 
3 1044.1448974609375 24.142318725585938 1127.5640869140625 159.578857421875 
182
3 1030.040283203125 25.158489227294922 1116.9237060546875 160.44564819335938 
3 173.61495971679688 322.949462890625 475.57220458984375 591.824951171875 
183
3 182.2154541015625 321.7120056152344 456.041015625 592.888671875 
3 1015.476318359375 26.79889678955078 1105.6751708984375 159.47410583496094 
184
3 1004.2066650390625 29.75469970703125 1090.8402099609375 159.1307830810547 
3 170.85707092285156 334.97344970703125 431.4346008300781 596.0388793945312 
3 129.3435821533203 329.39337158203125 431.32708740234375 595.9771728515625 
185
3 986.7407836914062 27.842788696289062 1074.8265380859375 161.9565887451172 
3 141.12069702148438 328.32354736328125 408.450927734375 598.3841552734375 
3 0.1722726821899414 425.572265625 28.780715942382812 489.30157470703125 
186
3 100.59320068359375 335.7193298339844 385.36370849609375 600.2769775390625 
3 977.7492065429688 27.02642822265625 1061.43994140625 161.6212158203125 
187
3 134.87142944335938 329.6842041015625 364.2523498535156 601.963134765625 
3 967.6270751953125 27.29095458984375 1044.7801513671875 161.6331787109375 
188
3 123.40010070800781 332.673583984375 344.73028564453125 603.0813598632812 
3 960.1376342773438 28.37334442138672 1032.0755615234375 161.09970092773438 
189
3 951.60498046875 26.205795288085938 1018.5584716796875 160.97523498535156 
3 112.997802734375 337.24261474609375 337.47540283203125 605.6535034179688 
190
3 940.470458984375 27.872955322265625 1007.9258422851562 160.4878692626953 
3 104.62065124511719 335.03033447265625 333.67352294921875 606.900390625 
191
3 60.593475341796875 338.2884216308594 331.3340148925781 610.5618286132812 
3 934.1063842773438 27.700881958007812 1000.5869750976562 161.91192626953125 
192
3 924.4119262695312 25.83917236328125 995.787841796875 162.18727111816406 
3 90.96185302734375 326.9728698730469 326.99078369140625 608.6038208007812 
193
3 922.4774169921875 28.142906188964844 990.7618408203125 161.93711853027344 
3 49.2413330078125 341.109619140625 324.06622314453125 611.9703979492188 
194
3 915.40771484375 28.37274169921875 986.822021484375 162.00604248046875 
3 43.02703857421875 341.7106018066406 319.49951171875 612.101318359375 
195
3 37.916481018066406 342.09259033203125 314.5741882324219 611.7611694335938 
3 906.739501953125 28.573806762695312 982.6066284179688 161.60855102539062 
196
3 30.559951782226562 345.29669189453125 304.2489929199219 613.3966674804688 
3 901.7131958007812 29.182174682617188 978.9567260742188 161.99176025390625 
197
3 892.5771484375 30.787551879882812 969.389404296875 164.49598693847656 
3 22.5697021484375 346.9888610839844 292.21124267578125 614.5092163085938 
198
3 883.77099609375 33.50154113769531 964.958984375 166.61817932128906 
3 15.957763671875 347.52972412109375 275.2649230957031 613.4326171875 
199
3 878.941162109375 33.63482666015625 960.972412109375 165.15380859375 
3 11.796234130859375 346.5027160644531 265.4712829589844 612.1912841796875 
200
3 877.569091796875 34.52595520019531 960.5933837890625 167.10110473632812 
3 8.002006530761719 346.8292541503906 245.92095947265625 607.0465087890625 
201
3 876.106201171875 33.493682861328125 958.6242065429688 164.71755981445312 
3 4.282989501953125 343.117919921875 236.2244873046875 603.108154296875 
202
3 0.3911895751953125 342.9286804199219 232.95797729492188 599.938232421875 
3 872.357177734375 33.80682373046875 953.6830444335938 164.68211364746094 
203
3 871.1327514648438 33.63689422607422 950.7467651367188 163.88336181640625 
3 0.03495025634765625 343.000732421875 235.8611297607422 590.2254638671875 
204
3 0.0938720703125 343.21295166015625 238.70346069335938 596.0269775390625 
3 869.6994018554688 33.350624084472656 932.9638061523438 161.34628295898438 
205
3 0.3107757568359375 346.4527282714844 238.32485961914062 593.6614990234375 
3 867.3495483398438 32.562828063964844 940.302490234375 164.3003387451172 
206
3 0.32944488525390625 347.6192626953125 239.9453125 591.085205078125 
3 865.9586181640625 32.08421325683594 932.4492797851562 163.13784790039062 
3 865.3633422851562 32.026824951171875 922.9344482421875 162.4937286376953 
207
3 0.1600341796875 346.7147216796875 240.40127563476562 590.4793701171875 
3 863.8068237304688 30.432388305664062 922.4972534179688 161.1165313720703 
208
3 0.12714385986328125 348.4261474609375 241.75198364257812 590.6224975585938 
3 861.996826171875 30.426834106445312 927.8728637695312 163.77285766601562 
209
3 0.0915374755859375 346.7447509765625 240.96844482421875 590.1766357421875 
3 858.0035400390625 33.37896728515625 921.90234375 165.5811767578125 
210
3 0.0327911376953125 353.8702697753906 237.18898010253906 589.6577758789062 
3 856.223876953125 34.275543212890625 920.0685424804688 165.2664337158203 
211
3 0.131744384765625 350.77642822265625 235.05191040039062 588.6344604492188 
3 853.5345458984375 33.62098693847656 919.4850463867188 165.95228576660156 
212
3 0.12371826171875 351.8702087402344 231.0670928955078 583.8304443359375 
3 852.621826171875 32.56065368652344 921.4993286132812 167.88856506347656 
213
3 0.1667022705078125 355.2492980957031 223.03125 580.6572265625 
3 848.8176879882812 33.94319152832031 921.6810302734375 171.15573120117188 
214
3 848.074462890625 34.07421875 921.3051147460938 165.9078369140625 
3 0.141143798828125 348.4207763671875 217.1510467529297 579.8595581054688 
215
3 0.18414306640625 347.07659912109375 210.14010620117188 575.384765625 
3 845.52197265625 34.795440673828125 921.09619140625 164.78665161132812 
216
3 0.10243988037109375 348.1290588378906 203.25228881835938 574.873779296875 
3 842.4977416992188 35.46686553955078 921.2207641601562 165.49386596679688 
217
3 838.8945922851562 36.54681396484375 921.0776977539062 166.04354858398438 
3 0.2294464111328125 347.90966796875 193.26583862304688 575.5164184570312 
218
3 835.18310546875 36.73023223876953 921.4598999023438 165.74461364746094 
3 0.17547607421875 348.45367431640625 184.0023651123047 574.6414794921875 
219
3 832.1976318359375 37.126617431640625 921.6370849609375 165.71630859375 
3 0.15793609619140625 347.0042419433594 173.89901733398438 574.2392578125 
220
3 830.9166870117188 38.89567565917969 921.864990234375 166.54248046875 
3 0.2356719970703125 344.7183532714844 169.922607421875 575.8515625 
221
3 0.07123565673828125 345.1269836425781 167.25692749023438 575.5385131835938 
3 827.2798461914062 42.857765197753906 920.4488525390625 167.93316650390625 
222
3 829.257080078125 50.15226745605469 916.5611572265625 166.93382263183594 
3 0.14690399169921875 345.9957580566406 163.64376831054688 574.3893432617188 
223
3 0.1199951171875 345.98016357421875 162.6474609375 575.550537109375 
3 823.4829711914062 50.508384704589844 909.3660278320312 167.36785888671875 
224
3 813.9374389648438 44.46028137207031 904.0262451171875 167.6778106689453 
3 0.17139816284179688 347.12078857421875 157.70663452148438 577.9234619140625 
225
3 806.7144165039062 42.97016906738281 899.11669921875 168.1925048828125 
3 0.16507339477539062 346.3138732910156 155.35585021972656 579.2205810546875 
226
3 799.9549560546875 41.85997009277344 889.781982421875 172.16616821289062 
3 0.16044235229492188 346.1933288574219 151.65643310546875 573.971923828125 
227
3 797.8287353515625 41.89762878417969 882.3297119140625 169.3363800048828 
3 0.15733718872070312 346.61798095703125 149.267822265625 574.6162719726562 
228
3 792.985107421875 42.69883728027344 872.8277587890625 166.78070068359375 
229
3 794.3411254882812 44.06084442138672 863.7606811523438 168.27239990234375 
3 0.10305023193359375 344.4421081542969 147.66741943359375 570.1207885742188 
230
3 790.333740234375 44.035682678222656 857.93017578125 168.39169311523438 
3 0.11131668090820312 344.057861328125 154.04605102539062 566.4735107421875 
231
3 0.05548858642578125 341.7613830566406 153.14483642578125 560.8413696289062 
3 791.7385864257812 43.79936981201172 851.910888671875 167.05052185058594 
232
3 785.3494262695312 42.75065612792969 850.4567260742188 165.6368408203125 
3 0.08243179321289062 341.51214599609375 152.5591278076172 559.5278930664062 
3 0.37265777587890625 341.5696716308594 152.92230224609375 558.5540771484375 
233
3 785.4802856445312 43.81721496582031 849.5983276367188 164.61053466796875 
3 0.06787109375 340.3824462890625 151.3843994140625 558.325439453125 
234
3 0.2783966064453125 339.2523193359375 150.46165466308594 550.2904663085938 
3 784.5826416015625 43.848724365234375 850.1948852539062 168.07733154296875 
235
3 0.2808837890625 339.9660949707031 152.83071899414062 550.1311645507812 
3 783.1978759765625 43.950828552246094 849.9560546875 168.77133178710938 
236
3 0.20026397705078125 339.33935546875 151.77857971191406 545.8892211914062 
3 783.894775390625 45.417930603027344 848.1978759765625 168.01895141601562 
237
3 0.4384613037109375 338.61053466796875 152.87213134765625 545.4762573242188 
3 784.0004272460938 44.85479736328125 846.8436889648438 165.97427368164062 
238
3 0.5131454467773438 337.21612548828125 156.16366577148438 544.6138916015625 
3 783.719970703125 44.698204040527344 844.861328125 166.13864135742188 
3 0.07018280029296875 336.0299987792969 155.48435974121094 547.5407104492188 
239
3 783.372314453125 45.048606872558594 839.516845703125 167.18592834472656 
240
3 779.7053833007812 44.58776092529297 841.340087890625 171.6893310546875 
241
3 777.662109375 44.231353759765625 838.6674194335938 171.63174438476562 
242
3 775.8502197265625 44.44963836669922 838.831787109375 171.0787353515625 
243
3 774.3634033203125 44.6326904296875 832.3543090820312 169.814208984375 
3 0.23114013671875 350.5186462402344 154.73684692382812 540.2485961914062 
244
3 772.2986450195312 46.04414367675781 828.7190551757812 170.14321899414062 
245
3 769.636474609375 48.24330139160156 827.2010498046875 170.18348693847656 
3 0.10836029052734375 350.85479736328125 139.7819061279297 538.408935546875 
246
3 772.14453125 50.343284606933594 827.3978881835938 172.329345703125 
3 0.08486557006835938 349.53204345703125 137.0291290283203 539.319580078125 
247
3 769.2462768554688 50.24567413330078 827.2958374023438 173.23057556152344 
3 0.11892318725585938 351.994384765625 133.1019287109375 540.1868896484375 
248
3 767.0261840820312 51.06653594970703 828.2005004882812 174.4244384765625 
249
3 767.9022216796875 51.556739807128906 830.5823364257812 176.77081298828125 
3 0.0 349.5010681152344 131.97389221191406 540.73388671875 
250
3 767.0062255859375 53.58140563964844 832.4313354492188 175.53744506835938 
251
3 767.6571655273438 54.875877380371094 833.99609375 177.76585388183594 
252
3 768.2525634765625 56.83839416503906 835.6830444335938 176.57028198242188 
253
3 767.3308715820312 59.944007873535156 834.7735595703125 180.32968139648438 
254
3 765.2129516601562 62.12309265136719 836.4697265625 183.42703247070312 
255
3 760.9105834960938 66.76317596435547 832.0870361328125 184.59024047851562 
256
3 754.2739868164062 70.18460083007812 832.2951049804688 187.49807739257812 
257
3 747.736572265625 74.79708099365234 824.9143676757812 190.07199096679688 
258
3 743.735107421875 79.64546203613281 822.7282104492188 191.16439819335938 
259
3 737.8002319335938 83.6876220703125 817.9539184570312 194.05572509765625 
260
3 734.0429077148438 83.66018676757812 812.3150634765625 193.49124145507812 
261
3 729.1040649414062 89.4466552734375 809.2496948242188 194.3084716796875 
262
3 726.6372680664062 91.078857421875 803.2518310546875 191.73760986328125 
263
3 722.5384521484375 91.03641510009766 795.9470825195312 191.2281494140625 
264
265
266
3 718.498291015625 100.07554626464844 781.891357421875 191.99900817871094 
267
268
269
270
271
272
273
274
275
276
3 0.0 342.0108947753906 123.67800903320312 569.4078369140625 
277
3 0.0 336.99127197265625 118.96394348144531 565.446533203125 
278
3 0.0 330.6689453125 116.23622131347656 555.803955078125 
279
3 0.0 322.736572265625 111.491455078125 554.5266723632812 
280
281
282
283
284
285
3 684.2955322265625 129.4731903076172 749.3522338867188 192.55982971191406 
286
3 686.0166625976562 129.17564392089844 750.6593017578125 193.9398193359375 
287
3 687.9519653320312 128.16578674316406 753.7326049804688 195.0334014892578 
288
3 690.1277465820312 125.7393798828125 754.1109008789062 191.6800537109375 
289
3 691.2803955078125 125.59288024902344 756.2786254882812 190.75027465820312 
290
3 691.7299194335938 123.92091369628906 760.5301513671875 190.62461853027344 
291
3 692.8356323242188 122.60250854492188 758.0422973632812 190.97357177734375 
292
3 693.7586669921875 121.49099731445312 752.34130859375 188.89691162109375 
293
3 691.2933349609375 121.40196228027344 750.412109375 188.13385009765625 
294
3 691.1541137695312 118.27981567382812 750.6617431640625 187.27882385253906 
295
3 689.0623168945312 117.94819641113281 747.6546020507812 187.53550720214844 
296
3 687.17529296875 116.9263916015625 745.923095703125 186.74331665039062 
297
3 687.7916259765625 113.39999389648438 746.65771484375 183.30238342285156 
298
299
300
301
302
303
304
3 692.06591796875 106.35917663574219 745.9863891601562 178.80850219726562 
305
3 692.828857421875 103.94839477539062 747.8311157226562 177.78561401367188 
306
3 694.4099731445312 101.63221740722656 752.674560546875 174.68927001953125 
307
3 688.4240112304688 103.32513427734375 742.3934936523438 177.48097229003906 
308
3 691.3109130859375 103.03514099121094 744.234130859375 176.85867309570312 
309
3 686.285400390625 103.86764526367188 744.0568237304688 177.6575164794922 
310
3 686.0808715820312 102.75325012207031 740.9822998046875 177.67794799804688 
311
3 683.3734130859375 102.94877624511719 742.6880493164062 178.5233917236328 
312
3 680.5648803710938 102.16415405273438 737.1058349609375 179.32125854492188 
313
3 675.0779418945312 102.96975708007812 736.0457763671875 178.16665649414062 
3 0.10926055908203125 287.087890625 108.627685546875 462.95770263671875 
314
3 674.3253784179688 103.67073059082031 736.30322265625 180.28408813476562 
315
3 672.77099609375 102.78944396972656 736.493408203125 180.2084503173828 
316
3 671.5985717773438 101.69746398925781 734.24853515625 178.01246643066406 
317
3 672.4218139648438 103.52980041503906 735.8978881835938 181.35943603515625 
318
3 672.0840454101562 103.31129455566406 737.8553466796875 180.76510620117188 
319
3 668.6593017578125 104.54901123046875 731.1492309570312 183.04376220703125 
320
3 666.781494140625 104.54537963867188 733.1788330078125 182.62586975097656 
321
3 665.7838745117188 106.17881774902344 725.4793701171875 183.90695190429688 
322
3 663.8994140625 104.93748474121094 730.2655639648438 183.34344482421875 
323
3 661.3699951171875 106.15859985351562 723.2546997070312 182.92428588867188 
324
3 662.392578125 106.22793579101562 724.5540771484375 182.6558837890625 
325
3 662.145751953125 106.10232543945312 723.9894409179688 182.58480834960938 
3 0.3582000732421875 286.93865966796875 96.36058807373047 446.25274658203125 
326
3 660.18115234375 106.16061401367188 730.1857299804688 182.89901733398438 
327
3 662.6983642578125 106.586181640625 723.069580078125 181.71499633789062 
328
3 662.1514892578125 106.88429260253906 723.582763671875 182.03659057617188 
329
3 662.720458984375 104.95498657226562 745.3428344726562 181.69769287109375 
330
3 662.7776489257812 105.86163330078125 745.0043334960938 182.55650329589844 
331
3 664.525146484375 106.09622192382812 726.201171875 183.35923767089844 
332
3 663.490966796875 106.1214599609375 729.3799438476562 182.4804229736328 
333
3 663.6715087890625 106.76197814941406 727.937255859375 183.4215850830078 
334
3 662.6248168945312 106.55030822753906 744.4310302734375 183.1521453857422 
335
3 661.9080200195312 106.94314575195312 743.6729125976562 182.79110717773438 
336
3 662.1466064453125 107.19161987304688 742.5280151367188 183.32196044921875 
337
3 662.1051025390625 107.51054382324219 742.9026489257812 183.55224609375 
338
3 662.5380249023438 107.20323181152344 742.6493530273438 183.2899169921875 
3 0.4673919677734375 281.0404357910156 93.1650390625 438.4346923828125 
339
3 663.9558715820312 107.79681396484375 725.9747314453125 184.01919555664062 
340
3 664.9407348632812 107.74932861328125 727.1368408203125 183.34393310546875 
341
342
3 667.1843872070312 107.44747924804688 729.9329833984375 182.98004150390625 
343
3 669.5249633789062 107.0296630859375 728.8276977539062 182.49391174316406 
344
3 670.9202270507812 107.10891723632812 731.884521484375 181.84524536132812 
345
3 671.4495239257812 107.43336486816406 726.8467407226562 182.08053588867188 
346
3 673.1332397460938 107.01905822753906 726.424072265625 181.8995819091797 
347
3 673.9928588867188 107.25814819335938 730.2716064453125 181.69691467285156 
348
3 674.4489135742188 107.31582641601562 744.912353515625 183.1165008544922 
3 675.1132202148438 108.01014709472656 729.845703125 182.10122680664062 
349
3 675.0261840820312 107.47496032714844 731.022216796875 181.81349182128906 
3 674.5029907226562 106.74476623535156 736.9645385742188 182.2265625 
350
3 677.5599975585938 107.74610900878906 745.9656372070312 182.26925659179688 
351
3 679.741943359375 109.25192260742188 759.76953125 184.24183654785156 
352
3 682.4425659179688 110.87141418457031 746.1803588867188 185.53131103515625 
353
3 682.1310424804688 112.32582092285156 746.5669555664062 186.53933715820312 
354
3 693.8660888671875 108.33111572265625 773.5176391601562 183.31649780273438 
355
3 685.9204711914062 111.29972839355469 765.668212890625 187.812255859375 
356
3 698.2821655273438 111.00138854980469 762.436767578125 186.52313232421875 
357
3 698.4282836914062 107.68412780761719 763.5435180664062 183.06309509277344 
358
3 698.0437622070312 108.08952331542969 763.4137573242188 182.49903869628906 
359
3 702.3607788085938 105.83868408203125 770.9830322265625 181.7356719970703 
360
3 704.5266723632812 108.33296203613281 783.2459716796875 183.23318481445312 
