0
3 1515.90380859375 22.907062530517578 1564.342041015625 96.96406555175781 
1
3 1515.60205078125 19.85881805419922 1563.9351806640625 96.98646545410156 
2
3 1515.453857421875 18.235118865966797 1563.82177734375 97.06448364257812 
3
3 147.7702178955078 161.18829345703125 202.35435485839844 250.6845703125 
3 1515.743408203125 20.293960571289062 1563.04833984375 96.95599365234375 
4
3 153.5991973876953 160.20993041992188 203.439453125 246.31732177734375 
5
3 150.04425048828125 160.88101196289062 202.47860717773438 247.92529296875 
6
3 1517.0447998046875 16.29662322998047 1563.7547607421875 96.30778503417969 
3 146.612548828125 161.39019775390625 201.7206573486328 244.3409423828125 
7
3 146.85533142089844 163.5373992919922 202.0644073486328 242.5166015625 
3 1517.503662109375 12.511932373046875 1562.169677734375 96.40338134765625 
8
3 1517.277587890625 8.823822021484375 1563.6220703125 95.97639465332031 
9
3 1517.97119140625 9.283470153808594 1563.89892578125 96.5164794921875 
10
3 1518.148681640625 4.539817810058594 1562.45849609375 96.50210571289062 
11
3 1518.369873046875 5.2866973876953125 1563.2425537109375 96.23457336425781 
12
3 1517.207275390625 3.4907608032226562 1561.939697265625 96.31179809570312 
13
3 1516.8505859375 1.5435371398925781 1562.22705078125 96.27593994140625 
14
3 1517.599609375 2.130096435546875 1562.80908203125 96.33251953125 
15
3 1517.81787109375 3.5295982360839844 1561.4931640625 96.50994873046875 
16
3 1516.3515625 8.270343780517578 1561.107666015625 96.41067504882812 
17
3 1514.9151611328125 4.5273284912109375 1560.3656005859375 96.35528564453125 
18
3 1514.9022216796875 2.710002899169922 1558.844970703125 96.21781921386719 
19
3 1514.84375 2.2500152587890625 1558.126953125 96.21115112304688 
20
3 1514.7890625 1.2801628112792969 1557.5472412109375 96.06005859375 
21
3 1514.27490234375 2.0424041748046875 1559.1885986328125 96.02548217773438 
22
3 1514.1337890625 1.4978179931640625 1558.678955078125 95.994384765625 
23
3 1513.646240234375 0.6695556640625 1557.683837890625 96.01498413085938 
24
3 1512.9581298828125 0.8074493408203125 1557.431640625 96.01766967773438 
25
3 1512.7294921875 0.543548583984375 1557.3355712890625 96.32630920410156 
26
3 1512.341796875 0.5622024536132812 1557.1058349609375 96.51202392578125 
27
3 1512.24951171875 0.606536865234375 1557.15478515625 96.47604370117188 
28
3 1512.0245361328125 0.5961036682128906 1557.127197265625 96.63200378417969 
29
3 1512.0804443359375 0.6044082641601562 1557.0419921875 96.63174438476562 
30
3 1511.8001708984375 0.6151123046875 1557.082275390625 97.63227844238281 
31
3 1511.950439453125 1.1294708251953125 1557.067138671875 97.59446716308594 
32
3 1511.4830322265625 0.7785301208496094 1557.1953125 98.38986206054688 
33
3 1512.321533203125 0.8656845092773438 1557.4984130859375 99.00717163085938 
34
3 1513.1885986328125 1.2051658630371094 1557.741943359375 99.230224609375 
35
3 1514.053466796875 2.0786209106445312 1558.605712890625 100.14469909667969 
36
3 1515.2752685546875 0.9470329284667969 1559.1243896484375 99.86788940429688 
37
3 1517.8681640625 0.0 1558.83984375 99.62380981445312 
38
3 1519.254150390625 0.0 1559.0010986328125 99.73910522460938 
39
3 1519.6087646484375 0.0 1559.48388671875 99.4580078125 
40
3 1519.55078125 0.418853759765625 1560.69140625 99.50692749023438 
41
3 1520.4552001953125 0.7617759704589844 1561.7005615234375 99.650634765625 
42
3 1521.578125 0.0 1562.1116943359375 99.43440246582031 
43
3 1521.8292236328125 0.20141220092773438 1562.861083984375 99.29124450683594 
44
3 1521.6588134765625 1.9777450561523438 1564.4986572265625 99.111083984375 
45
3 1522.353271484375 1.8458137512207031 1565.27099609375 98.98095703125 
46
3 1523.1124267578125 4.464851379394531 1565.156494140625 99.36856079101562 
47
3 1522.0302734375 3.375244140625 1567.099609375 98.79763793945312 
48
3 1521.555908203125 2.2683753967285156 1567.2357177734375 98.68495178222656 
49
3 1521.1593017578125 2.8765182495117188 1567.603759765625 98.61393737792969 
50
3 1521.1690673828125 2.815765380859375 1568.2947998046875 98.55282592773438 
51
3 1521.1802978515625 2.8851661682128906 1571.838623046875 98.48008728027344 
52
3 1523.355712890625 2.592052459716797 1573.7186279296875 98.77572631835938 
53
3 1524.093505859375 2.1174240112304688 1573.6898193359375 98.77716064453125 
54
3 1524.029541015625 1.8933830261230469 1573.44140625 98.53169250488281 
3 2519.964599609375 159.03402709960938 2559.0322265625 271.51177978515625 
55
3 1524.24951171875 1.939208984375 1573.684814453125 98.72187805175781 
3 2519.656494140625 158.6500244140625 2559.061279296875 273.9080505371094 
56
3 1525.9984130859375 1.8680076599121094 1573.220458984375 98.8460693359375 
57
3 1525.6788330078125 1.8042373657226562 1573.699462890625 98.95700073242188 
58
3 1524.984130859375 1.89813232421875 1573.8095703125 98.76205444335938 
59
3 1524.923828125 2.0105857849121094 1573.858154296875 98.7894287109375 
60
3 1524.3839111328125 2.34271240234375 1573.77197265625 98.80964660644531 
61
3 1524.5045166015625 2.2255592346191406 1573.7662353515625 98.75286865234375 
62
3 1524.5794677734375 2.1708831787109375 1574.010498046875 98.77877807617188 
63
3 1524.5977783203125 2.3566741943359375 1573.955810546875 98.70114135742188 
64
3 1524.7713623046875 2.495227813720703 1573.94189453125 98.70857238769531 
65
3 1524.4642333984375 2.7235641479492188 1573.78955078125 98.78567504882812 
66
3 1524.62060546875 2.438526153564453 1573.9368896484375 98.82192993164062 
67
3 1524.865966796875 2.2910842895507812 1573.995361328125 98.64669799804688 
68
3 1524.7630615234375 2.0653610229492188 1574.4146728515625 98.62896728515625 
69
3 1524.3565673828125 2.2108688354492188 1574.726318359375 98.88404846191406 
70
3 1524.4361572265625 1.9801712036132812 1574.930419921875 98.86181640625 
71
3 1524.6595458984375 2.0425987243652344 1575.242431640625 98.97489929199219 
72
3 1524.574462890625 2.0157203674316406 1575.229736328125 98.85597229003906 
73
3 1525.2625732421875 2.6010704040527344 1574.9410400390625 98.91055297851562 
74
3 1525.3779296875 2.566997528076172 1574.779052734375 98.82061767578125 
75
3 1523.9935302734375 2.4766502380371094 1575.00927734375 98.71632385253906 
76
3 1524.5484619140625 2.36968994140625 1575.109130859375 98.76629638671875 
77
3 1523.8653564453125 2.2436447143554688 1575.2052001953125 98.68798828125 
78
3 1523.9398193359375 2.3030624389648438 1575.2611083984375 98.644775390625 
79
3 1523.8468017578125 2.1292991638183594 1575.416015625 98.68766784667969 
80
3 1523.978271484375 1.9415435791015625 1575.74365234375 98.75161743164062 
81
3 1523.8958740234375 1.893646240234375 1576.1412353515625 98.73988342285156 
3 2494.975830078125 155.6868438720703 2558.928955078125 275.3341369628906 
82
3 1523.74462890625 1.89208984375 1576.0966796875 98.71685791015625 
3 2496.309326171875 156.05157470703125 2558.953857421875 276.1084899902344 
83
3 1523.371337890625 1.7477340698242188 1576.51318359375 98.70304870605469 
84
3 1524.069091796875 1.7187767028808594 1576.358154296875 98.81927490234375 
3 2496.574951171875 156.9703826904297 2558.93212890625 276.148681640625 
85
3 1524.867919921875 1.6354026794433594 1576.2200927734375 98.78590393066406 
86
3 1525.0528564453125 1.7599334716796875 1576.2978515625 98.71435546875 
3 2495.37451171875 155.6495361328125 2558.934326171875 277.55767822265625 
87
3 1525.149658203125 1.7813682556152344 1576.46923828125 98.72824096679688 
3 2495.066162109375 154.90170288085938 2558.91943359375 277.581787109375 
88
3 1525.1807861328125 1.9707221984863281 1575.8199462890625 98.72662353515625 
3 2494.97607421875 153.07777404785156 2558.904052734375 277.7060546875 
89
3 2494.9443359375 151.6398162841797 2558.911865234375 278.2434387207031 
3 1525.2166748046875 2.08026123046875 1576.3546142578125 98.73062133789062 
90
3 2494.88623046875 149.93753051757812 2558.90380859375 279.5098571777344 
3 1525.0472412109375 2.0177841186523438 1576.2955322265625 98.95907592773438 
91
3 2494.967529296875 148.51318359375 2558.8837890625 279.7511291503906 
3 1525.003662109375 1.9166412353515625 1576.2379150390625 98.99636840820312 
92
3 2494.99951171875 148.77249145507812 2558.8984375 279.8114929199219 
3 1524.9951171875 1.9780387878417969 1576.3216552734375 98.9705810546875 
93
3 1525.126220703125 1.8079071044921875 1576.0479736328125 98.95977783203125 
3 2494.830322265625 148.50637817382812 2558.8876953125 280.4786071777344 
94
3 1524.8984375 1.544708251953125 1575.772705078125 98.83480834960938 
3 2494.92236328125 149.25982666015625 2558.884765625 281.6361083984375 
95
3 1525.1263427734375 1.6912422180175781 1575.488525390625 98.71025085449219 
3 2494.8603515625 149.20025634765625 2558.91259765625 282.71429443359375 
96
3 1525.1766357421875 1.7828903198242188 1575.4210205078125 98.70175170898438 
3 2495.055908203125 149.11595153808594 2558.948486328125 283.2056884765625 
97
3 1524.9449462890625 1.6184654235839844 1575.9285888671875 98.75640869140625 
3 2495.25927734375 148.17771911621094 2558.954833984375 284.42572021484375 
98
3 1524.9654541015625 1.5742340087890625 1575.7669677734375 98.75689697265625 
99
3 1524.4560546875 1.5987930297851562 1575.32275390625 98.68649291992188 
100
3 1524.562255859375 1.74896240234375 1575.211669921875 98.62782287597656 
101
3 1524.9906005859375 2.2453155517578125 1575.541748046875 98.52699279785156 
102
3 1524.969482421875 2.2384872436523438 1575.4349365234375 98.49404907226562 
103
3 1524.89306640625 2.3122787475585938 1575.393310546875 98.53298950195312 
104
3 1524.841064453125 2.31396484375 1575.324951171875 98.50311279296875 
105
3 1525.3709716796875 1.5904197692871094 1575.0859375 98.71432495117188 
106
3 1525.3187255859375 1.6797218322753906 1575.1973876953125 98.68988037109375 
107
3 1525.29931640625 1.6029624938964844 1575.257568359375 98.68328857421875 
108
3 1525.316650390625 1.6728553771972656 1575.229248046875 98.70175170898438 
109
3 1524.844970703125 1.6562995910644531 1575.1607666015625 98.77230834960938 
110
3 1524.8194580078125 1.6090812683105469 1575.09326171875 98.75514221191406 
111
3 1523.96044921875 1.5119400024414062 1575.10205078125 98.86109924316406 
112
3 1524.0220947265625 1.5674705505371094 1575.00439453125 98.75628662109375 
113
3 1524.0191650390625 1.5078125 1574.9852294921875 98.80433654785156 
114
3 1524.1153564453125 1.4142341613769531 1574.920166015625 98.73652648925781 
3 0.48111724853515625 946.437255859375 118.01318359375 1072.0240478515625 
3 2480.671142578125 150.59812927246094 2558.792724609375 287.1546630859375 
115
3 1523.9014892578125 1.2836532592773438 1574.9183349609375 98.67738342285156 
3 2476.628173828125 149.01589965820312 2558.676025390625 288.30322265625 
116
3 1523.98486328125 1.2467727661132812 1574.884521484375 98.71820068359375 
117
3 1523.991455078125 1.213287353515625 1574.848388671875 98.55499267578125 
118
3 1524.0201416015625 1.1424789428710938 1574.7469482421875 98.5523681640625 
3 2474.646240234375 152.97659301757812 2558.871337890625 288.0501708984375 
119
3 1523.8558349609375 1.0971717834472656 1574.8055419921875 98.56402587890625 
3 2475.01123046875 152.56080627441406 2558.87158203125 289.121337890625 
0 0.4087371826171875 893.0706176757812 409.60565185546875 1065.5162353515625 
120
3 1523.5635986328125 1.1585464477539062 1574.62841796875 98.51580810546875 
3 2478.1806640625 152.92726135253906 2558.86865234375 288.77197265625 
1 0.8023681640625 876.0126953125 436.40997314453125 1062.141845703125 
121
3 1523.4971923828125 1.1874008178710938 1574.504150390625 98.54743957519531 
1 0.70306396484375 863.4118041992188 456.2049865722656 1059.3233642578125 
3 2479.09375 152.2019500732422 2558.8427734375 288.2347412109375 
122
3 1523.34375 1.4474639892578125 1574.6807861328125 98.43498229980469 
1 0.43115234375 846.87548828125 476.70745849609375 1059.914794921875 
123
3 1523.54150390625 1.5287704467773438 1574.6356201171875 98.40922546386719 
1 1.0003204345703125 817.0115356445312 497.53021240234375 1061.1990966796875 
3 2478.28662109375 153.02528381347656 2558.89111328125 290.1964111328125 
124
3 1523.33447265625 1.5716896057128906 1574.9205322265625 98.44979858398438 
1 0.8009490966796875 790.5817260742188 510.009033203125 1056.043212890625 
3 2477.104248046875 154.12130737304688 2558.962158203125 291.13250732421875 
125
3 1523.6285400390625 1.551239013671875 1574.9530029296875 98.42247009277344 
1 0.3861083984375 755.7366333007812 516.65966796875 1054.25146484375 
126
1 0.8277435302734375 734.6991577148438 516.8189086914062 1054.47705078125 
3 1524.01318359375 1.5642852783203125 1574.89794921875 98.45332336425781 
127
2 0.920135498046875 715.3055419921875 512.1396484375 1053.939697265625 
3 1523.9207763671875 1.6682929992675781 1575.00927734375 98.53067016601562 
3 2477.0087890625 153.27989196777344 2558.877197265625 293.049072265625 
128
3 0.67279052734375 615.6527709960938 456.43994140625 1053.112548828125 
3 1523.950439453125 1.656524658203125 1574.8272705078125 98.46981811523438 
3 2476.7705078125 153.43167114257812 2558.955078125 294.8509216308594 
129
3 1.2406158447265625 592.4940795898438 456.8052673339844 1052.980712890625 
3 1523.7525634765625 1.76177978515625 1574.873046875 98.58030700683594 
3 2476.518798828125 152.84153747558594 2559.000244140625 295.1534423828125 
130
3 0.9300384521484375 569.9332885742188 464.0489501953125 1053.019775390625 
3 2476.464111328125 153.05972290039062 2558.96484375 294.50579833984375 
3 1524.064208984375 1.6148262023925781 1574.7864990234375 98.41847229003906 
131
3 1.1414337158203125 550.8370361328125 513.1417846679688 1053.79931640625 
3 1524.02734375 1.5345726013183594 1574.73583984375 98.44708251953125 
3 2476.08642578125 152.58753967285156 2559.005126953125 297.47265625 
132
3 1.183837890625 536.773193359375 517.1431884765625 1053.9361572265625 
3 1524.0787353515625 1.46270751953125 1574.677978515625 98.43508911132812 
3 2476.072265625 149.984130859375 2558.8896484375 299.01568603515625 
133
3 1.0131683349609375 528.7349853515625 528.0545654296875 1064.6434326171875 
3 1524.229248046875 1.3027496337890625 1574.9354248046875 98.469482421875 
3 2475.646728515625 148.04225158691406 2558.817626953125 300.64337158203125 
134
3 1.482269287109375 522.1622314453125 594.857421875 1065.072998046875 
3 1524.3331298828125 1.3238563537597656 1574.9481201171875 98.28497314453125 
3 2475.526611328125 150.43685913085938 2558.86181640625 302.5535583496094 
135
3 0.305389404296875 517.1341552734375 647.556396484375 1055.72216796875 
3 1523.9727783203125 1.2634773254394531 1574.89990234375 98.15171813964844 
3 2475.840576171875 151.20315551757812 2559.021728515625 301.88250732421875 
136
3 4.24920654296875 512.8662719726562 699.098388671875 1055.5323486328125 
3 1523.9300537109375 1.2302742004394531 1574.849609375 98.11639404296875 
137
3 34.148681640625 508.11309814453125 748.423583984375 1054.29638671875 
3 1524.2862548828125 1.2590560913085938 1574.8375244140625 98.14834594726562 
138
3 61.37884521484375 502.008056640625 766.5858154296875 1054.6295166015625 
3 1524.5572509765625 1.23809814453125 1574.93798828125 98.21676635742188 
139
3 92.0587158203125 498.34649658203125 789.9937133789062 1051.2706298828125 
3 1524.5870361328125 1.2596282958984375 1574.912353515625 98.25686645507812 
140
3 121.2369384765625 493.87744140625 807.0892333984375 1050.6636962890625 
3 1524.55859375 1.1711044311523438 1574.6822509765625 98.18783569335938 
141
0 151.5826416015625 487.82171630859375 809.4805908203125 1045.7545166015625 
3 1524.0233154296875 1.0027732849121094 1574.8443603515625 97.93186950683594 
142
0 181.02490234375 479.84375 828.681884765625 1037.5928955078125 
3 1524.4693603515625 1.0433692932128906 1574.8133544921875 97.78048706054688 
143
0 209.55572509765625 469.9968566894531 831.2581787109375 1025.8902587890625 
3 1524.3321533203125 0.987884521484375 1574.8504638671875 97.83210754394531 
144
0 240.05307006835938 461.4753112792969 832.9238891601562 1009.496337890625 
3 1524.2325439453125 0.9701309204101562 1574.75830078125 97.89190673828125 
145
0 266.97216796875 451.653564453125 763.32421875 987.2703247070312 
3 1524.074951171875 1.1992416381835938 1574.7149658203125 97.91995239257812 
146
0 296.4111328125 439.36260986328125 765.6532592773438 972.951416015625 
3 1524.125732421875 1.244110107421875 1574.791015625 97.9776611328125 
147
0 325.2562255859375 426.7501525878906 833.7531127929688 976.6740112304688 
3 1523.9710693359375 1.2674369812011719 1574.7169189453125 98.13203430175781 
148
0 348.94500732421875 415.10321044921875 834.72021484375 968.6170654296875 
3 1524.0693359375 1.1146240234375 1574.633544921875 98.10284423828125 
149
0 371.720947265625 402.2619934082031 834.7269897460938 968.2789306640625 
3 1524.4298095703125 1.1527099609375 1574.595458984375 98.12770080566406 
3 2473.789794921875 153.8224334716797 2558.97021484375 302.2728271484375 
150
0 397.7482604980469 394.3055114746094 800.7415161132812 966.0050048828125 
3 1524.386474609375 1.2825965881347656 1574.516357421875 98.52420043945312 
151
0 424.67156982421875 382.9315490722656 798.0771484375 966.6813354492188 
3 1524.3016357421875 1.1401290893554688 1574.5599365234375 98.55316162109375 
3 2470.845947265625 155.11492919921875 2559.0126953125 301.8003845214844 
152
0 453.9512939453125 377.7550964355469 831.8411865234375 968.6414794921875 
3 1524.3916015625 1.0504379272460938 1574.4638671875 98.34283447265625 
3 2469.670166015625 155.40830993652344 2559.01416015625 301.82232666015625 
153
0 483.3265075683594 370.2275695800781 921.346435546875 971.0516967773438 
3 1524.5908203125 1.1332435607910156 1574.1329345703125 98.37893676757812 
3 2466.829345703125 154.52003479003906 2559.051025390625 302.02191162109375 
154
3 2465.990234375 153.98500061035156 2558.9970703125 303.0269470214844 
3 1524.4090576171875 1.3057975769042969 1574.4884033203125 98.35423278808594 
0 506.90704345703125 366.6640625 944.47998046875 971.2870483398438 
0 505.81292724609375 366.8724365234375 948.9891967773438 971.6800537109375 
155
0 539.1466064453125 360.81707763671875 1006.9539184570312 971.341552734375 
3 2466.180908203125 154.07540893554688 2558.98486328125 303.6336669921875 
3 1524.32177734375 1.275177001953125 1574.760009765625 98.38150024414062 
156
0 569.2044677734375 354.5550537109375 1032.333251953125 971.384521484375 
3 1524.062255859375 1.4861793518066406 1574.8603515625 98.52702331542969 
3 2465.85107421875 150.83970642089844 2558.91064453125 304.37493896484375 
157
0 588.5941162109375 349.8443603515625 1026.8828125 970.2669677734375 
3 2466.10986328125 151.0823974609375 2558.96044921875 304.6396179199219 
3 1523.9456787109375 1.4654464721679688 1574.7298583984375 98.45217895507812 
158
0 625.1671142578125 346.1936950683594 1068.95703125 969.0250244140625 
3 2469.781494140625 155.20046997070312 2558.94384765625 307.0614318847656 
3 1523.951171875 1.4719467163085938 1574.598388671875 98.40472412109375 
159
0 653.28857421875 338.2985534667969 1081.225341796875 964.939697265625 
3 2471.052001953125 153.71292114257812 2558.8876953125 308.1288757324219 
3 1523.8553466796875 1.4881057739257812 1575.1380615234375 98.42019653320312 
160
0 682.1603393554688 330.5589294433594 1051.6251220703125 960.8914184570312 
3 1523.8173828125 1.4136924743652344 1575.8431396484375 98.45150756835938 
3 2472.246826171875 153.33074951171875 2558.802490234375 308.26580810546875 
161
0 708.1240234375 322.35736083984375 1049.356201171875 952.0455322265625 
3 2472.15576171875 155.9541015625 2558.806884765625 310.4681091308594 
3 1523.7012939453125 1.4215774536132812 1575.9093017578125 98.50390625 
162
0 734.9031982421875 313.2775573730469 1052.9176025390625 907.125 
3 2470.934814453125 156.6221923828125 2558.2724609375 310.620361328125 
3 1524.0938720703125 1.4351387023925781 1575.6925048828125 98.76528930664062 
163
0 760.4143676757812 303.88751220703125 1052.663330078125 923.414306640625 
3 2470.5263671875 154.74114990234375 2558.578125 311.9009704589844 
3 1524.2933349609375 1.345184326171875 1575.8297119140625 98.76220703125 
164
0 781.9290771484375 295.05621337890625 1088.73095703125 899.5584106445312 
3 2470.029296875 155.72634887695312 2558.739501953125 312.37286376953125 
3 1524.9609375 1.5096664428710938 1574.6116943359375 98.62429809570312 
165
1 804.8844604492188 281.07916259765625 1082.2884521484375 868.7115478515625 
3 2470.22509765625 154.3243408203125 2558.72119140625 312.25970458984375 
3 1525.771484375 1.5862388610839844 1574.476806640625 98.4625244140625 
166
1 826.5965576171875 256.10528564453125 1098.421142578125 867.4249877929688 
3 2470.56103515625 153.3505096435547 2558.738525390625 312.0028076171875 
3 1525.7568359375 1.6533164978027344 1574.08642578125 98.44712829589844 
167
1 847.8165283203125 255.89788818359375 1126.640380859375 850.095947265625 
3 2470.46533203125 154.2199249267578 2558.6435546875 312.0594482421875 
3 1525.56494140625 1.6623878479003906 1574.2139892578125 98.46722412109375 
168
1 869.767578125 256.2637023925781 1150.64013671875 832.401123046875 
3 2470.50146484375 154.65213012695312 2558.711669921875 312.2687072753906 
3 1525.4007568359375 1.688079833984375 1574.0762939453125 98.41041564941406 
169
1 887.8123779296875 257.4438781738281 1185.440673828125 825.6029052734375 
3 2470.54296875 154.70994567871094 2558.74365234375 312.6004638671875 
3 1525.225830078125 1.4990196228027344 1574.6053466796875 98.27639770507812 
170
1 884.663818359375 255.6773681640625 1238.800048828125 824.8775024414062 
3 2470.510009765625 154.067626953125 2558.710205078125 314.499755859375 
3 1524.5982666015625 1.4858894348144531 1575.2354736328125 98.34640502929688 
171
1 933.0169677734375 253.69894409179688 1288.412353515625 823.53271484375 
3 2470.50341796875 153.15667724609375 2558.765625 317.4189453125 
3 1524.3773193359375 1.3838958740234375 1575.136962890625 98.25340270996094 
172
1 958.2646484375 253.19989013671875 1329.8931884765625 828.980224609375 
3 2470.641845703125 152.3880157470703 2558.879638671875 319.69769287109375 
3 1524.02880859375 1.4062042236328125 1576.1527099609375 98.28077697753906 
173
1 979.4208984375 253.54470825195312 1293.1021728515625 828.1322021484375 
3 2470.089111328125 153.2275390625 2559.01171875 321.3489074707031 
3 1524.8013916015625 1.511688232421875 1575.567138671875 98.27616882324219 
174
1 982.56494140625 251.692138671875 1369.3509521484375 825.1649780273438 
3 2470.383056640625 154.6455535888672 2559.070556640625 324.3380126953125 
3 1525.694091796875 1.5778427124023438 1575.632568359375 98.19976806640625 
175
1 984.1511840820312 248.42666625976562 1377.0035400390625 816.4818115234375 
3 1526.3492431640625 1.439910888671875 1575.3905029296875 98.51690673828125 
3 2470.173095703125 155.67495727539062 2559.03955078125 325.77130126953125 
176
1 984.74462890625 244.43328857421875 1378.6590576171875 810.7322998046875 
3 1526.92822265625 1.5951156616210938 1574.572998046875 98.42491149902344 
3 2470.1953125 154.99021911621094 2559.020751953125 325.2918701171875 
177
1 989.2713623046875 241.55484008789062 1383.0390625 797.68701171875 
3 1527.3155517578125 1.2124786376953125 1575.01416015625 98.59880065917969 
3 2470.402099609375 156.591552734375 2559.06787109375 327.3406982421875 
178
1 996.783935546875 237.90017700195312 1385.5322265625 786.54931640625 
3 1527.0023193359375 1.2983627319335938 1574.47802734375 98.5262451171875 
3 2469.995849609375 156.94281005859375 2558.993408203125 328.5530090332031 
179
1 1037.4259033203125 232.14788818359375 1387.417236328125 773.796142578125 
3 1527.0706787109375 1.1630172729492188 1573.33251953125 98.51176452636719 
3 2470.427734375 159.92335510253906 2559.0419921875 329.4068908691406 
180
1 1048.8538818359375 226.508544921875 1387.346923828125 766.4952392578125 
3 2470.72998046875 161.16510009765625 2559.0078125 331.2063293457031 
3 1526.754150390625 1.4071731567382812 1572.4296875 98.57537841796875 
181
1 1081.15966796875 220.047607421875 1401.74755859375 749.455322265625 
3 1526.4820556640625 1.3555374145507812 1572.278076171875 98.46023559570312 
3 2470.631103515625 161.96803283691406 2559.07470703125 331.71136474609375 
182
1 1115.630859375 213.81488037109375 1422.0411376953125 731.0067138671875 
3 1526.218017578125 1.6067047119140625 1570.8966064453125 98.17605590820312 
3 2469.87646484375 161.412353515625 2559.011962890625 332.4371337890625 
183
2 1156.362548828125 205.61602783203125 1444.61279296875 719.1947021484375 
3 1525.5523681640625 1.690460205078125 1570.325439453125 98.05810546875 
3 2469.699951171875 163.51278686523438 2558.85302734375 332.6922607421875 
184
2 1190.75537109375 198.145751953125 1464.490478515625 718.1851806640625 
3 1525.593505859375 1.3818359375 1569.2998046875 98.04342651367188 
3 2469.86669921875 160.5704803466797 2558.91845703125 333.1124267578125 
185
2 1216.2618408203125 194.66400146484375 1485.257080078125 718.3357543945312 
3 2470.718017578125 160.74842834472656 2558.860595703125 333.57452392578125 
3 1524.8428955078125 1.5313529968261719 1569.7552490234375 97.79183959960938 
186
2 1230.044921875 191.41650390625 1505.0142822265625 719.4498291015625 
3 2470.107177734375 161.20428466796875 2558.878173828125 333.24786376953125 
3 1524.3880615234375 1.5306320190429688 1568.43603515625 97.97262573242188 
187
2 1242.6741943359375 190.94314575195312 1523.2977294921875 718.900634765625 
3 2468.246337890625 163.19302368164062 2558.937255859375 332.9825744628906 
3 1524.115234375 1.0799636840820312 1567.409423828125 98.2156982421875 
188
2 1254.875732421875 189.8082275390625 1542.96923828125 719.1768798828125 
3 2464.60400390625 164.15362548828125 2559.007568359375 332.29681396484375 
3 1524.595703125 0.9770851135253906 1566.5479736328125 98.56137084960938 
189
2 1265.0693359375 190.0020751953125 1561.6961669921875 717.01904296875 
3 2464.72265625 164.26901245117188 2558.981201171875 332.04931640625 
3 1524.4119873046875 0.9477157592773438 1564.33349609375 98.7384033203125 
190
2 1275.6812744140625 190.77471923828125 1577.587890625 715.5361938476562 
3 2461.840087890625 163.8817901611328 2559.004150390625 330.9844970703125 
3 1524.0819091796875 1.0520858764648438 1563.6934814453125 98.66801452636719 
191
2 1279.6246337890625 191.44357299804688 1591.8021240234375 716.0474853515625 
3 2462.38134765625 163.3257598876953 2559.026611328125 330.996337890625 
3 1523.737060546875 1.438873291015625 1563.2977294921875 98.40838623046875 
192
2 1283.4271240234375 190.64419555664062 1604.567138671875 715.18505859375 
3 2469.11767578125 161.6421661376953 2558.958984375 330.9691162109375 
3 1523.61962890625 1.58197021484375 1563.3717041015625 97.91253662109375 
193
2 1287.8458251953125 190.1436767578125 1616.5230712890625 713.811279296875 
3 2465.249267578125 161.447509765625 2559.019775390625 330.3282470703125 
3 1523.626953125 1.4435577392578125 1563.052490234375 97.35531616210938 
194
2 1291.4974365234375 187.01473999023438 1626.162353515625 711.4464111328125 
3 1523.746826171875 2.3797760009765625 1562.7828369140625 97.1868896484375 
3 2464.7705078125 163.07127380371094 2559.05810546875 332.54888916015625 
195
2 1306.0552978515625 184.145263671875 1634.30908203125 703.743408203125 
3 2459.862060546875 163.35923767089844 2559.0478515625 332.23089599609375 
3 1523.0352783203125 2.35150146484375 1561.6956787109375 96.86030578613281 
196
2 1335.346923828125 180.62295532226562 1641.38623046875 699.9929809570312 
3 2461.531005859375 162.24960327148438 2558.932861328125 334.5277099609375 
3 1522.660400390625 2.6736488342285156 1561.60546875 96.61341857910156 
197
2 1373.735595703125 175.14581298828125 1646.843017578125 683.4083862304688 
3 2461.53955078125 160.74119567871094 2558.90771484375 335.91455078125 
3 1521.9832763671875 2.2938156127929688 1561.9034423828125 96.76655578613281 
198
2 1396.79345703125 168.92486572265625 1652.78515625 670.5350341796875 
3 2461.590087890625 162.14187622070312 2558.793212890625 338.298583984375 
3 1522.408447265625 3.6348915100097656 1561.90625 96.71360778808594 
199
2 1428.994140625 164.10617065429688 1661.0528564453125 655.7501220703125 
3 2461.63134765625 164.7646942138672 2558.798095703125 340.36920166015625 
3 1521.746337890625 6.431610107421875 1562.0941162109375 96.65122985839844 
200
2 1461.938232421875 159.01605224609375 1668.11767578125 640.5676879882812 
3 2462.0634765625 168.9675750732422 2558.7509765625 342.28240966796875 
3 1521.73779296875 7.151737213134766 1562.1317138671875 96.64445495605469 
201
2 1482.89013671875 156.03106689453125 1677.375 629.9864501953125 
3 2459.764404296875 165.74598693847656 2558.784423828125 342.07781982421875 
3 1521.3778076171875 8.681159973144531 1563.913818359375 96.6929931640625 
202
2 1495.096923828125 155.094970703125 1684.609619140625 620.0028076171875 
3 2460.02099609375 164.4654083251953 2558.77392578125 341.9556579589844 
3 1519.9024658203125 7.131809234619141 1564.3096923828125 96.87750244140625 
203
2 1495.6446533203125 153.83847045898438 1696.08056640625 616.7049560546875 
3 2462.474609375 167.59194946289062 2558.756103515625 341.0806884765625 
3 1519.531005859375 16.90576171875 1563.407470703125 96.80381774902344 
204
2 1494.951904296875 154.26397705078125 1705.046875 616.3262329101562 
3 2461.94287109375 169.04238891601562 2558.78955078125 341.1851806640625 
3 1519.93408203125 19.28955078125 1563.5091552734375 96.79843139648438 
205
2 1495.801513671875 154.94003295898438 1715.2799072265625 615.6481323242188 
3 2462.168701171875 170.08535766601562 2558.79248046875 340.94000244140625 
3 1519.9642333984375 19.398361206054688 1564.3729248046875 96.8768310546875 
206
2 1496.582275390625 155.01678466796875 1728.1832275390625 615.8785400390625 
3 2462.812255859375 169.81695556640625 2558.80712890625 341.0715637207031 
3 1519.9130859375 19.90209197998047 1564.6707763671875 96.795654296875 
207
2 1496.96630859375 158.05123901367188 1748.089599609375 615.4439086914062 
3 2463.14453125 167.5163116455078 2558.83349609375 341.3898620605469 
3 1520.1182861328125 21.346736907958984 1564.8079833984375 96.84007263183594 
208
2 1498.71728515625 158.13336181640625 1759.57861328125 613.484375 
3 2463.056640625 166.80886840820312 2558.846923828125 341.9359130859375 
3 1519.80810546875 21.970333099365234 1564.885986328125 96.73878479003906 
209
2 1497.8636474609375 160.1270751953125 1756.559814453125 610.8916015625 
3 2459.65771484375 161.40884399414062 2558.880126953125 349.1368408203125 
3 1519.91650390625 22.182998657226562 1565.07275390625 96.80892944335938 
210
2 1502.2059326171875 160.677490234375 1772.681640625 604.3590087890625 
3 2462.14990234375 160.32064819335938 2558.900634765625 346.906494140625 
3 1519.9150390625 22.33380889892578 1565.070556640625 96.64949035644531 
211
2 1507.071533203125 159.82846069335938 1781.944091796875 595.9783325195312 
3 2458.354736328125 165.58633422851562 2558.78759765625 356.90167236328125 
3 1519.489501953125 22.001266479492188 1564.759033203125 96.67317199707031 
212
2 1517.9674072265625 158.38153076171875 1794.533935546875 590.529052734375 
3 2459.55126953125 169.9456787109375 2558.764404296875 357.635986328125 
3 1519.68798828125 22.222530364990234 1564.2137451171875 96.45695495605469 
213
2 1530.702392578125 158.643310546875 1807.4552001953125 588.212890625 
3 2460.723388671875 161.59356689453125 2558.836181640625 363.57171630859375 
3 1518.56884765625 21.995662689208984 1563.902587890625 96.61795043945312 
214
2 1549.7518310546875 155.64581298828125 1821.2498779296875 579.3506469726562 
3 2461.46728515625 163.17626953125 2558.92333984375 364.646484375 
3 1518.1458740234375 21.390914916992188 1563.639404296875 96.48977661132812 
215
2 1572.2979736328125 151.34629821777344 1834.0355224609375 567.61328125 
3 2460.036376953125 171.2659149169922 2558.87255859375 365.7055969238281 
3 1518.3876953125 21.91252899169922 1563.433349609375 96.52127075195312 
216
3 1593.13818359375 148.155029296875 1849.027587890625 554.6921997070312 
3 2461.16259765625 171.80624389648438 2559.0546875 366.1958923339844 
3 1518.30517578125 22.042293548583984 1563.7518310546875 96.77772521972656 
217
3 1618.6893310546875 145.1969757080078 1860.8995361328125 551.6918334960938 
3 2464.192626953125 173.14089965820312 2559.003173828125 364.9760437011719 
3 1518.7789306640625 22.340103149414062 1563.89599609375 96.87794494628906 
218
3 1646.43798828125 142.23696899414062 1874.0362548828125 550.7373046875 
3 2465.10791015625 178.30633544921875 2558.92724609375 365.9684143066406 
3 1518.960205078125 22.308155059814453 1564.36083984375 96.86224365234375 
219
3 1671.0489501953125 141.24435424804688 1884.0416259765625 549.5269775390625 
3 2464.45068359375 171.06475830078125 2559.05859375 363.91644287109375 
3 1519.038818359375 22.367488861083984 1564.4959716796875 96.84463500976562 
220
3 1687.740966796875 142.18505859375 1900.2059326171875 549.5609741210938 
3 2463.955322265625 179.5061798095703 2559.017578125 365.0908203125 
3 1519.146484375 22.387069702148438 1564.40185546875 97.06976318359375 
221
3 1687.724365234375 142.98849487304688 1913.27880859375 549.137939453125 
3 2463.0068359375 178.7045135498047 2559.038818359375 364.34967041015625 
3 1518.8076171875 22.43206787109375 1563.8465576171875 97.45552062988281 
222
3 1687.668212890625 145.48223876953125 1925.8665771484375 549.8929443359375 
3 2462.8798828125 183.505859375 2559.0048828125 364.0057373046875 
3 1518.2425537109375 22.164222717285156 1563.627197265625 97.62370300292969 
223
3 1689.134765625 146.66835021972656 1937.671875 548.933837890625 
3 2461.546142578125 183.57913208007812 2559.0234375 364.0322265625 
3 1518.5311279296875 22.44324493408203 1563.3182373046875 97.63566589355469 
224
3 1691.770263671875 147.7705078125 1944.607421875 545.783447265625 
3 2459.578125 181.439208984375 2559.028564453125 364.10992431640625 
3 1519.0601806640625 22.719791412353516 1563.186279296875 97.57191467285156 
225
3 1694.082763671875 150.17257690429688 1957.120849609375 542.7754516601562 
3 2457.303466796875 181.83953857421875 2559.013427734375 364.2961730957031 
3 1518.0198974609375 23.1090087890625 1563.832275390625 97.53733825683594 
226
3 1697.6959228515625 151.32948303222656 1964.5394287109375 541.7359619140625 
3 2456.255859375 180.84214782714844 2558.973876953125 364.2701110839844 
3 1517.9078369140625 23.329010009765625 1563.8310546875 97.51473999023438 
227
3 1704.853515625 151.19186401367188 1971.084228515625 539.0286865234375 
3 2455.884765625 180.6237030029297 2558.92919921875 363.68212890625 
3 1517.1148681640625 23.607990264892578 1563.60791015625 97.37174987792969 
228
3 1719.2708740234375 150.39309692382812 1976.8062744140625 534.6661376953125 
3 2455.062255859375 182.71206665039062 2558.972900390625 363.1785888671875 
3 1516.00439453125 23.50507354736328 1563.2208251953125 97.29632568359375 
229
3 1739.2796630859375 148.19590759277344 1979.7476806640625 532.0112915039062 
3 2446.740478515625 184.7509765625 2559.059326171875 364.6072082519531 
3 1511.40087890625 22.952972412109375 1562.522216796875 97.01705932617188 
230
3 1758.9453125 145.574462890625 1984.79736328125 526.0440063476562 
3 2447.6787109375 183.9688720703125 2559.177001953125 366.55987548828125 
3 1508.2713623046875 22.511898040771484 1561.806884765625 96.78237915039062 
231
3 1785.025146484375 142.6736297607422 1990.678955078125 516.0553588867188 
3 2441.6103515625 188.2295379638672 2559.2431640625 368.531494140625 
3 1508.37255859375 22.126754760742188 1561.094482421875 96.52149963378906 
232
3 1803.3284912109375 140.1639862060547 1995.126220703125 511.44317626953125 
3 2438.27880859375 184.45091247558594 2558.991943359375 371.87689208984375 
3 1508.5477294921875 22.423439025878906 1560.25439453125 96.38298034667969 
233
3 1821.4246826171875 137.47811889648438 2001.5645751953125 504.92462158203125 
3 2444.059326171875 185.2172393798828 2558.994384765625 373.5205078125 
3 1509.4176025390625 22.6068115234375 1559.66552734375 96.29074096679688 
234
3 1831.684326171875 136.6413116455078 2009.2567138671875 496.49078369140625 
3 2446.173095703125 185.4057159423828 2559.047607421875 374.88726806640625 
3 1506.9434814453125 8.857063293457031 1558.9935302734375 96.53192138671875 
235
3 1832.559326171875 135.6114959716797 2018.763916015625 497.79083251953125 
3 2447.102294921875 189.19374084472656 2558.915283203125 376.65826416015625 
236
3 1832.48193359375 135.82562255859375 2025.7744140625 492.67218017578125 
3 2445.480224609375 190.3367156982422 2558.7744140625 377.0448913574219 
3 1500.972412109375 5.713130950927734 1559.604736328125 96.7694091796875 
237
3 1833.01708984375 136.47128295898438 2032.32763671875 488.98748779296875 
3 2445.000732421875 189.66342163085938 2558.715087890625 379.6829833984375 
3 1500.2646484375 4.899360656738281 1559.190185546875 96.70233154296875 
238
3 1832.5748291015625 138.94227600097656 2041.3529052734375 487.64837646484375 
3 2443.90283203125 185.54617309570312 2558.73388671875 379.90716552734375 
3 1516.5140380859375 24.22669219970703 1558.132568359375 95.54434204101562 
3 1502.6195068359375 8.406375885009766 1558.22412109375 96.62980651855469 
239
3 1831.8648681640625 141.15757751464844 2048.395751953125 487.697509765625 
3 2442.648193359375 181.2984619140625 2558.812255859375 379.89691162109375 
3 1513.051025390625 23.471221923828125 1557.3475341796875 95.55740356445312 
240
3 1831.2169189453125 143.3437042236328 2056.75927734375 487.2344970703125 
3 2443.011962890625 183.77865600585938 2558.916748046875 379.8338928222656 
241
3 1830.944580078125 146.1155548095703 2065.004150390625 486.609130859375 
3 2442.849609375 185.0098876953125 2558.864013671875 380.12786865234375 
3 1513.65234375 23.296966552734375 1557.284912109375 95.42771911621094 
242
3 1833.317626953125 147.06460571289062 2075.960693359375 485.732421875 
3 2443.00146484375 184.20799255371094 2558.868408203125 380.2277526855469 
3 1514.0599365234375 23.860389709472656 1557.0352783203125 95.43522644042969 
243
3 1836.31298828125 149.38580322265625 2084.321533203125 478.69293212890625 
3 2442.83984375 183.93142700195312 2558.82470703125 380.7018737792969 
3 1502.4542236328125 21.3065185546875 1556.8043212890625 95.80302429199219 
244
3 1841.783447265625 149.35960388183594 2094.292236328125 477.422119140625 
3 2442.697509765625 181.7891845703125 2558.83056640625 381.41644287109375 
3 1505.482421875 22.506378173828125 1556.819091796875 95.40328979492188 
245
3 1852.37109375 149.84994506835938 2104.836669921875 476.15240478515625 
3 2442.265380859375 177.47463989257812 2558.887939453125 381.5343322753906 
3 1504.500244140625 22.977657318115234 1556.7064208984375 95.32733154296875 
246
3 1863.762451171875 149.65403747558594 2112.554443359375 475.0679931640625 
3 2441.9501953125 175.285400390625 2558.91943359375 386.5960693359375 
3 1507.1810302734375 23.45166778564453 1555.9482421875 95.30094909667969 
247
3 1876.0810546875 148.72364807128906 2121.504150390625 470.57757568359375 
3 2441.86572265625 173.179443359375 2558.819091796875 386.70648193359375 
248
3 1896.0609130859375 147.56207275390625 2132.277587890625 465.5280456542969 
3 2442.087646484375 172.81932067871094 2559.0087890625 396.32061767578125 
249
3 1911.296875 145.3612518310547 2140.695068359375 464.1568908691406 
3 2442.79833984375 173.4755859375 2558.979736328125 400.4759521484375 
250
3 1927.7698974609375 143.1768798828125 2147.03369140625 464.64697265625 
3 2444.6552734375 175.1699676513672 2559.11474609375 401.82098388671875 
251
3 1943.953857421875 142.9388885498047 2153.622314453125 464.7379455566406 
3 2446.78564453125 179.94091796875 2559.119384765625 403.6275634765625 
252
3 2446.180908203125 179.7847900390625 2559.06787109375 402.5969543457031 
3 1962.6080322265625 142.3056640625 2159.695068359375 465.4154052734375 
253
3 1978.63916015625 143.28775024414062 2164.724853515625 464.8166198730469 
3 2446.150634765625 179.15101623535156 2558.8486328125 403.6739196777344 
254
3 1978.966796875 145.32664489746094 2171.3212890625 464.8482666015625 
3 2445.5439453125 180.93771362304688 2558.880126953125 403.7856750488281 
255
3 1978.7177734375 147.0940399169922 2175.56494140625 465.1174011230469 
3 2443.66259765625 182.24676513671875 2558.99072265625 403.322021484375 
256
3 1978.4263916015625 148.02749633789062 2179.987548828125 465.3177490234375 
3 2442.758056640625 184.34388732910156 2559.041259765625 402.5608825683594 
257
3 1978.449951171875 149.59327697753906 2187.8388671875 465.04132080078125 
3 2441.7333984375 180.60365295410156 2559.102294921875 403.573486328125 
258
3 1979.729736328125 151.15325927734375 2196.359130859375 465.4667663574219 
3 2441.07861328125 184.92117309570312 2558.985107421875 403.5283508300781 
259
3 1984.0224609375 152.79702758789062 2206.07080078125 464.94696044921875 
3 2441.86474609375 183.35702514648438 2558.99169921875 404.2294616699219 
260
3 1987.263671875 154.6638946533203 2208.232177734375 463.75274658203125 
3 2442.881103515625 181.42535400390625 2559.197021484375 404.2294921875 
261
3 1993.217529296875 154.9224853515625 2219.70703125 463.17730712890625 
3 2438.778076171875 184.66151428222656 2559.33056640625 403.7876892089844 
262
3 2005.6722412109375 154.31704711914062 2223.760009765625 462.15643310546875 
3 2435.353271484375 183.14486694335938 2559.00634765625 403.7645263671875 
263
3 2018.35595703125 154.13638305664062 2245.67529296875 459.6572265625 
3 2425.720458984375 183.90731811523438 2559.18115234375 403.4706115722656 
264
3 2030.7095947265625 153.01885986328125 2244.40625 457.9706726074219 
3 2420.78857421875 184.47418212890625 2558.66455078125 403.009521484375 
265
3 2046.59521484375 151.50021362304688 2253.943359375 454.8912353515625 
3 2414.864013671875 183.3347930908203 2558.538330078125 402.42974853515625 
266
3 2062.152099609375 150.23910522460938 2254.08740234375 450.1951904296875 
3 2408.08349609375 182.9623565673828 2558.7099609375 401.972900390625 
267
3 2078.1513671875 148.61978149414062 2269.876953125 449.3150634765625 
3 2400.727294921875 180.60140991210938 2558.455322265625 402.2919006347656 
268
3 2081.071533203125 147.3655548095703 2273.07275390625 447.71063232421875 
3 2399.187744140625 180.25778198242188 2558.534423828125 402.68206787109375 
269
3 2082.512939453125 146.13616943359375 2273.788818359375 447.57989501953125 
3 2396.04345703125 180.4156951904297 2558.260009765625 402.1096496582031 
270
3 2082.759033203125 146.4112548828125 2272.295654296875 447.49053955078125 
3 2395.753173828125 177.7602996826172 2558.781494140625 401.8700866699219 
3 2396.112060546875 178.43467712402344 2558.240478515625 402.09759521484375 
271
3 2083.131103515625 146.994140625 2293.76806640625 447.1986083984375 
3 2397.212158203125 175.5298614501953 2558.306884765625 403.1282043457031 
272
3 2396.8486328125 173.48480224609375 2558.92529296875 403.052490234375 
3 2082.938720703125 145.82025146484375 2298.322998046875 447.4864501953125 
273
3 2083.17431640625 146.0965576171875 2313.450927734375 443.2062072753906 
3 2396.543212890625 175.1051025390625 2558.3271484375 404.58843994140625 
3 2395.856689453125 174.54310607910156 2558.891845703125 403.551025390625 
274
3 2393.9541015625 171.55262756347656 2558.91650390625 404.7838134765625 
3 2083.406005859375 149.49871826171875 2318.528564453125 440.62408447265625 
3 2394.281005859375 172.68841552734375 2558.34423828125 404.91925048828125 
275
3 2392.3515625 171.41140747070312 2558.83544921875 403.5296325683594 
3 2084.334716796875 151.43438720703125 2323.745361328125 442.14581298828125 
3 2393.43603515625 171.1077423095703 2558.298583984375 404.4756774902344 
276
3 2389.376708984375 173.04910278320312 2558.608154296875 405.9130859375 
3 2083.48046875 153.24107360839844 2337.350341796875 436.6057434082031 
3 1509.111328125 25.386241912841797 1555.237060546875 95.38140869140625 
277
3 2388.040283203125 172.72511291503906 2557.72998046875 406.534423828125 
3 2087.159423828125 155.31640625 2339.84619140625 435.8545227050781 
3 1509.2843017578125 25.316688537597656 1555.2880859375 95.3912353515625 
278
3 2389.30126953125 172.93692016601562 2556.520751953125 406.6302490234375 
3 2088.42724609375 155.82083129882812 2342.326904296875 436.34619140625 
3 1509.3621826171875 25.3629150390625 1555.14501953125 95.36135864257812 
279
3 2389.43994140625 173.36077880859375 2555.263427734375 407.1390380859375 
3 2093.325927734375 156.15338134765625 2348.057861328125 436.1965637207031 
3 1509.5523681640625 25.364883422851562 1555.1768798828125 95.34487915039062 
280
3 2388.835693359375 172.99932861328125 2554.825927734375 407.52587890625 
3 2097.45458984375 156.7771453857422 2354.899658203125 436.2163391113281 
3 1509.58251953125 25.426223754882812 1555.2896728515625 95.37136840820312 
281
3 2389.07470703125 172.91134643554688 2554.8369140625 408.9380798339844 
3 2106.314208984375 158.04953002929688 2359.021240234375 436.63031005859375 
3 1509.4830322265625 25.469406127929688 1555.4306640625 95.37037658691406 
282
3 2389.540283203125 172.55426025390625 2554.62353515625 410.00250244140625 
3 2117.9130859375 157.54063415527344 2367.918701171875 436.7919921875 
3 1509.4456787109375 25.748123168945312 1555.4951171875 95.36459350585938 
283
3 2390.1533203125 172.44302368164062 2554.65283203125 411.81103515625 
3 2123.837890625 156.7429962158203 2373.691162109375 436.0549011230469 
3 1509.603515625 25.576274871826172 1555.5191650390625 95.46263122558594 
284
3 2389.10400390625 172.25599670410156 2554.2822265625 415.19024658203125 
3 2133.9287109375 155.0382843017578 2348.228515625 435.91302490234375 
3 1509.6622314453125 25.680160522460938 1555.4385986328125 95.47683715820312 
285
3 2390.71630859375 171.93923950195312 2553.472900390625 418.4224853515625 
3 2141.37451171875 154.10203552246094 2381.304931640625 436.0587158203125 
3 1509.83837890625 25.52063751220703 1555.4647216796875 95.72755432128906 
286
3 2390.807861328125 171.55213928222656 2552.5712890625 422.48126220703125 
3 2149.24462890625 153.12554931640625 2382.0087890625 435.2475891113281 
3 1509.82861328125 25.61328125 1555.4736328125 95.7388916015625 
287
3 2394.70166015625 171.04885864257812 2551.421142578125 427.15887451171875 
3 2156.851318359375 153.983154296875 2388.6416015625 435.047119140625 
288
3 2391.820068359375 171.75503540039062 2551.206298828125 429.41534423828125 
3 2166.303466796875 154.4219207763672 2392.7939453125 434.0647277832031 
289
3 2170.96875 155.69088745117188 2391.760986328125 435.5545349121094 
3 2392.16943359375 171.77464294433594 2553.2255859375 430.8877868652344 
290
3 2176.52783203125 155.99276733398438 2394.931640625 435.1780090332031 
3 2400.880615234375 171.97235107421875 2554.19287109375 431.66314697265625 
291
3 2398.174560546875 171.5712890625 2550.064208984375 432.4500732421875 
3 2183.081787109375 156.7340087890625 2398.534912109375 436.3625183105469 
292
3 2394.993408203125 171.1970672607422 2550.658447265625 435.14794921875 
3 2184.9326171875 157.57652282714844 2424.145263671875 438.0210876464844 
293
3 2393.8876953125 171.3647003173828 2552.619873046875 435.59075927734375 
3 2185.831787109375 157.84799194335938 2426.115234375 437.0818786621094 
3 1509.302490234375 25.849506378173828 1555.3880615234375 95.62664794921875 
294
3 2393.942138671875 171.23507690429688 2555.106689453125 435.3580322265625 
3 2185.8583984375 158.06910705566406 2412.37451171875 436.8516845703125 
3 1509.0699462890625 25.839916229248047 1555.36376953125 95.55352783203125 
295
3 2395.4765625 171.71554565429688 2554.2080078125 439.1134033203125 
3 2188.682861328125 158.10833740234375 2432.998291015625 437.26519775390625 
296
3 2190.64306640625 158.3240203857422 2439.71142578125 436.6622009277344 
3 2395.757080078125 170.26612854003906 2555.063720703125 438.6686096191406 
297
3 2192.384765625 157.52984619140625 2442.966796875 436.28515625 
3 2394.533935546875 170.3927459716797 2554.293212890625 439.70977783203125 
298
3 2194.29736328125 156.5307159423828 2428.978271484375 434.8163757324219 
3 2391.217529296875 171.07192993164062 2555.12451171875 440.00531005859375 
299
3 2198.44091796875 154.86976623535156 2428.51171875 433.0383605957031 
3 2389.71630859375 171.5595245361328 2554.159912109375 439.948974609375 
300
3 2199.9912109375 152.51333618164062 2429.445556640625 430.38262939453125 
3 2390.450927734375 171.9324951171875 2555.30224609375 440.09088134765625 
301
3 2199.522705078125 151.8048553466797 2389.98486328125 424.54962158203125 
3 2390.673095703125 172.08197021484375 2554.588623046875 439.63299560546875 
302
3 2198.5625 150.94549560546875 2387.83056640625 419.94500732421875 
3 2387.271484375 171.24832153320312 2555.194580078125 439.81512451171875 
303
3 2376.344970703125 172.3988494873047 2555.716552734375 440.014404296875 
3 2198.894287109375 148.62173461914062 2381.275146484375 415.5850830078125 
304
3 2199.427490234375 147.19920349121094 2376.664794921875 411.9054260253906 
3 2370.83642578125 172.31381225585938 2555.9111328125 439.71282958984375 
305
3 2364.036865234375 171.99278259277344 2556.458740234375 438.20361328125 
3 2199.8115234375 146.71975708007812 2373.335205078125 407.2623291015625 
3 1509.873291015625 26.11847686767578 1555.171630859375 95.63934326171875 
306
3 2358.636474609375 171.49441528320312 2556.2314453125 437.9833068847656 
3 2200.564697265625 145.88870239257812 2368.057373046875 403.26361083984375 
307
3 2351.22900390625 171.95135498046875 2556.084716796875 439.5369873046875 
3 2200.4990234375 146.35757446289062 2365.47314453125 400.335205078125 
308
3 2346.75390625 172.30213928222656 2554.654296875 439.4559631347656 
3 2200.612060546875 146.5543670654297 2354.755126953125 398.62664794921875 
3 2200.380859375 149.01986694335938 2356.66943359375 397.59661865234375 
309
3 2343.22021484375 173.86001586914062 2554.112548828125 438.49774169921875 
3 2200.059814453125 155.78884887695312 2349.619384765625 398.866943359375 
310
3 2343.591064453125 177.6108856201172 2553.38671875 438.5385437011719 
3 2199.228759765625 157.0437774658203 2353.94921875 398.6369934082031 
311
3 2342.711669921875 176.41845703125 2553.2724609375 440.0836181640625 
3 2199.8193359375 162.85400390625 2349.026123046875 397.2095947265625 
312
3 2344.458251953125 181.0849609375 2551.08056640625 442.5654296875 
3 2199.055419921875 168.4775390625 2351.44140625 397.85723876953125 
313
3 2344.927001953125 181.09634399414062 2548.556884765625 444.2826232910156 
3 2200.78759765625 162.75840759277344 2355.39453125 395.82745361328125 
3 2200.621826171875 161.1933135986328 2354.24267578125 395.5032958984375 
314
3 2343.831787109375 184.9347381591797 2545.275634765625 447.50726318359375 
3 2202.158447265625 161.61917114257812 2358.572509765625 396.5146484375 
3 2201.903076171875 160.49168395996094 2357.787841796875 396.17193603515625 
315
3 2344.7138671875 185.61048889160156 2541.74658203125 450.88751220703125 
3 2201.839599609375 160.21438598632812 2360.9453125 394.575927734375 
3 2202.36767578125 161.60055541992188 2362.3046875 394.59619140625 
316
3 2342.27294921875 185.57064819335938 2538.15673828125 453.28765869140625 
3 2203.758544921875 160.36495971679688 2362.7900390625 392.3887939453125 
317
3 2340.454833984375 184.21774291992188 2535.155517578125 454.62701416015625 
3 2206.5107421875 158.8598175048828 2367.012939453125 391.777587890625 
318
3 2340.392333984375 184.38912963867188 2532.991943359375 454.6897888183594 
3 2206.9951171875 159.1842803955078 2369.839599609375 391.2004089355469 
319
3 2339.940185546875 183.678955078125 2529.6826171875 454.5738525390625 
3 2207.35302734375 158.22817993164062 2371.9169921875 386.91973876953125 
320
3 2340.247314453125 183.00115966796875 2528.772705078125 454.774169921875 
3 2219.509521484375 158.32989501953125 2372.548095703125 382.17047119140625 
321
3 2340.615966796875 181.6063995361328 2527.89599609375 454.65704345703125 
3 2224.21435546875 157.4298095703125 2375.07666015625 379.23687744140625 
3 1499.3416748046875 13.13076400756836 1557.52294921875 98.1412353515625 
322
3 2340.2431640625 179.93865966796875 2527.4169921875 454.71136474609375 
3 2227.278564453125 157.71282958984375 2377.4189453125 378.23974609375 
3 1499.6756591796875 14.58114242553711 1557.3878173828125 98.01237487792969 
323
3 2340.08349609375 178.6172332763672 2527.410400390625 454.4154357910156 
3 2231.619140625 158.96841430664062 2378.076416015625 377.3276062011719 
3 1501.0914306640625 12.51107406616211 1557.4039306640625 98.19367980957031 
324
3 2340.166748046875 176.8548583984375 2527.045166015625 457.82794189453125 
3 2235.73974609375 158.92465209960938 2380.17431640625 378.23980712890625 
3 1501.4588623046875 9.272388458251953 1557.61474609375 98.33982849121094 
325
3 2340.36328125 176.8582000732422 2526.547119140625 463.4960021972656 
3 2246.27490234375 156.55047607421875 2382.7998046875 378.6732177734375 
3 1503.875244140625 6.807487487792969 1558.208251953125 98.71749877929688 
326
3 2340.4970703125 176.69894409179688 2525.781005859375 469.66583251953125 
3 2247.496337890625 157.80914306640625 2383.25390625 379.45654296875 
3 1506.367919921875 6.861309051513672 1558.5157470703125 98.91009521484375 
327
3 2340.335205078125 177.04852294921875 2524.785888671875 477.28729248046875 
3 2248.554931640625 160.24273681640625 2384.599365234375 379.569091796875 
3 1510.7784423828125 7.172466278076172 1559.8016357421875 98.60440063476562 
328
3 2248.968017578125 160.07005310058594 2385.57470703125 378.76556396484375 
3 2340.25146484375 178.0936279296875 2523.40576171875 480.56842041015625 
3 1513.2913818359375 4.922611236572266 1560.53466796875 98.341796875 
329
3 2340.81982421875 180.8922119140625 2522.80615234375 485.82928466796875 
3 2249.58935546875 160.98751831054688 2386.44677734375 378.95745849609375 
3 1514.5145263671875 4.613117218017578 1561.1829833984375 98.27227783203125 
330
3 2250.8681640625 159.76708984375 2386.957275390625 379.6973571777344 
3 2342.02880859375 182.1085662841797 2521.53369140625 486.98388671875 
3 1516.450439453125 3.411510467529297 1560.655029296875 98.12985229492188 
331
3 2252.54248046875 158.71121215820312 2387.525390625 377.7168884277344 
3 2341.67236328125 184.70602416992188 2520.629150390625 487.21380615234375 
3 1515.88818359375 1.774627685546875 1561.95556640625 98.14871215820312 
332
3 2339.0947265625 186.9384765625 2520.122314453125 488.04595947265625 
3 2257.411865234375 158.56451416015625 2388.470947265625 377.5788879394531 
3 1516.4197998046875 1.09014892578125 1561.97998046875 98.22235107421875 
333
3 2336.386474609375 188.808349609375 2519.28466796875 490.0706787109375 
3 2261.929443359375 158.39004516601562 2389.017333984375 375.56396484375 
3 1516.281005859375 0.7222557067871094 1562.7989501953125 97.97232055664062 
334
3 2333.49951171875 191.44113159179688 2519.82373046875 491.22265625 
3 2270.865234375 155.50315856933594 2390.1103515625 374.66796875 
3 1519.743408203125 0.8644866943359375 1563.9027099609375 98.16790771484375 
335
3 2276.338623046875 156.36614990234375 2391.361328125 372.72393798828125 
3 2331.6318359375 192.93060302734375 2520.311767578125 498.57080078125 
3 1520.8489990234375 0.9435462951660156 1564.6612548828125 98.30575561523438 
336
3 2329.95556640625 193.25033569335938 2521.4072265625 499.61651611328125 
3 2280.025146484375 154.97695922851562 2391.97607421875 370.084716796875 
3 1521.3380126953125 0.6428909301757812 1564.7457275390625 98.67878723144531 
337
3 2329.040771484375 194.34799194335938 2523.358642578125 499.09686279296875 
3 2283.99365234375 153.08551025390625 2392.71435546875 367.1318054199219 
3 1524.1763916015625 0.39539337158203125 1565.6861572265625 98.66647338867188 
338
3 2328.91552734375 195.2489471435547 2524.191650390625 498.912841796875 
3 2285.026611328125 155.70620727539062 2393.38525390625 365.2715759277344 
3 1523.9140625 0.6024856567382812 1566.69140625 98.3680419921875 
339
3 2328.61181640625 194.82351684570312 2524.69677734375 498.8734130859375 
3 2284.164306640625 154.46597290039062 2394.381103515625 364.646240234375 
3 1524.251953125 0.5576591491699219 1566.5465087890625 98.24530029296875 
340
3 2328.284423828125 194.4225616455078 2524.94677734375 498.43408203125 
3 2283.5419921875 151.60098266601562 2395.59521484375 362.31500244140625 
3 1524.619873046875 0.5272674560546875 1566.6258544921875 98.51138305664062 
341
3 2327.029296875 192.33755493164062 2525.066650390625 498.3524169921875 
3 2283.275390625 151.52200317382812 2396.3076171875 359.7284851074219 
3 1524.7286376953125 0.6214332580566406 1566.46240234375 98.52005004882812 
342
3 2319.79150390625 190.80934143066406 2525.2587890625 498.437255859375 
3 2283.44970703125 150.19187927246094 2397.08837890625 358.3040466308594 
3 1524.797119140625 0.6290740966796875 1567.24267578125 98.65081787109375 
343
3 2309.801025390625 190.06863403320312 2524.505615234375 498.539794921875 
3 2282.677978515625 148.67694091796875 2398.662841796875 355.52545166015625 
3 1524.635498046875 0.5597801208496094 1566.890625 98.94729614257812 
344
3 2297.234130859375 188.54925537109375 2523.291259765625 498.69366455078125 
3 2283.162109375 149.500732421875 2400.226318359375 356.3411560058594 
3 1524.61279296875 0.5741653442382812 1566.5113525390625 99.06463623046875 
345
3 2287.298095703125 188.04296875 2522.45458984375 499.705078125 
3 2282.583251953125 151.49581909179688 2400.1455078125 355.38018798828125 
3 1524.8126220703125 0.5851402282714844 1565.2174072265625 99.34478759765625 
346
3 2275.3857421875 187.107177734375 2520.84423828125 498.08587646484375 
3 2281.96875 151.99020385742188 2401.345458984375 354.99615478515625 
3 1524.7459716796875 0.6355514526367188 1565.0228271484375 99.152587890625 
347
3 2264.9541015625 187.17779541015625 2519.236328125 499.1871337890625 
3 2281.894775390625 157.48678588867188 2401.717529296875 354.32122802734375 
3 1524.58740234375 0.92779541015625 1564.96728515625 98.86614990234375 
348
3 2251.2373046875 187.83624267578125 2516.9287109375 499.3795166015625 
3 2282.85107421875 157.61111450195312 2402.0634765625 354.56793212890625 
3 1524.58251953125 1.0819358825683594 1564.1314697265625 98.63813781738281 
349
3 2245.076171875 188.91299438476562 2513.737548828125 499.107666015625 
3 2282.20458984375 156.2426300048828 2402.643798828125 354.9087829589844 
3 1524.665771484375 0.9890670776367188 1563.4619140625 98.68537902832031 
350
3 2240.383056640625 190.36044311523438 2510.93701171875 499.748291015625 
3 2282.426025390625 154.93772888183594 2404.011962890625 353.89434814453125 
3 1524.6077880859375 0.9293365478515625 1563.161865234375 98.68611145019531 
351
3 2244.69921875 191.20985412597656 2506.953369140625 499.87939453125 
3 2284.07470703125 156.7529296875 2403.292236328125 352.7516174316406 
3 1524.4404296875 0.8474960327148438 1563.2354736328125 98.91275024414062 
352
3 2244.801025390625 191.61126708984375 2503.884765625 500.48828125 
3 2285.115966796875 159.49490356445312 2403.641357421875 350.97540283203125 
3 1524.669677734375 0.5666427612304688 1562.98388671875 99.1728515625 
353
3 2244.99560546875 192.66567993164062 2501.04248046875 501.8448486328125 
3 2289.846923828125 160.98553466796875 2404.933349609375 349.2301025390625 
3 1524.716064453125 0.2580680847167969 1562.6046142578125 99.29269409179688 
354
3 2244.0888671875 193.87530517578125 2496.748779296875 507.42578125 
3 2290.508544921875 156.8555145263672 2408.048095703125 346.8984680175781 
3 1524.434326171875 0.1667022705078125 1562.2349853515625 99.26341247558594 
355
3 2241.105224609375 194.01223754882812 2492.08203125 511.49951171875 
3 2289.03271484375 158.9840545654297 2408.469482421875 342.79052734375 
3 1524.6038818359375 0.0 1561.785888671875 99.67279052734375 
356
3 2240.97607421875 192.8280029296875 2488.264892578125 512.2099609375 
3 2288.8544921875 153.11509704589844 2409.53076171875 339.8984375 
3 1524.2447509765625 0.0 1561.737060546875 99.53874206542969 
357
3 2242.3330078125 192.329345703125 2485.35498046875 513.1331787109375 
3 2289.490966796875 154.7823486328125 2412.141357421875 338.5771179199219 
3 1523.4366455078125 0.225921630859375 1561.905029296875 98.95462036132812 
3 2290.91796875 152.42807006835938 2411.798095703125 259.7274169921875 
358
3 2242.42236328125 189.61614990234375 2482.200927734375 513.380126953125 
3 1523.076904296875 0.1896514892578125 1562.0606689453125 98.67861938476562 
3 2294.62841796875 152.67893981933594 2412.73486328125 338.66943359375 
3 2292.342041015625 149.50686645507812 2413.064208984375 255.01348876953125 
359
3 2243.04150390625 189.75723266601562 2478.78271484375 513.1106567382812 
3 1522.864990234375 0.21008682250976562 1561.043701171875 98.73626708984375 
3 2298.10546875 150.34060668945312 2413.232177734375 356.694091796875 
360
3 2242.141845703125 188.7515869140625 2476.077392578125 513.962646484375 
3 1522.723876953125 0.3406715393066406 1560.525390625 98.92524719238281 
3 2292.922607421875 148.19866943359375 2411.531494140625 253.052978515625 
361
3 2242.5146484375 187.72760009765625 2475.08203125 513.8613891601562 
3 1522.1302490234375 0.578460693359375 1560.753173828125 98.80975341796875 
3 2295.32763671875 152.77394104003906 2411.60791015625 360.8604736328125 
3 2290.73291015625 148.3004608154297 2412.60498046875 363.2314147949219 
3 2293.537353515625 148.76979064941406 2411.91357421875 254.57000732421875 
362
3 2242.33837890625 186.38076782226562 2473.83447265625 513.81884765625 
3 1521.84765625 1.13885498046875 1560.9715576171875 98.8883056640625 
3 2294.35302734375 153.989501953125 2411.58984375 256.3014221191406 
3 2294.325439453125 158.8341827392578 2410.989013671875 357.3885803222656 
363
3 2242.644287109375 186.28314208984375 2473.494140625 516.717529296875 
3 1521.9111328125 0.9730186462402344 1561.0946044921875 98.84510803222656 
364
3 2242.02734375 186.52276611328125 2473.358154296875 524.3853759765625 
3 1521.427978515625 0.66912841796875 1560.4873046875 98.84152221679688 
365
3 2242.8525390625 186.8109130859375 2472.22607421875 534.6542358398438 
3 1519.8468017578125 0.5582847595214844 1560.55712890625 98.67288208007812 
366
3 2223.2138671875 186.36541748046875 2471.3427734375 562.6744995117188 
3 1518.8466796875 0.6147842407226562 1560.76904296875 98.66375732421875 
367
3 2216.184814453125 188.05323791503906 2470.435546875 556.4795532226562 
3 1518.2138671875 0.5340499877929688 1560.88134765625 98.81671142578125 
3 2321.0146484375 157.517578125 2409.76708984375 250.0081787109375 
368
3 2225.21728515625 190.66152954101562 2470.32763671875 559.4266967773438 
3 1518.384033203125 0.9073257446289062 1561.1055908203125 98.84219360351562 
369
3 2216.099853515625 193.0801544189453 2470.556884765625 559.26416015625 
3 1518.1573486328125 1.2085762023925781 1561.236083984375 98.85983276367188 
370
3 2215.6123046875 194.85101318359375 2471.125 562.232666015625 
3 1517.664306640625 1.6281204223632812 1561.028076171875 98.9910888671875 
3 2326.21923828125 155.07382202148438 2411.720703125 245.3460693359375 
371
3 2226.7255859375 192.55569458007812 2470.135498046875 564.2440795898438 
3 1516.8935546875 1.4111442565917969 1560.9815673828125 99.29022216796875 
372
3 2214.484130859375 198.10397338867188 2470.04541015625 565.6451416015625 
3 1516.2415771484375 1.2037200927734375 1560.9896240234375 99.36190795898438 
373
3 2212.74560546875 203.43296813964844 2471.41552734375 568.227294921875 
3 1516.0155029296875 0.8981094360351562 1560.9412841796875 99.5284423828125 
3 2326.364501953125 148.4193115234375 2417.515869140625 254.44561767578125 
374
3 2217.212890625 204.853515625 2473.021728515625 572.4893188476562 
3 1516.1766357421875 0.894927978515625 1561.0072021484375 99.65359497070312 
3 2332.385009765625 147.98907470703125 2418.1279296875 255.2470703125 
375
3 2217.254638671875 206.87857055664062 2474.62646484375 573.7059326171875 
3 1516.696533203125 0.9797592163085938 1561.163330078125 99.45602416992188 
3 2331.7001953125 146.3319091796875 2418.339599609375 254.41552734375 
376
3 2216.7216796875 206.943115234375 2476.820556640625 575.5485229492188 
3 1516.9813232421875 0.889739990234375 1561.1768798828125 99.34677124023438 
3 2334.685791015625 147.48760986328125 2418.11279296875 253.82437133789062 
377
3 2216.65625 206.92236328125 2478.2578125 575.6689453125 
3 1517.29833984375 0.7949752807617188 1561.332763671875 99.41377258300781 
3 2336.224853515625 148.35928344726562 2417.975830078125 253.24249267578125 
378
3 2216.7939453125 205.83981323242188 2478.628173828125 575.4251098632812 
3 1517.9864501953125 1.0959281921386719 1561.5299072265625 99.23612976074219 
379
3 2216.09228515625 204.6731414794922 2478.932373046875 575.3931274414062 
3 1518.0374755859375 1.0764923095703125 1561.6959228515625 99.089111328125 
380
3 2215.8330078125 202.44361877441406 2478.48095703125 575.219482421875 
3 1519.02880859375 0.9114036560058594 1561.6485595703125 98.93070983886719 
381
3 2209.2080078125 201.6284637451172 2478.018798828125 575.09521484375 
3 1519.350341796875 0.5255126953125 1561.576171875 98.76495361328125 
382
3 2193.965087890625 199.36734008789062 2475.2060546875 575.3349609375 
3 1519.831787109375 0.6312484741210938 1561.3406982421875 98.673583984375 
383
3 2180.16357421875 194.88059997558594 2473.8876953125 574.9938354492188 
3 1519.65087890625 0.4735984802246094 1561.0316162109375 98.66230773925781 
384
3 2165.823486328125 198.1619873046875 2472.078857421875 574.2406616210938 
3 1520.400634765625 0.487884521484375 1561.2171630859375 98.52049255371094 
385
3 2150.47705078125 200.1276092529297 2470.629150390625 573.8525390625 
3 1520.95068359375 0.4216270446777344 1561.83837890625 98.64144897460938 
386
3 2137.726806640625 202.51380920410156 2467.03076171875 574.3631591796875 
3 1521.4244384765625 0.8896064758300781 1563.1610107421875 98.59367370605469 
387
3 2132.98193359375 201.2799530029297 2462.89306640625 577.8139038085938 
3 1521.4344482421875 0.9308395385742188 1564.3729248046875 98.67367553710938 
388
3 2140.2578125 206.28121948242188 2458.29296875 583.9287719726562 
3 1521.550048828125 0.7070274353027344 1565.20263671875 98.52897644042969 
3 2341.663330078125 149.94796752929688 2429.521240234375 253.84078979492188 
389
3 2141.75 208.921630859375 2453.09228515625 589.505126953125 
3 1521.84521484375 0.9044265747070312 1566.3294677734375 98.63136291503906 
3 2342.525390625 148.119140625 2432.89501953125 257.1882629394531 
390
3 2140.239501953125 206.4449005126953 2450.4365234375 594.656982421875 
3 1521.896240234375 1.1107215881347656 1565.017822265625 98.77584838867188 
391
3 2132.650634765625 203.4200897216797 2445.649169921875 601.6646728515625 
3 1522.540771484375 0.7524070739746094 1565.660400390625 98.91793823242188 
392
3 2118.857177734375 209.44439697265625 2443.068359375 607.7066040039062 
3 1523.2744140625 0.6808929443359375 1567.62060546875 98.68510437011719 
393
3 2117.058349609375 211.05641174316406 2438.5576171875 618.6285400390625 
3 1523.207763671875 0.9030685424804688 1568.5506591796875 98.65704345703125 
394
3 2115.17236328125 211.163818359375 2431.482421875 620.8875732421875 
3 1523.8443603515625 1.1328582763671875 1569.1060791015625 98.66624450683594 
395
3 2115.807373046875 209.03814697265625 2425.891357421875 619.7403564453125 
3 1524.152099609375 1.4592857360839844 1570.1771240234375 98.73788452148438 
3 2363.99609375 153.3626708984375 2438.864990234375 244.18695068359375 
396
3 2115.584228515625 207.98529052734375 2422.42578125 619.4638061523438 
3 1523.96826171875 1.2453117370605469 1570.8760986328125 98.73822021484375 
3 2365.03515625 163.4547119140625 2438.160888671875 244.9248046875 
397
3 2115.403564453125 203.50511169433594 2418.90283203125 619.0271606445312 
3 1523.593994140625 0.9008255004882812 1569.7537841796875 98.86135864257812 
3 2367.5 161.03717041015625 2439.226806640625 245.89407348632812 
398
3 2115.714599609375 204.43504333496094 2417.633544921875 619.0823974609375 
3 1523.5714111328125 1.0698165893554688 1570.1107177734375 98.84857177734375 
3 2367.722412109375 156.253173828125 2439.705078125 248.50213623046875 
399
3 2115.7080078125 201.88665771484375 2416.71337890625 619.2159423828125 
3 1523.3760986328125 1.2562942504882812 1570.5499267578125 98.6900634765625 
3 2366.001220703125 152.129638671875 2440.672119140625 284.98931884765625 
400
3 2116.060546875 200.54083251953125 2415.850830078125 619.2315673828125 
3 1523.4390869140625 1.3721046447753906 1571.84130859375 98.64425659179688 
3 2368.89892578125 151.602783203125 2441.312744140625 283.2606506347656 
401
3 2116.22412109375 199.51004028320312 2415.167724609375 622.068603515625 
3 1523.523681640625 1.435302734375 1572.5965576171875 98.62936401367188 
402
3 2116.57666015625 197.16555786132812 2413.62451171875 634.7384643554688 
3 1523.487548828125 1.5259170532226562 1572.9759521484375 98.57015991210938 
403
3 2115.693115234375 199.43701171875 2409.02880859375 649.0830688476562 
3 1523.4473876953125 1.6097602844238281 1572.926513671875 98.4932861328125 
3 2361.79833984375 148.95327758789062 2444.322998046875 293.96978759765625 
404
3 2115.91259765625 200.5589599609375 2404.803955078125 664.2008056640625 
3 1523.8258056640625 1.808135986328125 1572.7689208984375 98.38273620605469 
405
3 2118.577392578125 202.64337158203125 2400.749267578125 677.3709716796875 
3 1523.75439453125 1.8578300476074219 1573.172607421875 98.37477111816406 
406
3 2105.371337890625 204.42742919921875 2396.73095703125 687.8885498046875 
3 1523.8409423828125 1.9169464111328125 1573.6689453125 98.33856201171875 
407
3 2089.4091796875 210.171875 2393.009521484375 694.0630493164062 
3 1523.6427001953125 2.029834747314453 1574.1929931640625 98.45071411132812 
408
3 2075.15673828125 214.20721435546875 2388.217041015625 696.652099609375 
3 1523.147705078125 1.9923629760742188 1574.321044921875 98.45135498046875 
409
3 2063.289306640625 218.32534790039062 2384.357421875 699.2994384765625 
3 1523.193115234375 2.103221893310547 1574.464111328125 98.44528198242188 
3 2362.335205078125 144.11776733398438 2454.74072265625 294.5814208984375 
410
3 2046.194091796875 222.3580322265625 2381.484130859375 701.9283447265625 
3 1523.091064453125 2.01129150390625 1574.3695068359375 98.46002197265625 
411
2 2032.1905517578125 200.25482177734375 2380.575927734375 703.28466796875 
3 2362.377197265625 148.1427001953125 2459.4013671875 292.9735412597656 
3 1523.4278564453125 1.9199638366699219 1574.1441650390625 98.49708557128906 
412
2 2025.260009765625 199.03759765625 2377.783203125 709.0638427734375 
3 1523.5711669921875 1.7319450378417969 1573.81103515625 98.60377502441406 
3 2364.846923828125 148.114501953125 2460.630126953125 291.8963928222656 
413
2 2021.891845703125 201.07574462890625 2375.4677734375 709.7506103515625 
3 1523.645751953125 1.5403518676757812 1573.580322265625 98.66647338867188 
3 2366.700927734375 150.01708984375 2462.259521484375 291.25042724609375 
414
2 2021.821533203125 182.46429443359375 2372.8046875 709.9921875 
3 1523.624755859375 1.5214042663574219 1573.2796630859375 98.61737060546875 
415
2 2021.980224609375 182.39129638671875 2371.486083984375 710.4300537109375 
3 1523.51904296875 1.5790977478027344 1573.312255859375 98.566650390625 
3 2364.0810546875 155.564208984375 2462.4150390625 290.5201110839844 
416
2 2021.9381103515625 213.49002075195312 2369.424072265625 710.16796875 
3 2363.844482421875 156.0445556640625 2463.8359375 291.8863830566406 
3 1523.714599609375 1.6234207153320312 1573.1353759765625 98.45648193359375 
417
2 2022.244140625 181.15655517578125 2367.208984375 710.0072021484375 
3 2363.36083984375 155.57180786132812 2465.5703125 291.5141296386719 
3 1523.720458984375 1.6543197631835938 1573.10205078125 98.45811462402344 
418
2 2022.1097412109375 201.93710327148438 2366.463623046875 709.9686279296875 
3 2366.410400390625 155.79580688476562 2468.103271484375 291.2273254394531 
3 1523.6444091796875 1.7108383178710938 1572.966796875 98.55271911621094 
419
2 2021.9254150390625 210.63385009765625 2362.896728515625 709.3740234375 
3 2370.744873046875 156.32257080078125 2469.28076171875 291.1256408691406 
3 1523.681640625 1.7350730895996094 1572.691162109375 98.66165161132812 
420
2 2007.508544921875 202.46847534179688 2359.675048828125 709.181884765625 
3 2371.58349609375 154.37548828125 2472.936767578125 290.0203857421875 
3 1523.4862060546875 1.4909896850585938 1572.5350341796875 98.76109313964844 
421
2 1976.7880859375 208.15997314453125 2354.828125 708.7698974609375 
3 1523.425048828125 1.4822311401367188 1572.534423828125 98.75297546386719 
422
2 1944.9561767578125 207.93597412109375 2349.995361328125 709.1021728515625 
3 1523.4835205078125 1.4487876892089844 1572.2025146484375 98.74285888671875 
3 2379.468505859375 151.07447814941406 2479.365966796875 289.27734375 
423
2 1912.9996337890625 210.00619506835938 2343.3671875 708.9408569335938 
3 1523.023681640625 1.617462158203125 1572.424560546875 98.65142822265625 
3 2381.2958984375 151.45989990234375 2483.825927734375 288.66107177734375 
424
2 1883.5296630859375 211.9786376953125 2335.881591796875 709.5902099609375 
3 1523.0115966796875 1.5893630981445312 1572.378662109375 98.60237121582031 
425
2 1859.723876953125 213.76910400390625 2327.1005859375 711.2655639648438 
3 1522.9044189453125 1.563629150390625 1572.580078125 98.81752014160156 
426
2 1840.3240966796875 215.72906494140625 2318.303955078125 716.7971801757812 
3 1522.9871826171875 1.4163932800292969 1572.090576171875 98.91110229492188 
427
2 1830.2471923828125 218.911376953125 2310.77197265625 724.6912841796875 
3 1523.072509765625 1.4354171752929688 1572.54638671875 99.04374694824219 
428
1 1824.877685546875 222.72402954101562 2299.03564453125 731.3314208984375 
3 1523.026123046875 1.4280204772949219 1572.6746826171875 99.02717590332031 
429
1 1821.48876953125 223.48226928710938 2289.695556640625 738.0460815429688 
3 1523.0068359375 1.399322509765625 1572.999267578125 98.96200561523438 
430
1 1815.226318359375 224.088623046875 2276.95654296875 748.2139282226562 
3 1523.1187744140625 1.3413200378417969 1572.9102783203125 99.00738525390625 
431
1 1812.782470703125 220.36178588867188 2265.41357421875 752.5944213867188 
3 1523.05908203125 1.3225479125976562 1573.1151123046875 99.03349304199219 
432
1 1811.52001953125 219.54193115234375 2254.139892578125 757.39013671875 
3 1523.0311279296875 1.2607536315917969 1573.272705078125 99.10752868652344 
3 2402.006103515625 156.10935974121094 2488.666259765625 289.1368408203125 
433
1 1810.879638671875 215.7940673828125 2242.887939453125 756.710693359375 
3 2401.981201171875 157.6575469970703 2489.31494140625 288.89263916015625 
3 1523.0169677734375 1.1849937438964844 1573.3155517578125 99.01716613769531 
434
1 1810.62744140625 213.37655639648438 2234.406982421875 755.9940795898438 
3 1523.127685546875 1.0355453491210938 1573.2928466796875 99.03755187988281 
3 2403.48876953125 155.73275756835938 2490.374267578125 290.04833984375 
435
1 1810.124267578125 212.32730102539062 2227.237060546875 756.3069458007812 
3 1523.211669921875 1.1467742919921875 1573.3453369140625 99.0443115234375 
3 2406.099365234375 155.46340942382812 2492.465576171875 290.33453369140625 
436
1 1810.542724609375 212.15753173828125 2219.331787109375 756.7633056640625 
3 1523.160888671875 1.0934562683105469 1573.0509033203125 99.10911560058594 
3 2413.240966796875 156.22457885742188 2494.1923828125 289.9261474609375 
437
1 1810.197265625 210.16796875 2214.030029296875 756.0982055664062 
3 1523.1015625 0.9228286743164062 1572.9376220703125 99.10511779785156 
438
1 1810.24560546875 209.2769775390625 2206.921875 763.791015625 
3 1523.0767822265625 0.94287109375 1573.0772705078125 99.08145141601562 
439
1 1810.03662109375 209.46417236328125 2201.3740234375 781.7576904296875 
3 1523.19677734375 0.9621620178222656 1573.018798828125 98.97293090820312 
440
1 1809.31982421875 211.77008056640625 2192.79736328125 802.634033203125 
3 1523.134521484375 1.0085372924804688 1572.9775390625 98.918701171875 
441
1 1809.2078857421875 215.0740966796875 2182.930419921875 822.3926391601562 
3 1523.108154296875 0.9963188171386719 1573.0067138671875 98.94154357910156 
3 2419.813720703125 152.30320739746094 2499.33154296875 286.1531066894531 
442
1 1769.400390625 217.83404541015625 2170.6240234375 842.3493041992188 
3 1523.076416015625 1.0076789855957031 1572.99853515625 98.85792541503906 
3 2419.798095703125 152.59771728515625 2501.192626953125 286.56976318359375 
443
1 1730.433349609375 224.51617431640625 2159.350341796875 856.23095703125 
3 1523.078857421875 1.0576629638671875 1573.0892333984375 98.88778686523438 
3 2419.65234375 152.78555297851562 2503.166748046875 286.58135986328125 
444
1 1693.61767578125 228.86541748046875 2145.609130859375 866.404296875 
3 1523.0654296875 1.1396141052246094 1573.025634765625 98.88449096679688 
3 2419.863037109375 152.54837036132812 2502.73486328125 286.00946044921875 
445
1 1668.4501953125 238.58831787109375 2132.481689453125 866.7540283203125 
3 2421.061767578125 154.15357971191406 2503.02587890625 283.961181640625 
3 1522.864990234375 1.2268486022949219 1572.99658203125 98.86746215820312 
446
1 1643.6864013671875 243.6358642578125 2119.056396484375 869.1704711914062 
3 1523.0709228515625 1.2430267333984375 1572.996826171875 98.77462768554688 
3 2420.5751953125 153.1169891357422 2506.00048828125 283.2952880859375 
447
1 1627.77001953125 249.77734375 2105.990234375 872.1004028320312 
3 1523.0631103515625 1.4080657958984375 1573.157958984375 98.78140258789062 
3 2421.095703125 149.91168212890625 2510.31103515625 283.1641845703125 
448
1 1613.522216796875 253.59823608398438 2095.773681640625 877.3198852539062 
3 1522.94677734375 1.585723876953125 1573.183837890625 98.82257080078125 
3 2420.9189453125 150.9009552001953 2509.935791015625 283.0200500488281 
449
1 1607.2353515625 256.67919921875 2083.371337890625 883.0904541015625 
3 2421.310791015625 150.57850646972656 2509.934326171875 283.36376953125 
3 1522.8818359375 1.2644577026367188 1573.270751953125 98.83488464355469 
450
1 1607.99755859375 256.7337646484375 2072.56787109375 883.42138671875 
3 1523.246826171875 1.1084365844726562 1573.0361328125 98.99160766601562 
3 2423.293212890625 149.41067504882812 2512.948974609375 282.4403076171875 
451
1 1607.059326171875 257.2485046386719 2060.11279296875 884.1949462890625 
3 1522.770263671875 1.3016586303710938 1573.2685546875 98.8848876953125 
3 2424.83544921875 152.48562622070312 2514.916259765625 282.130126953125 
452
1 1606.2796630859375 256.4706115722656 2048.7724609375 884.1788330078125 
3 1522.542724609375 1.6554679870605469 1573.483642578125 98.71786499023438 
3 2425.195068359375 151.72943115234375 2513.43505859375 283.5730285644531 
453
1 1606.5377197265625 254.56072998046875 2038.475341796875 885.093017578125 
3 1522.471435546875 1.486083984375 1573.551025390625 98.73832702636719 
3 2424.826904296875 149.6688232421875 2514.061279296875 283.12078857421875 
454
1 1605.2005615234375 251.3565673828125 2028.216796875 884.9077758789062 
3 1522.5789794921875 1.3921470642089844 1573.660400390625 98.737548828125 
3 2428.577392578125 147.47824096679688 2516.665771484375 280.84722900390625 
455
1 1605.8372802734375 245.65338134765625 2016.8780517578125 884.5025634765625 
3 1522.47509765625 1.4213027954101562 1573.517578125 98.6607666015625 
3 2429.985595703125 149.70309448242188 2514.61083984375 280.3846130371094 
456
1 1593.8123779296875 242.15444946289062 2003.78466796875 884.6880493164062 
3 1522.56884765625 1.5245933532714844 1573.550537109375 98.65385437011719 
3 2431.001953125 150.2001953125 2515.835693359375 280.0811462402344 
457
1 1570.0386962890625 238.51852416992188 1988.11474609375 884.244873046875 
3 1522.54052734375 1.5787506103515625 1573.287109375 98.64974975585938 
458
1 1548.119873046875 235.99676513671875 1973.72412109375 884.5609741210938 
3 1522.517333984375 1.637054443359375 1573.31494140625 98.63653564453125 
459
1 1510.7784423828125 237.73797607421875 1955.003662109375 884.74072265625 
3 1522.8458251953125 1.72613525390625 1573.525146484375 98.51718139648438 
460
1 1446.89208984375 240.17257690429688 1935.882568359375 884.8848876953125 
3 1523.0125732421875 1.731719970703125 1573.742919921875 98.5025634765625 
461
1 1400.876953125 243.165771484375 1916.5072021484375 882.7396850585938 
3 1522.923828125 1.9237709045410156 1573.59130859375 98.52194213867188 
462
1 1352.0205078125 245.71505737304688 1898.58203125 885.636962890625 
3 1522.968505859375 2.1399078369140625 1573.7862548828125 98.57252502441406 
463
0 1306.743408203125 251.4915771484375 1880.06640625 892.7928466796875 
3 1522.94384765625 2.084453582763672 1573.861083984375 98.44503784179688 
464
0 1276.9029541015625 261.2304382324219 1858.955322265625 902.3780517578125 
3 1522.95361328125 2.1117477416992188 1573.8824462890625 98.53472900390625 
465
0 1271.7335205078125 268.44122314453125 1836.237060546875 911.5382690429688 
3 1522.485107421875 2.0570945739746094 1574.1551513671875 98.74954223632812 
466
0 1265.84716796875 273.7080078125 1810.0771484375 921.4493408203125 
3 1522.2972412109375 2.0037765502929688 1574.1927490234375 98.74140930175781 
467
0 1252.2315673828125 277.910400390625 1781.0662841796875 925.4249877929688 
3 1522.4559326171875 2.0790176391601562 1573.8797607421875 98.39376831054688 
468
0 1252.083984375 277.3096618652344 1747.315185546875 935.0572509765625 
3 1522.3486328125 2.2662887573242188 1574.1480712890625 98.45501708984375 
469
0 1248.437255859375 277.72723388671875 1713.83203125 937.6546020507812 
3 1522.3248291015625 2.3254241943359375 1574.2340087890625 98.55130004882812 
470
0 1248.258544921875 276.5497741699219 1686.59716796875 937.6512451171875 
3 1522.3389892578125 2.6745872497558594 1574.264404296875 98.45695495605469 
471
0 1248.669677734375 278.4586486816406 1666.59619140625 937.997802734375 
3 1522.3525390625 2.7304229736328125 1574.3297119140625 98.48162841796875 
472
0 1248.586669921875 277.5051574707031 1637.080078125 937.5320434570312 
3 1522.3856201171875 2.7463455200195312 1574.3345947265625 98.41497802734375 
473
0 1248.178955078125 272.67169189453125 1609.8681640625 937.6943359375 
3 1522.2987060546875 2.916362762451172 1574.339111328125 98.44923400878906 
474
0 1241.839599609375 269.9161071777344 1592.0263671875 940.287353515625 
3 1522.81591796875 2.8798980712890625 1574.2071533203125 98.3934326171875 
475
0 1213.8076171875 271.75689697265625 1569.9124755859375 959.5337524414062 
3 1522.861328125 2.8891563415527344 1573.993408203125 98.42730712890625 
476
0 1184.6478271484375 274.4711608886719 1548.3963623046875 987.019775390625 
3 1522.941162109375 2.8836135864257812 1573.8109130859375 98.35049438476562 
477
0 1152.0772705078125 278.3268737792969 1524.218017578125 1009.18310546875 
3 1523.04541015625 2.8118972778320312 1573.8275146484375 98.47305297851562 
478
0 1118.0986328125 283.25042724609375 1498.05419921875 1031.765869140625 
3 1523.2000732421875 2.607269287109375 1573.841064453125 98.56591796875 
479
3 1084.8408203125 293.8683776855469 1469.529541015625 1048.519287109375 
3 1523.2984619140625 2.357707977294922 1573.7752685546875 98.59878540039062 
480
3 1049.8629150390625 303.0654602050781 1441.2054443359375 1063.644775390625 
3 1522.8331298828125 2.4007339477539062 1574.4404296875 98.87419128417969 
481
3 1005.904541015625 320.70745849609375 1410.660400390625 1070.6195068359375 
3 1522.8916015625 2.168445587158203 1574.3284912109375 98.86090087890625 
482
3 950.0249633789062 334.1011047363281 1399.5849609375 1070.531982421875 
3 1522.8271484375 1.9293632507324219 1574.0791015625 98.82211303710938 
483
3 918.2548217773438 352.3695373535156 1396.80615234375 1071.39794921875 
3 1523.0640869140625 1.9274101257324219 1574.38232421875 98.88406372070312 
484
3 898.75732421875 366.10882568359375 1392.492431640625 1071.69873046875 
3 1522.9085693359375 1.8671417236328125 1574.43017578125 98.85171508789062 
485
3 859.5596923828125 381.13299560546875 1388.664306640625 1070.97119140625 
3 1522.8565673828125 1.7787933349609375 1574.6171875 98.795654296875 
486
3 817.5618286132812 395.5028076171875 1382.314697265625 1069.5531005859375 
3 1522.7713623046875 1.7129135131835938 1574.674072265625 98.82351684570312 
487
3 776.0238037109375 405.05194091796875 1375.56640625 1070.214111328125 
3 1522.9024658203125 1.6747932434082031 1574.672119140625 98.79975891113281 
488
3 733.550537109375 413.2511901855469 1352.280029296875 1070.5302734375 
3 1522.9466552734375 1.7186088562011719 1574.84423828125 98.84619140625 
489
3 693.065185546875 422.67047119140625 1320.871826171875 1070.91650390625 
3 1522.896240234375 1.6728363037109375 1574.9395751953125 98.91671752929688 
490
3 647.6087646484375 426.7761535644531 1281.3763427734375 1071.127197265625 
3 1522.7215576171875 1.6922149658203125 1575.0594482421875 98.910400390625 
491
3 605.312744140625 429.99420166015625 1240.8134765625 1070.20068359375 
3 1522.7635498046875 1.8588943481445312 1575.0137939453125 98.98515319824219 
492
3 563.08642578125 430.8152160644531 1175.048828125 1070.444091796875 
3 1522.73681640625 1.8416748046875 1574.7818603515625 98.96481323242188 
493
3 523.5247802734375 428.751708984375 1128.514892578125 1070.406982421875 
3 1522.852783203125 1.9895668029785156 1574.6314697265625 98.97946166992188 
494
3 483.3564453125 432.0579833984375 1078.22021484375 1072.20947265625 
3 1522.8326416015625 2.2175750732421875 1574.8375244140625 98.99273681640625 
495
3 442.94366455078125 434.6874084472656 1045.42431640625 1073.6077880859375 
3 1522.88818359375 2.540924072265625 1575.045654296875 99.17230224609375 
496
3 403.7112121582031 436.7457580566406 1045.2249755859375 1074.13330078125 
3 1522.9666748046875 2.6443710327148438 1574.9935302734375 99.12353515625 
497
3 366.9158935546875 444.0408935546875 1044.2689208984375 1072.79150390625 
3 1522.9471435546875 2.6189041137695312 1575.088623046875 99.18801879882812 
498
3 330.1904602050781 453.540771484375 1043.706298828125 1069.8111572265625 
3 1522.878173828125 2.616790771484375 1575.1981201171875 99.16253662109375 
499
3 296.8321533203125 466.7822570800781 1043.298583984375 1070.57373046875 
3 1523.1007080078125 2.7041893005371094 1575.242431640625 99.11581420898438 
500
3 262.65777587890625 478.03515625 1041.5972900390625 1069.785888671875 
3 1523.268310546875 2.579906463623047 1575.303466796875 98.71044921875 
501
3 229.35638427734375 492.43798828125 1041.0567626953125 1073.11474609375 
3 1523.2884521484375 2.6650619506835938 1575.2874755859375 98.63960266113281 
502
3 197.1038818359375 505.89276123046875 1041.561767578125 1073.6373291015625 
3 1523.18798828125 2.6337890625 1575.1590576171875 98.67640686035156 
503
3 167.13494873046875 517.7159423828125 1040.11181640625 1073.493408203125 
3 1523.240966796875 2.5956268310546875 1575.169189453125 98.62582397460938 
504
3 135.82440185546875 527.3040161132812 1039.0589599609375 1071.84912109375 
3 1523.4920654296875 2.518543243408203 1575.2025146484375 98.635009765625 
505
3 105.072998046875 534.90771484375 1026.679931640625 1071.9844970703125 
3 1523.6641845703125 2.2565879821777344 1575.06494140625 98.60977172851562 
3 2446.99462890625 146.68017578125 2519.607421875 256.6069030761719 
506
3 72.43966674804688 540.3723754882812 1006.9742431640625 1071.96240234375 
3 1523.830078125 2.1710433959960938 1575.160888671875 98.57098388671875 
507
3 42.21112060546875 542.984130859375 982.326171875 1071.0601806640625 
3 1523.8228759765625 2.0159454345703125 1575.23974609375 98.6087646484375 
508
3 14.817718505859375 545.5686645507812 942.1046142578125 1071.822021484375 
3 1523.784423828125 1.9752311706542969 1575.292236328125 98.73907470703125 
509
3 0.90606689453125 548.0751953125 906.91748046875 1071.984375 
3 1523.5548095703125 1.9660682678222656 1575.372314453125 98.67486572265625 
510
3 1.3729248046875 550.0819702148438 855.5042114257812 1073.930908203125 
3 1523.5335693359375 2.0530242919921875 1575.475341796875 98.71524047851562 
511
3 1.247283935546875 552.9222412109375 811.196044921875 1073.888916015625 
3 1523.50830078125 2.0524520874023438 1575.4949951171875 98.73262023925781 
512
3 1.213165283203125 556.6205444335938 774.888671875 1072.812744140625 
3 1523.4510498046875 2.0596466064453125 1575.5615234375 98.74636840820312 
513
2 0.865234375 565.8742065429688 717.656494140625 1071.508056640625 
3 1523.7271728515625 2.035717010498047 1575.299560546875 98.73748779296875 
514
2 0.0 580.7120361328125 671.3583984375 1073.717529296875 
3 1523.633544921875 2.0321807861328125 1575.614501953125 98.71444702148438 
515
2 0.0 598.7836303710938 672.6165771484375 1072.7161865234375 
3 1523.571533203125 2.0143203735351562 1575.6759033203125 98.7369384765625 
516
2 0.0 626.8540649414062 673.3046875 1072.8184814453125 
3 1523.5513916015625 2.071269989013672 1575.683837890625 98.72897338867188 
517
2 0.0 663.5711059570312 673.0767822265625 1074.561767578125 
3 1523.4825439453125 2.132312774658203 1575.7283935546875 98.74609375 
518
2 0.07843017578125 690.7023315429688 672.8203125 1074.3341064453125 
3 1523.57958984375 2.2139129638671875 1575.65185546875 98.87181091308594 
519
2 0.0 703.48388671875 673.0738525390625 1073.2015380859375 
3 1523.56982421875 2.2195892333984375 1575.635986328125 98.85598754882812 
520
3 1523.6024169921875 2.164520263671875 1575.6463623046875 98.98777770996094 
521
3 1523.5523681640625 2.2544517517089844 1575.296142578125 98.75991821289062 
1 0.0 728.7198486328125 668.8065185546875 1074.6158447265625 
522
3 1523.2674560546875 2.2351226806640625 1575.2496337890625 98.81297302246094 
1 0.4405517578125 741.7659301757812 661.7596435546875 1074.032470703125 
523
3 1523.2852783203125 2.10626220703125 1575.186767578125 98.82632446289062 
1 0.676025390625 755.550537109375 657.6412353515625 1074.1629638671875 
524
1 0.921142578125 773.5330200195312 646.38232421875 1074.4654541015625 
3 1523.259765625 2.1569137573242188 1575.077880859375 98.94827270507812 
525
3 1522.7435302734375 2.1995811462402344 1575.472900390625 98.97257995605469 
1 0.77508544921875 791.390625 623.058349609375 1075.1312255859375 
526
3 1522.7559814453125 2.0810623168945312 1575.353759765625 98.96206665039062 
1 0.667633056640625 810.1830444335938 590.2933349609375 1073.541259765625 
527
3 1522.76513671875 2.116973876953125 1575.3519287109375 98.96466064453125 
528
3 1522.6810302734375 2.1342239379882812 1575.23779296875 98.8536376953125 
529
3 1523.00048828125 2.107818603515625 1575.438232421875 98.89382934570312 
530
3 1523.0093994140625 1.9292144775390625 1575.3487548828125 98.935302734375 
531
3 1523.1239013671875 1.9234161376953125 1575.3048095703125 99.03054809570312 
532
3 1523.22314453125 1.9366073608398438 1575.2210693359375 99.04043579101562 
533
3 1523.285888671875 1.878204345703125 1575.400634765625 99.07774353027344 
534
3 1523.3712158203125 1.874176025390625 1575.3809814453125 99.18252563476562 
535
3 1523.367431640625 1.884857177734375 1575.3150634765625 99.17855834960938 
536
3 1523.3924560546875 1.9045867919921875 1575.25146484375 99.16874694824219 
537
3 1523.4637451171875 1.9252090454101562 1575.25634765625 99.19952392578125 
538
3 1523.391357421875 2.06048583984375 1575.3983154296875 99.12603759765625 
539
3 1523.3759765625 2.0575942993164062 1575.361572265625 99.12075805664062 
540
3 1523.53759765625 1.948211669921875 1575.916015625 98.99494934082031 
541
3 1523.880126953125 1.98016357421875 1575.988037109375 99.04959106445312 
542
3 1523.969970703125 2.0272750854492188 1576.0726318359375 99.04512023925781 
543
3 1523.9498291015625 2.031810760498047 1576.10205078125 99.05874633789062 
544
3 1524.0802001953125 2.0861663818359375 1576.01953125 99.24057006835938 
545
3 1523.9658203125 2.06695556640625 1575.92919921875 99.13185119628906 
546
3 1523.980224609375 2.117176055908203 1575.819091796875 99.04122924804688 
547
3 1523.979736328125 2.1268844604492188 1575.7769775390625 99.034912109375 
548
3 1523.996826171875 2.1454238891601562 1575.7830810546875 99.0025634765625 
549
3 1523.999267578125 2.185199737548828 1575.670166015625 98.95469665527344 
550
3 1524.0506591796875 2.1764144897460938 1575.5523681640625 98.92800903320312 
551
3 1524.062744140625 2.182544708251953 1575.561767578125 98.89888000488281 
552
3 1523.99951171875 2.1542930603027344 1575.599853515625 98.92025756835938 
553
3 1524.1622314453125 2.1578445434570312 1575.5484619140625 98.86004638671875 
554
3 1524.142822265625 2.0968894958496094 1575.600341796875 98.78561401367188 
555
3 1524.049072265625 2.0657386779785156 1575.4761962890625 98.74566650390625 
556
3 1524.162841796875 2.0234603881835938 1575.789306640625 98.73228454589844 
557
3 1524.080322265625 2.021587371826172 1575.5086669921875 98.54707336425781 
558
3 1524.078369140625 2.1242294311523438 1575.519775390625 98.52655029296875 
559
3 1524.01025390625 2.07342529296875 1575.5133056640625 98.5208740234375 
560
3 1524.03857421875 2.067272186279297 1575.544677734375 98.70587158203125 
561
3 1524.1463623046875 2.0008201599121094 1575.2437744140625 98.82643127441406 
562
3 1524.1478271484375 1.9997520446777344 1575.30126953125 98.8338623046875 
563
3 1524.1407470703125 2.0025863647460938 1575.2813720703125 98.83262634277344 
564
3 1523.8609619140625 1.988250732421875 1575.251953125 98.8065185546875 
565
3 1524.2493896484375 1.9510574340820312 1575.477294921875 98.80572509765625 
566
3 1524.291748046875 1.9281501770019531 1575.591552734375 98.67098999023438 
567
3 1524.3248291015625 1.9297714233398438 1575.5985107421875 98.67558288574219 
568
3 1524.174560546875 1.9247474670410156 1575.6773681640625 98.7777099609375 
569
3 1524.2120361328125 2.0088577270507812 1575.4571533203125 98.88288879394531 
