0
3 251.98690795898438 132.5609893798828 387.3282165527344 338.1875 
3 0.24137115478515625 428.8006591796875 131.88162231445312 950.0880737304688 
1
3 251.9868927001953 132.549072265625 387.33087158203125 338.1698913574219 
3 0.25400543212890625 428.7459716796875 131.87693786621094 939.478759765625 
2
3 253.71510314941406 131.68350219726562 389.11474609375 337.3408203125 
3 0.26885223388671875 429.0068359375 131.9469451904297 936.100830078125 
3
3 253.89950561523438 133.6638641357422 389.0531005859375 338.141845703125 
3 0.2893333435058594 429.29010009765625 132.00775146484375 916.8753051757812 
4
3 254.8885498046875 134.24609375 387.4539794921875 337.27032470703125 
3 0.24976348876953125 429.2518310546875 131.93310546875 935.267822265625 
5
3 256.8616638183594 135.11695861816406 378.61962890625 335.9107360839844 
3 0.37415313720703125 429.22186279296875 131.90231323242188 916.5325927734375 
6
3 257.06463623046875 136.5316925048828 384.62677001953125 334.67962646484375 
3 0.382537841796875 429.59857177734375 131.90328979492188 914.9910278320312 
7
3 257.3267822265625 135.94874572753906 386.2724609375 335.7071228027344 
3 0.4222679138183594 429.95037841796875 131.90452575683594 915.6671752929688 
8
3 257.03936767578125 135.92340087890625 384.0679931640625 337.619384765625 
3 0.43972015380859375 430.31365966796875 132.01516723632812 917.5731201171875 
9
3 257.132080078125 131.66329956054688 384.8935546875 338.58050537109375 
3 0.290191650390625 432.2845458984375 131.42984008789062 1012.5323486328125 
10
3 256.61053466796875 131.12567138671875 387.493896484375 338.8481140136719 
3 0.3055229187011719 432.65838623046875 131.87869262695312 1016.823486328125 
11
3 255.57693481445312 133.30050659179688 387.74591064453125 338.1440124511719 
3 0.28936004638671875 432.3246154785156 131.987548828125 1017.3765869140625 
12
3 255.3822021484375 133.919189453125 388.841796875 338.11407470703125 
13
3 255.18295288085938 134.60345458984375 388.90826416015625 337.4405822753906 
14
3 254.08853149414062 134.98974609375 386.901123046875 336.81390380859375 
15
3 253.93539428710938 133.96517944335938 389.8216247558594 338.0340270996094 
16
3 255.32098388671875 130.70999145507812 399.72222900390625 339.8737487792969 
17
3 255.8219757080078 129.65118408203125 406.596923828125 339.6893310546875 
18
3 256.62890625 127.20480346679688 409.1094970703125 338.44964599609375 
19
3 257.2168884277344 135.88742065429688 410.3325500488281 338.3723449707031 
3 0.2310638427734375 426.75750732421875 132.35943603515625 678.7543334960938 
20
3 257.4770202636719 137.59402465820312 403.23663330078125 338.4776611328125 
3 257.890869140625 136.71527099609375 405.7410583496094 339.8231506347656 
21
3 260.04876708984375 138.29263305664062 409.4240417480469 339.5548095703125 
22
3 260.4203186035156 135.99127197265625 411.0305480957031 338.45013427734375 
3 260.9568176269531 136.53201293945312 410.4918212890625 337.07330322265625 
23
3 263.1224365234375 136.80609130859375 401.9181213378906 338.19744873046875 
24
3 264.4993896484375 137.15908813476562 410.3044128417969 340.0209045410156 
25
3 266.07110595703125 134.4993133544922 416.4349365234375 339.6759338378906 
3 266.2464294433594 133.84527587890625 415.19415283203125 339.63031005859375 
3 544.9490966796875 39.37812805175781 571.9407958984375 87.99861907958984 
26
3 267.9244384765625 133.70835876464844 419.415771484375 337.5699768066406 
3 544.8860473632812 39.46161651611328 571.8994750976562 88.13304901123047 
27
3 270.6445007324219 134.45687866210938 420.2787170410156 337.536376953125 
3 544.9295043945312 39.507781982421875 571.9700317382812 88.15582275390625 
28
3 272.52484130859375 129.28457641601562 421.3555603027344 337.4042663574219 
3 273.369384765625 134.31637573242188 421.02386474609375 336.70233154296875 
3 544.9229736328125 39.54175567626953 571.8932495117188 88.26825714111328 
29
3 275.9105224609375 129.33602905273438 421.9503479003906 339.5162353515625 
3 544.7980346679688 39.51570129394531 571.9065551757812 88.4166488647461 
3 662.77490234375 21.525165557861328 681.7050170898438 73.51893615722656 
30
3 280.8193359375 135.34014892578125 421.2816162109375 340.49908447265625 
3 544.7870483398438 39.448150634765625 571.8833618164062 88.35939025878906 
3 0.2875823974609375 429.9189147949219 132.38442993164062 679.3807373046875 
3 662.7974243164062 21.36907196044922 681.6661376953125 73.50831604003906 
31
3 283.47265625 134.83169555664062 421.54193115234375 340.13690185546875 
3 544.7315673828125 39.33680725097656 571.8697509765625 88.31273651123047 
3 662.8516235351562 21.282691955566406 681.7723388671875 73.5244369506836 
32
3 284.2561950683594 135.75439453125 420.59600830078125 338.59991455078125 
3 544.7723999023438 39.408203125 571.7140502929688 88.281005859375 
33
3 284.6711730957031 130.7568359375 421.01983642578125 342.78106689453125 
3 544.9573364257812 39.42707061767578 571.6719360351562 88.3856430053711 
3 662.803955078125 21.352855682373047 681.8912963867188 73.5237808227539 
34
3 286.624755859375 131.44775390625 418.9559326171875 334.03253173828125 
3 0.24807357788085938 429.3243713378906 132.45726013183594 680.9070434570312 
3 662.7861328125 21.3260498046875 681.889892578125 73.51115417480469 
3 544.9586181640625 39.37310028076172 571.8193969726562 88.35260772705078 
35
3 288.04071044921875 127.66610717773438 418.9178466796875 348.66412353515625 
3 662.8098754882812 21.240707397460938 681.869873046875 73.52041625976562 
3 544.9989624023438 39.346282958984375 571.8468017578125 88.33795166015625 
36
3 288.6953125 124.74154663085938 420.0624694824219 340.4566955566406 
3 0.24740219116210938 428.9312438964844 131.70494079589844 681.072998046875 
3 662.8153686523438 21.276222229003906 681.8085327148438 73.52406311035156 
3 544.9113159179688 39.336814880371094 571.7796020507812 88.28056335449219 
37
3 288.1226806640625 125.67082214355469 418.3328552246094 336.5167236328125 
3 662.9552612304688 21.526676177978516 681.7333984375 73.52265930175781 
3 0.2584953308105469 429.064208984375 131.83340454101562 684.8995361328125 
38
3 286.9429931640625 125.68978881835938 416.44781494140625 332.0015869140625 
3 0.29206085205078125 429.2190246582031 131.85421752929688 682.7406005859375 
3 662.970703125 21.528289794921875 681.7019653320312 73.49777221679688 
39
3 284.96063232421875 125.76043701171875 416.3644714355469 328.053466796875 
3 0.2960548400878906 429.39898681640625 131.8560333251953 682.4298095703125 
3 663.1401977539062 21.499801635742188 682.0093383789062 73.4464111328125 
40
3 285.2563171386719 124.04177856445312 420.1910400390625 333.956298828125 
3 0.2607460021972656 430.84100341796875 131.07516479492188 682.7286987304688 
3 663.0460205078125 21.37895965576172 682.1912231445312 73.48548126220703 
41
3 285.45281982421875 123.82077026367188 419.46295166015625 331.48443603515625 
3 0.16341781616210938 432.1315612792969 130.3477783203125 1022.000244140625 
3 662.9075927734375 21.522178649902344 681.4297485351562 73.55821228027344 
42
3 286.3938903808594 123.34503173828125 411.94415283203125 323.83551025390625 
3 0.135498046875 431.8022766113281 130.93304443359375 1021.9857177734375 
3 662.961669921875 21.59667205810547 681.3922119140625 73.55795288085938 
43
3 286.6291809082031 123.60111999511719 416.09100341796875 323.17462158203125 
3 662.9813232421875 21.620025634765625 681.5402221679688 73.53693389892578 
3 0.18800735473632812 431.4300537109375 130.76846313476562 1021.9688720703125 
44
3 285.71893310546875 123.60530090332031 417.31768798828125 323.08135986328125 
3 662.9972534179688 21.695148468017578 681.8692016601562 73.51705169677734 
45
3 285.5445556640625 123.59036254882812 419.9117431640625 325.5184631347656 
3 662.9929809570312 21.699569702148438 682.0570678710938 73.6649169921875 
3 0.2597770690917969 432.0592041015625 132.05479431152344 1021.303466796875 
46
3 286.3763427734375 123.30276489257812 421.47698974609375 325.2734680175781 
3 0.2700157165527344 429.9922180175781 131.85043334960938 682.0306396484375 
47
3 286.3218688964844 122.7939453125 426.0985412597656 326.4176025390625 
3 0.11338424682617188 430.9757080078125 132.7852020263672 1022.5390625 
48
3 285.9878845214844 121.93589782714844 426.76025390625 326.48004150390625 
49
3 286.23345947265625 122.0570068359375 429.1971435546875 326.21441650390625 
50
3 285.8883056640625 123.3240966796875 432.3598327636719 326.12384033203125 
51
3 284.62677001953125 124.06954956054688 433.4196472167969 324.9678649902344 
52
3 284.6829833984375 122.9249267578125 433.18414306640625 325.58489990234375 
3 544.609619140625 38.8720703125 571.651123046875 88.49200439453125 
53
3 284.5518798828125 122.22328186035156 434.5238037109375 326.3135681152344 
54
3 283.8282165527344 122.18782043457031 433.3079528808594 327.56781005859375 
55
3 283.7060546875 121.38595581054688 433.3895568847656 326.5125732421875 
56
3 285.03753662109375 121.05464172363281 431.9507751464844 326.4151916503906 
3 544.790283203125 39.054718017578125 571.9171142578125 88.63717651367188 
57
3 286.2493896484375 121.23210144042969 431.58050537109375 326.1851806640625 
3 545.1235961914062 39.01933288574219 572.0269775390625 88.58785247802734 
58
3 285.9584045410156 119.82768249511719 431.01446533203125 324.52703857421875 
3 545.1324462890625 39.00103759765625 572.0240478515625 88.55892944335938 
59
3 283.926513671875 121.54985046386719 431.60943603515625 323.9195556640625 
3 545.1227416992188 38.998443603515625 572.037841796875 88.60589599609375 
60
3 284.33087158203125 121.40115356445312 432.181640625 324.10333251953125 
3 545.1046142578125 38.98565673828125 572.06884765625 88.59808349609375 
61
3 283.5939636230469 122.21624755859375 431.2391357421875 322.0689392089844 
3 283.72442626953125 122.24958801269531 433.2497253417969 324.0429382324219 
3 545.12255859375 39.00852966308594 571.9857177734375 88.63611602783203 
62
3 283.79345703125 122.15902709960938 433.0354919433594 322.28997802734375 
3 283.6610107421875 121.92898559570312 430.75653076171875 319.8825378417969 
3 545.1196899414062 38.992393493652344 571.9940185546875 88.68719482421875 
63
3 284.36590576171875 122.44125366210938 431.7566223144531 318.87054443359375 
3 545.1492309570312 39.05110168457031 571.968017578125 88.6892318725586 
3 0.2510719299316406 429.38677978515625 131.60104370117188 680.0886840820312 
64
3 284.3835144042969 123.3077392578125 430.891845703125 319.49468994140625 
3 545.1427612304688 39.051475524902344 571.9946899414062 88.69488525390625 
65
3 284.3748474121094 125.9544677734375 428.39892578125 318.56451416015625 
3 545.135009765625 39.06196594238281 572.015380859375 88.5641860961914 
3 662.9454345703125 21.48253631591797 682.3103637695312 73.84945678710938 
66
3 285.7037048339844 126.57196044921875 427.6897277832031 323.80206298828125 
3 545.1357421875 39.08019256591797 572.0136108398438 88.55364227294922 
3 662.9395141601562 21.47589111328125 682.3201293945312 73.86369323730469 
67
3 285.82177734375 126.21588134765625 427.4132080078125 327.99432373046875 
3 545.1351318359375 39.13140869140625 572.0755004882812 88.56158447265625 
3 662.9583129882812 21.261306762695312 682.2413330078125 73.8266830444336 
68
3 286.01739501953125 125.18450927734375 428.16668701171875 332.28009033203125 
3 545.1470947265625 39.15364074707031 572.0364990234375 88.5267105102539 
3 662.9647827148438 21.247413635253906 682.1845092773438 73.81405639648438 
69
3 288.20123291015625 124.9451904296875 428.852294921875 332.94635009765625 
3 545.1716918945312 39.070106506347656 572.0340576171875 88.4927749633789 
3 662.8689575195312 21.16802215576172 682.3492431640625 73.8472900390625 
70
3 292.8875732421875 127.20953369140625 428.79144287109375 332.3728942871094 
3 544.7623291015625 39.38505554199219 572.64013671875 88.83549499511719 
3 662.9021606445312 20.977558135986328 681.7265625 73.57759857177734 
71
3 295.5106506347656 127.0362548828125 427.0023498535156 328.89447021484375 
3 544.7551879882812 39.385162353515625 572.562255859375 88.83139038085938 
3 662.900634765625 20.975692749023438 681.70263671875 73.55499267578125 
72
3 300.10601806640625 129.58792114257812 424.7874450683594 327.0026550292969 
3 544.7627563476562 39.32672119140625 572.4420776367188 88.71273803710938 
3 662.876220703125 20.875564575195312 681.4522094726562 73.59846496582031 
73
3 299.33050537109375 158.61532592773438 425.98541259765625 332.27972412109375 
3 544.88525390625 39.332786560058594 572.2390747070312 88.77206420898438 
3 662.8203125 20.507980346679688 681.351806640625 73.55316162109375 
74
3 292.2853698730469 159.10484313964844 423.10284423828125 338.270263671875 
3 544.8641357421875 39.416664123535156 572.275146484375 88.81674194335938 
3 0.295440673828125 442.82794189453125 133.36557006835938 1008.94140625 
3 662.773681640625 20.539859771728516 681.35888671875 73.55586242675781 
75
3 287.1028747558594 157.57586669921875 428.0577392578125 343.983642578125 
3 544.8992309570312 39.42301940917969 572.2377319335938 88.76852416992188 
3 0.09679412841796875 458.47161865234375 132.88125610351562 1007.4000244140625 
3 662.770751953125 20.541240692138672 681.278564453125 73.55036926269531 
76
3 284.91290283203125 145.1032257080078 428.2419738769531 342.0298767089844 
3 0.129547119140625 462.059326171875 132.8870391845703 1007.2545166015625 
3 544.9034423828125 39.48875427246094 572.3165893554688 88.76700592041016 
3 662.7342529296875 20.45168685913086 681.3888549804688 73.54854583740234 
77
3 279.15667724609375 137.75372314453125 427.3798828125 341.83135986328125 
3 0.18796157836914062 461.8211669921875 133.0274200439453 1007.759033203125 
3 544.9366455078125 39.455963134765625 572.3330688476562 88.77890014648438 
3 662.7034301757812 20.811420440673828 681.2559204101562 73.47376251220703 
78
3 275.1090393066406 137.12167358398438 424.8495788574219 340.4537353515625 
3 0.18204116821289062 463.12957763671875 132.6328125 1007.5625 
3 544.9308471679688 39.50315856933594 572.3832397460938 88.90693664550781 
79
3 270.47662353515625 138.5225830078125 422.9466552734375 340.41253662109375 
3 0.23990631103515625 465.50335693359375 131.1912384033203 1007.347900390625 
3 544.96435546875 39.57469177246094 572.4369506835938 88.95182037353516 
80
3 267.7114562988281 137.90138244628906 421.5913391113281 339.4730224609375 
3 268.4711608886719 134.02740478515625 421.490478515625 338.53643798828125 
3 0.22922515869140625 468.41351318359375 130.63734436035156 1007.8349609375 
3 544.8881225585938 39.56334686279297 572.419677734375 89.02664184570312 
81
3 263.75323486328125 138.52780151367188 419.9007568359375 343.68182373046875 
3 264.2176513671875 139.12518310546875 418.07763671875 343.57958984375 
3 544.8494873046875 39.671409606933594 572.3443603515625 89.00615692138672 
82
3 260.91943359375 138.1221160888672 367.59112548828125 340.6124267578125 
3 0.25048065185546875 471.4020690917969 130.2073211669922 677.8497924804688 
3 544.799072265625 39.51350402832031 572.4051513671875 88.8680419921875 
83
3 258.9349365234375 137.92449951171875 383.6421203613281 338.8077697753906 
3 544.8125610351562 39.46680450439453 572.421630859375 88.8020248413086 
3 0.098846435546875 471.90167236328125 130.57789611816406 679.7894287109375 
84
3 255.53445434570312 138.0947723388672 380.5520935058594 338.4693908691406 
3 544.9151000976562 39.45087432861328 572.5015869140625 88.77583312988281 
85
3 253.22764587402344 138.29983520507812 380.07061767578125 338.2673645019531 
3 0.2565155029296875 471.5069885253906 132.154541015625 684.527099609375 
3 544.93017578125 39.34942626953125 572.2658081054688 88.872802734375 
3 662.79248046875 20.59463882446289 681.74951171875 73.41899871826172 
86
3 253.1669464111328 137.92288208007812 368.613525390625 339.34271240234375 
3 0.16329193115234375 472.12774658203125 131.0570526123047 681.2078857421875 
3 544.719970703125 39.27607727050781 572.2979736328125 88.75475311279297 
3 662.6029052734375 20.28760528564453 681.7393188476562 73.58378601074219 
87
3 251.74581909179688 137.3107452392578 355.7449951171875 313.5162048339844 
3 0.19635772705078125 471.8731384277344 130.76193237304688 679.3836669921875 
3 544.6548461914062 39.28330993652344 572.2713012695312 88.78207397460938 
3 662.6016235351562 20.200843811035156 681.6661987304688 73.56420135498047 
88
3 250.99893188476562 138.67431640625 358.98834228515625 324.6064147949219 
3 0.20170974731445312 471.5622253417969 131.02330017089844 679.2455444335938 
3 544.6896362304688 39.26036071777344 572.30810546875 88.81625366210938 
3 662.60205078125 20.182456970214844 681.6983032226562 73.57965087890625 
89
3 255.3955078125 138.66885375976562 360.8645935058594 345.8726501464844 
3 0.20143890380859375 471.7959289550781 131.13360595703125 679.2021484375 
3 544.603759765625 39.25370788574219 572.085205078125 88.64437866210938 
3 662.6215209960938 20.315521240234375 681.6766967773438 73.5789794921875 
90
3 255.55654907226562 139.7332763671875 361.72760009765625 352.8748474121094 
3 0.21495819091796875 471.8160400390625 131.1678466796875 679.264892578125 
3 544.6103515625 39.26318359375 572.076171875 88.62460327148438 
3 662.6337890625 20.34142303466797 681.6755981445312 73.59026336669922 
91
3 254.19505310058594 142.42327880859375 363.98468017578125 359.25103759765625 
3 0.19510650634765625 472.21417236328125 131.30625915527344 680.1563720703125 
3 544.7167358398438 39.32996368408203 571.9315185546875 88.50582122802734 
92
3 250.2227783203125 138.70751953125 365.1642761230469 357.73175048828125 
3 0.17728424072265625 472.25970458984375 131.06292724609375 680.1921997070312 
3 0.24863433837890625 472.10845947265625 131.93505859375 681.711181640625 
3 544.7219848632812 39.29900360107422 571.9464111328125 88.53360748291016 
3 662.6503295898438 20.55712890625 681.6187133789062 73.60379028320312 
93
3 246.60702514648438 142.72430419921875 365.5950927734375 353.4816589355469 
3 0.24693679809570312 471.592041015625 132.06773376464844 682.1287841796875 
3 544.7254028320312 39.2537841796875 572.0073852539062 88.58588409423828 
3 0.10269927978515625 471.90045166015625 131.13015747070312 680.6298828125 
94
3 242.83590698242188 145.0718231201172 365.3475341796875 355.24017333984375 
3 0.24462890625 471.5173645019531 131.92623901367188 680.9898681640625 
3 0.0883331298828125 471.8375549316406 131.15213012695312 680.016357421875 
3 544.7286987304688 39.26899719238281 571.9832153320312 88.63525390625 
95
3 239.5494384765625 145.8304443359375 365.25628662109375 354.70013427734375 
3 0.2537727355957031 471.1483154296875 131.95225524902344 680.0571899414062 
3 0.110748291015625 471.5814208984375 131.11453247070312 679.0916748046875 
3 544.8013305664062 39.40864562988281 572.0162963867188 88.702392578125 
96
3 237.5179443359375 145.11868286132812 362.06658935546875 361.5460205078125 
3 0.24764251708984375 471.1721496582031 132.01075744628906 679.8707275390625 
3 0.105194091796875 471.5955810546875 131.1165008544922 678.873046875 
3 544.77099609375 39.380592346191406 571.998779296875 88.73939514160156 
97
3 235.19332885742188 148.56271362304688 361.7412414550781 364.9134826660156 
3 0.11090850830078125 471.9275817871094 131.4619140625 678.906982421875 
3 0.2685661315917969 471.6163330078125 132.1371612548828 679.642333984375 
3 544.828125 39.332366943359375 571.9935302734375 88.66360473632812 
98
3 233.75550842285156 149.33029174804688 357.63116455078125 366.3446960449219 
3 0.10942840576171875 471.99462890625 131.69522094726562 678.7750244140625 
3 544.7865600585938 39.251861572265625 571.9556884765625 88.7498550415039 
99
3 231.59698486328125 150.72232055664062 355.3876953125 366.560546875 
3 544.8209228515625 39.20869445800781 572.1190185546875 88.77391052246094 
3 0.0921630859375 472.0820617675781 131.3610382080078 679.02978515625 
100
3 230.70848083496094 149.45132446289062 355.876953125 363.93426513671875 
3 0.09285736083984375 472.30474853515625 131.01646423339844 679.5772705078125 
3 544.6976318359375 39.22528076171875 572.3453979492188 88.58352661132812 
3 662.428955078125 20.052871704101562 681.0755615234375 73.63656616210938 
101
3 229.736572265625 149.6763458251953 356.0462341308594 365.48736572265625 
3 0.1413726806640625 472.34234619140625 130.62246704101562 679.6321411132812 
3 544.6239013671875 39.224395751953125 572.1912231445312 88.75961303710938 
102
3 228.49742126464844 149.43809509277344 359.4104309082031 363.2032775878906 
3 0.1514129638671875 472.336181640625 130.45065307617188 679.8392333984375 
3 544.5577392578125 39.39183807373047 572.1458129882812 88.69065856933594 
103
3 227.22642517089844 151.2713623046875 358.5072937011719 365.2855224609375 
3 0.1527862548828125 472.50250244140625 130.27540588378906 679.961181640625 
3 544.5921630859375 39.3726806640625 572.267578125 88.66595458984375 
104
3 226.22235107421875 151.98129272460938 355.09979248046875 367.5770263671875 
3 0.11102294921875 472.7540283203125 129.90850830078125 680.3386840820312 
3 544.577880859375 39.34783172607422 572.2109985351562 88.62152099609375 
105
3 225.5386505126953 151.74908447265625 360.7830810546875 370.5428466796875 
3 0.11661529541015625 472.55694580078125 129.97836303710938 680.3226928710938 
3 544.6814575195312 39.41145324707031 572.20703125 88.56688690185547 
106
3 224.8395233154297 152.60281372070312 362.234375 368.94879150390625 
3 0.13598251342773438 472.99200439453125 130.07476806640625 680.7616577148438 
3 544.58056640625 39.412010192871094 572.3331298828125 88.71246337890625 
107
3 224.59237670898438 152.73988342285156 362.3137512207031 366.134765625 
3 0.1578216552734375 473.01171875 130.03915405273438 680.7705078125 
3 544.57080078125 39.41316223144531 572.34619140625 88.73802185058594 
108
3 224.5287628173828 153.33901977539062 360.34393310546875 366.4927978515625 
3 0.17645263671875 472.6240234375 129.43411254882812 680.9821166992188 
3 544.6507568359375 39.20513916015625 572.417236328125 88.67140197753906 
109
3 225.38221740722656 153.2355499267578 363.6885070800781 365.8970031738281 
3 0.13501739501953125 472.492919921875 128.50009155273438 680.92822265625 
3 544.63671875 39.24322509765625 572.4071044921875 88.7315444946289 
110
3 225.90037536621094 153.79257202148438 362.9144592285156 367.3855895996094 
3 0.11562347412109375 472.8327941894531 128.54632568359375 681.4152221679688 
3 544.6459350585938 39.46488952636719 572.43994140625 88.76406860351562 
111
3 226.10386657714844 153.64051818847656 363.06756591796875 366.7180480957031 
3 0.128662109375 472.7919921875 129.93667602539062 682.276611328125 
3 544.6327514648438 39.461647033691406 572.4127197265625 88.669189453125 
112
3 226.6297607421875 153.99081420898438 367.0655212402344 367.1814880371094 
3 544.6408081054688 39.58690643310547 572.379638671875 88.65071868896484 
113
3 227.0240020751953 153.93045043945312 364.7972106933594 367.3215026855469 
3 0.162322998046875 472.28619384765625 129.2804412841797 682.332275390625 
3 544.6058959960938 39.61509704589844 572.3267822265625 88.70186614990234 
114
3 228.89181518554688 153.86483764648438 365.4181823730469 366.7820739746094 
3 0.11066818237304688 472.2587890625 126.70745849609375 680.169921875 
3 544.8505859375 39.589874267578125 572.3603515625 88.66223907470703 
115
3 230.38189697265625 152.864501953125 366.9599914550781 367.1954650878906 
3 0.10647964477539062 471.869873046875 127.74275970458984 679.4263305664062 
3 544.9368286132812 39.435272216796875 572.0916137695312 88.7652359008789 
3 662.269775390625 20.242881774902344 681.7242431640625 73.76119232177734 
116
3 230.87501525878906 152.47775268554688 365.85186767578125 367.17474365234375 
3 0.09755706787109375 471.6747131347656 128.43296813964844 679.4739990234375 
3 544.9335327148438 39.639617919921875 572.2576293945312 88.75161743164062 
117
3 231.24908447265625 151.77212524414062 364.6463623046875 367.8157043457031 
3 0.15849685668945312 471.5498962402344 131.08151245117188 681.3599853515625 
3 545.0831909179688 39.597747802734375 572.4487915039062 88.82528686523438 
118
3 232.5286407470703 151.24842834472656 365.7403564453125 366.7519836425781 
3 0.1403045654296875 471.5300598144531 131.28201293945312 681.4288940429688 
3 545.0758056640625 39.61769104003906 572.2468872070312 88.7844467163086 
119
3 233.23434448242188 150.78384399414062 367.45355224609375 366.28131103515625 
3 0.14224624633789062 471.37896728515625 130.59921264648438 680.8679809570312 
3 545.0477905273438 39.61054992675781 572.3300170898438 88.755615234375 
120
3 233.92874145507812 150.8004150390625 367.8626403808594 366.46954345703125 
3 0.14055633544921875 471.57135009765625 130.2677001953125 680.6260375976562 
3 545.0167846679688 39.60166931152344 572.1966552734375 88.7496109008789 
121
3 234.24911499023438 150.8023681640625 367.530029296875 368.5854797363281 
3 0.14930343627929688 471.224853515625 130.6885223388672 681.142333984375 
3 544.954345703125 39.318641662597656 572.22265625 88.65740966796875 
122
3 234.79742431640625 150.8355712890625 367.0944519042969 367.64459228515625 
3 0.13190078735351562 471.23870849609375 130.91297912597656 681.42919921875 
3 544.9558715820312 39.29182434082031 572.302001953125 88.71903991699219 
123
3 235.1884765625 150.72328186035156 366.4182434082031 368.21307373046875 
3 0.14355850219726562 470.9231262207031 131.02381896972656 680.3011474609375 
3 545.0411987304688 39.052833557128906 572.290283203125 88.68959045410156 
124
3 235.87319946289062 150.39578247070312 365.658203125 369.7268981933594 
3 0.16548919677734375 470.7956848144531 130.83920288085938 679.1586303710938 
3 545.0625610351562 39.06395721435547 572.16162109375 88.67884826660156 
125
3 236.51747131347656 149.7021484375 366.6573486328125 370.5760498046875 
3 0.1882171630859375 470.693115234375 131.24037170410156 678.5278930664062 
3 545.02099609375 39.13365173339844 572.18359375 88.63215637207031 
126
3 237.59524536132812 149.5828094482422 366.4039001464844 369.48785400390625 
3 0.16469573974609375 470.68670654296875 131.08734130859375 678.8578491210938 
3 545.0421142578125 39.133026123046875 572.1029663085938 88.62225341796875 
127
3 237.8617401123047 149.49609375 367.1018371582031 368.3274230957031 
3 0.17053985595703125 470.59814453125 131.44871520996094 679.3646850585938 
3 545.0123291015625 39.11256408691406 572.1044921875 88.58203887939453 
128
3 238.23854064941406 149.29344177246094 366.8689270019531 365.05413818359375 
3 0.16126251220703125 470.55462646484375 131.4383087158203 679.1343994140625 
3 545.0269165039062 39.104888916015625 572.095458984375 88.5560531616211 
129
3 238.4039306640625 149.3421630859375 366.3254089355469 362.3494567871094 
3 0.15567779541015625 470.2952880859375 130.82711791992188 679.6442260742188 
3 545.0708618164062 39.116241455078125 572.1249389648438 88.6267318725586 
130
3 238.46047973632812 149.33192443847656 364.995849609375 362.05194091796875 
3 0.16757965087890625 470.7098388671875 130.78802490234375 679.6322631835938 
3 544.6943969726562 39.103607177734375 572.0966186523438 88.46906280517578 
131
3 238.50143432617188 149.0384521484375 366.030029296875 363.01708984375 
3 0.16085052490234375 471.060546875 130.92376708984375 679.5757446289062 
3 544.6956176757812 39.11480712890625 572.09130859375 88.4817886352539 
132
3 238.716796875 148.93313598632812 365.58099365234375 363.96343994140625 
3 0.1376953125 470.88214111328125 131.22096252441406 680.1821899414062 
133
3 238.85281372070312 148.97946166992188 365.5045166015625 363.2981262207031 
3 0.15581512451171875 470.69415283203125 131.51283264160156 679.4891357421875 
3 544.5430908203125 39.297706604003906 571.8778076171875 88.43942260742188 
134
3 239.11740112304688 148.85108947753906 365.87286376953125 363.9292907714844 
3 0.1612548828125 470.3695373535156 131.87548828125 679.7001342773438 
3 544.5931396484375 39.31779479980469 571.9151000976562 88.4663314819336 
135
3 239.38851928710938 149.0311279296875 365.8703308105469 364.1334533691406 
3 544.6038818359375 39.324195861816406 571.9230346679688 88.46411895751953 
136
3 239.43743896484375 149.73080444335938 364.6324768066406 365.1832275390625 
3 544.6997680664062 39.16554260253906 571.7365112304688 88.37408447265625 
137
3 239.48193359375 150.30059814453125 364.75042724609375 366.27508544921875 
3 544.6978759765625 39.105865478515625 571.7268676757812 88.32246398925781 
3 0.186798095703125 470.3905944824219 131.68710327148438 680.2391357421875 
138
3 239.31837463378906 150.25723266601562 365.35906982421875 366.0946960449219 
3 544.8272094726562 39.136810302734375 571.773193359375 88.3267593383789 
3 0.19483566284179688 470.33026123046875 132.12762451171875 680.0938110351562 
139
3 239.12936401367188 150.05206298828125 365.6781311035156 366.5301818847656 
3 544.827880859375 39.145721435546875 571.8156127929688 88.31848907470703 
3 0.18463134765625 470.4818420410156 132.01943969726562 680.2935791015625 
140
3 238.70718383789062 149.9971923828125 365.5990905761719 365.250732421875 
3 0.13087844848632812 472.2164611816406 132.3654327392578 682.4962768554688 
3 544.736572265625 38.978614807128906 571.7772216796875 88.33914947509766 
141
3 237.97213745117188 149.70416259765625 366.15960693359375 365.4950256347656 
3 0.24686813354492188 471.4725036621094 132.26019287109375 682.1959838867188 
3 544.844970703125 39.12945556640625 571.757080078125 88.4889144897461 
142
3 237.91746520996094 149.58688354492188 366.1394348144531 365.7530212402344 
3 544.9073486328125 39.145294189453125 571.811767578125 88.48983001708984 
3 0.16710662841796875 470.2214660644531 131.9630584716797 680.0528564453125 
3 0.248687744140625 470.3893127441406 132.17576599121094 682.1101684570312 
3 662.1873779296875 20.89037322998047 681.7576904296875 73.52678680419922 
143
3 238.04600524902344 149.55413818359375 366.2344970703125 365.9683837890625 
3 0.2692108154296875 470.58160400390625 132.14700317382812 680.8508911132812 
3 544.9061279296875 39.15900421142578 571.8179321289062 88.47798919677734 
3 662.2265014648438 20.833206176757812 681.7391967773438 73.50798034667969 
144
3 237.92922973632812 149.5283203125 366.1881408691406 365.7608642578125 
3 544.8936767578125 39.18656921386719 571.8265991210938 88.48163604736328 
3 0.17725372314453125 470.54559326171875 131.7377471923828 679.142822265625 
3 662.1932373046875 20.77685546875 681.744140625 73.512939453125 
3 0.2857818603515625 470.4116516113281 131.95936584472656 680.458984375 
145
3 236.58389282226562 149.90463256835938 366.4438171386719 366.2313232421875 
3 0.2442779541015625 469.9229736328125 132.06723022460938 680.28271484375 
3 0.14560699462890625 470.00750732421875 131.86097717285156 678.8368530273438 
3 544.62744140625 39.44358825683594 571.9615478515625 88.58659362792969 
3 662.4701538085938 20.629291534423828 681.8331909179688 73.47284698486328 
146
3 235.76248168945312 150.1040802001953 366.244873046875 366.61370849609375 
3 544.7263793945312 39.50660705566406 571.970703125 88.63400268554688 
3 662.3541870117188 20.392627716064453 682.0014038085938 73.46768951416016 
3 0.14374923706054688 470.22613525390625 131.71267700195312 679.1142578125 
3 0.2793083190917969 470.23895263671875 132.13198852539062 680.8408203125 
147
3 235.1209716796875 150.5174560546875 366.37725830078125 366.68170166015625 
3 0.2955360412597656 470.7965087890625 132.2613525390625 680.6817016601562 
3 544.6452026367188 39.41436767578125 571.9044799804688 88.55668640136719 
3 662.3348388671875 20.38283920288086 682.0543212890625 73.49484252929688 
3 0.16733932495117188 470.58282470703125 132.31378173828125 679.1402587890625 
148
3 234.749267578125 150.68447875976562 366.64605712890625 367.2332763671875 
3 0.09177780151367188 170.04583740234375 74.00652313232422 352.90899658203125 
3 544.6035766601562 39.40814208984375 571.9532470703125 88.6185531616211 
3 0.173614501953125 470.53253173828125 132.16001892089844 679.6932983398438 
3 662.3846435546875 20.40404510498047 682.1088256835938 73.50344848632812 
149
3 234.14114379882812 150.78790283203125 366.9093017578125 367.3573913574219 
3 0.349517822265625 148.6224365234375 75.39640808105469 358.46209716796875 
3 0.2880439758300781 470.94317626953125 131.99659729003906 681.0059204101562 
3 544.542236328125 39.377349853515625 572.0071411132812 88.60015106201172 
3 662.4284057617188 20.42371368408203 682.0421752929688 73.50672912597656 
150
3 233.973876953125 150.91705322265625 366.8642272949219 367.0570983886719 
3 0.363739013671875 167.62965393066406 82.52757263183594 347.7391662597656 
3 0.2870826721191406 470.6994323730469 132.10260009765625 680.81494140625 
3 544.6024780273438 39.41316223144531 571.9855346679688 88.52831268310547 
3 662.4315795898438 20.452083587646484 681.9935302734375 73.52481842041016 
151
3 233.79627990722656 151.1063995361328 366.6062316894531 366.875732421875 
3 0.0 169.718017578125 101.12117767333984 324.0509033203125 
3 0.1482086181640625 470.984375 131.65866088867188 679.869873046875 
3 544.6083984375 39.43994140625 571.9867553710938 88.5145034790039 
3 662.3690185546875 20.274799346923828 682.0360717773438 73.49014282226562 
152
3 233.76832580566406 151.28204345703125 366.417724609375 366.86749267578125 
3 0.01214599609375 162.93983459472656 107.04427337646484 334.468994140625 
3 0.14739990234375 470.9759826660156 131.63232421875 679.8873901367188 
3 544.5996704101562 39.44227600097656 572.000732421875 88.52914428710938 
3 662.2592163085938 20.271453857421875 682.0274047851562 73.50186920166016 
153
3 233.8904266357422 151.26913452148438 366.4682312011719 366.48736572265625 
3 0.23421859741210938 162.17904663085938 107.84162902832031 318.86431884765625 
3 0.33734893798828125 471.18975830078125 131.67385864257812 684.6710205078125 
3 544.5855102539062 39.424461364746094 572.0559692382812 88.53009796142578 
3 662.2478637695312 20.26123809814453 682.1013793945312 73.47972106933594 
3 0.19913864135742188 471.5311279296875 131.5623779296875 680.022216796875 
154
3 233.70843505859375 151.39532470703125 366.2212829589844 366.38946533203125 
3 0.21185302734375 158.44189453125 122.52760314941406 304.24798583984375 
3 0.3080177307128906 471.91168212890625 132.01177978515625 1063.384033203125 
3 544.59375 39.44560241699219 572.0375366210938 88.60362243652344 
3 662.26171875 20.28725814819336 682.14453125 73.50904083251953 
3 0.3448524475097656 471.5430603027344 131.72216796875 684.5443725585938 
155
3 233.65060424804688 151.38436889648438 365.81195068359375 366.47296142578125 
3 30.23346710205078 156.73117065429688 142.6068115234375 307.71435546875 
3 0.2971839904785156 471.7073059082031 131.67776489257812 680.8814697265625 
3 0.19290542602539062 471.8623352050781 131.51663208007812 680.3306884765625 
3 544.5833740234375 39.26270294189453 572.0639038085938 88.6787109375 
3 662.1795654296875 20.15069580078125 682.2503051757812 73.47261047363281 
156
3 233.42343139648438 151.39300537109375 365.27490234375 366.79266357421875 
3 37.60220718383789 150.64401245117188 150.8360137939453 311.6865539550781 
3 0.2894172668457031 471.786865234375 131.84512329101562 680.8519897460938 
3 544.5765380859375 39.214080810546875 572.10205078125 88.70022583007812 
3 662.1947021484375 20.07415771484375 682.1837158203125 73.47129821777344 
157
3 233.50985717773438 151.1287841796875 364.93463134765625 366.6584777832031 
3 38.88236618041992 151.117431640625 150.27468872070312 285.74017333984375 
3 0.25624847412109375 471.75921630859375 131.73683166503906 680.905517578125 
3 544.5572509765625 39.24589538574219 571.97900390625 88.70553588867188 
3 662.1702270507812 19.81682586669922 682.3518676757812 73.47859954833984 
158
3 233.89401245117188 151.01171875 364.98828125 367.1168212890625 
3 57.37268829345703 148.15396118164062 168.09384155273438 293.07843017578125 
3 0.21435928344726562 471.9707946777344 131.8346405029297 682.6666259765625 
3 544.5515747070312 39.248313903808594 572.026611328125 88.83428192138672 
3 662.1676635742188 19.90540313720703 682.40771484375 73.52052307128906 
159
3 233.8960723876953 151.217041015625 365.16546630859375 368.30645751953125 
3 67.4947509765625 144.88050842285156 176.55812072753906 287.8409729003906 
3 0.19603729248046875 472.0422058105469 131.84423828125 687.0297241210938 
3 544.5650024414062 39.18964385986328 572.1934204101562 88.86107635498047 
3 0.32794189453125 856.6715087890625 200.70156860351562 1069.785888671875 
3 662.1635131835938 19.94316864013672 682.4515380859375 73.54234313964844 
160
3 235.43646240234375 151.64198303222656 365.78277587890625 367.1793518066406 
3 74.42535400390625 141.80015563964844 180.23451232910156 280.1876525878906 
3 0.18511962890625 472.1701354980469 131.95941162109375 697.4169311523438 
3 0.186126708984375 852.7486572265625 213.78518676757812 1069.633544921875 
3 545.2449951171875 39.34105682373047 572.0348510742188 88.71398162841797 
3 662.4268798828125 20.294403076171875 682.70068359375 73.6854248046875 
161
3 235.18341064453125 151.55563354492188 365.91253662109375 366.909423828125 
3 83.02188110351562 137.96609497070312 189.1082000732422 274.7522277832031 
3 0.17828369140625 472.16094970703125 131.93487548828125 701.6878662109375 
3 545.2078857421875 39.3861083984375 572.0950927734375 88.75163269042969 
3 0.2104034423828125 845.7086181640625 230.30987548828125 1068.52392578125 
3 662.4954833984375 20.313514709472656 682.6027221679688 73.70423889160156 
162
3 234.85504150390625 151.461181640625 366.18780517578125 367.28668212890625 
3 91.1877212524414 134.6459197998047 197.29058837890625 280.3311767578125 
3 0.19231796264648438 472.3095703125 132.0008544921875 702.6461181640625 
3 545.16748046875 39.38481140136719 572.298583984375 88.86585998535156 
3 0.4975433349609375 836.0889892578125 247.7157440185547 1067.578857421875 
3 662.512939453125 20.229583740234375 682.6824951171875 73.74440002441406 
163
3 234.7206573486328 151.6011962890625 366.3193359375 367.4492492675781 
3 101.55419921875 131.26443481445312 203.21298217773438 278.7076721191406 
3 0.22686767578125 472.47686767578125 132.14126586914062 694.417236328125 
3 0.5547332763671875 828.4786376953125 250.872314453125 1067.9840087890625 
3 545.1519775390625 39.36486053466797 572.3049926757812 88.82473754882812 
3 662.4818115234375 20.196182250976562 682.7970581054688 73.6949462890625 
164
3 234.80755615234375 150.3002471923828 366.55316162109375 368.19720458984375 
3 110.97692108154297 122.802978515625 210.8359832763672 287.811279296875 
3 0.6214447021484375 823.6021728515625 251.94569396972656 1066.70166015625 
3 545.1259765625 39.43933868408203 572.377685546875 88.81355285644531 
3 0.279876708984375 472.71923828125 132.28311157226562 690.5050048828125 
3 662.50146484375 20.251670837402344 682.721923828125 73.66942596435547 
165
3 236.5172119140625 150.2522735595703 366.60235595703125 368.25421142578125 
3 114.66658020019531 122.28251647949219 221.26187133789062 268.6371765136719 
3 0.6465606689453125 817.249267578125 252.83517456054688 1067.549560546875 
3 545.2671508789062 39.57072448730469 572.405029296875 88.90485382080078 
3 0.2695503234863281 472.67669677734375 132.11541748046875 689.4517822265625 
3 662.528564453125 20.413558959960938 682.664794921875 73.66557312011719 
166
3 234.703369140625 150.0888671875 367.51837158203125 367.3113098144531 
3 125.41551971435547 124.71713256835938 222.02410888671875 269.42803955078125 
3 0.27771759033203125 472.44049072265625 132.04209899902344 687.0902709960938 
3 545.2596435546875 39.5841064453125 572.4237060546875 88.85250091552734 
3 0.5790939331054688 793.0407104492188 252.67300415039062 1066.326904296875 
3 662.4624633789062 20.113231658935547 682.8272705078125 73.6845932006836 
3 0.389068603515625 473.6888427734375 253.63800048828125 1064.398681640625 
167
3 234.1162872314453 150.0106201171875 367.2947998046875 367.8597412109375 
3 132.29031372070312 122.43666076660156 229.41722106933594 262.3884582519531 
3 0.71270751953125 773.9835205078125 252.7445831298828 1016.1331787109375 
3 545.2947998046875 39.58714294433594 572.3467407226562 88.7918701171875 
3 0.3008460998535156 472.512451171875 131.88153076171875 678.8978271484375 
3 662.4766845703125 20.08010482788086 682.7955322265625 73.67236328125 
3 0.119293212890625 473.81341552734375 253.75338745117188 1022.28173828125 
168
3 234.2603302001953 150.03567504882812 366.142333984375 372.055419921875 
3 142.0946807861328 118.52546691894531 235.90896606445312 260.622314453125 
3 545.2300415039062 39.55266571044922 572.4349975585938 88.8015365600586 
3 0.8362808227539062 751.73486328125 252.43948364257812 1004.732421875 
3 662.44482421875 19.920631408691406 683.0137329101562 73.67112731933594 
3 0.2818183898925781 473.4745178222656 131.78213500976562 681.3637084960938 
3 0.1282958984375 474.45721435546875 253.9247283935547 1008.5655517578125 
169
3 231.39317321777344 151.41647338867188 367.9708557128906 371.19781494140625 
3 151.9027862548828 112.878662109375 248.26596069335938 251.2701416015625 
3 0.75341796875 475.2121887207031 252.9696502685547 1003.738037109375 
3 545.2808837890625 39.53730010986328 572.3743896484375 88.91944885253906 
3 662.527099609375 20.112743377685547 682.7266845703125 73.559326171875 
170
3 233.3133087158203 150.67367553710938 366.64117431640625 373.07513427734375 
3 161.39117431640625 116.72442626953125 253.30380249023438 248.82861328125 
3 0.681884765625 760.7279663085938 252.11703491210938 1000.2626953125 
3 545.2691650390625 39.507720947265625 572.2373657226562 88.90840148925781 
3 0.3794898986816406 613.2154541015625 253.13357543945312 1002.1568603515625 
3 662.4738159179688 19.86404800415039 682.6695556640625 73.57614135742188 
171
3 230.2406768798828 150.5252685546875 366.51202392578125 369.9026794433594 
3 166.65966796875 113.01870727539062 254.29989624023438 237.220458984375 
3 0.19830322265625 472.9940490722656 131.80389404296875 769.3076782226562 
3 0.5100860595703125 666.203369140625 252.498046875 1010.0550537109375 
3 545.241455078125 39.42741394042969 572.2681884765625 88.91470336914062 
3 662.417236328125 19.84770965576172 682.7559204101562 73.53359985351562 
172
3 230.39231872558594 151.24461364746094 366.62811279296875 371.1593017578125 
3 0.16593170166015625 473.64910888671875 134.0341796875 758.2779541015625 
3 0.5196380615234375 712.4734497070312 251.78302001953125 990.7210693359375 
3 545.2529296875 39.45878601074219 572.2178344726562 88.81317901611328 
3 177.92782592773438 111.07530212402344 256.8464050292969 203.208251953125 
3 662.46826171875 20.189136505126953 682.5379028320312 73.4547119140625 
173
3 232.14654541015625 151.81350708007812 366.93505859375 375.9126281738281 
3 0.14939498901367188 474.41534423828125 132.2206268310547 748.956298828125 
3 0.540771484375 702.029052734375 251.04299926757812 994.041259765625 
3 184.7305145263672 110.79164123535156 260.977294921875 198.23558044433594 
3 545.2369995117188 39.453643798828125 572.3118896484375 88.86882019042969 
3 662.5062255859375 20.266517639160156 682.689697265625 73.38682556152344 
174
3 227.10528564453125 152.3038330078125 366.79217529296875 378.183349609375 
3 0.44536590576171875 688.7833862304688 250.41281127929688 985.1887817382812 
3 0.4152069091796875 474.3048095703125 133.23875427246094 740.7158203125 
3 196.89755249023438 105.93112182617188 265.5856628417969 199.79031372070312 
3 545.3109741210938 39.50213623046875 572.3080444335938 88.83089447021484 
3 0.18198776245117188 474.03466796875 132.31874084472656 740.600830078125 
3 662.451416015625 20.536808013916016 682.4970703125 73.38961791992188 
175
3 232.2108612060547 148.04176330566406 367.058837890625 380.3663024902344 
3 0.428070068359375 679.3432006835938 282.9277648925781 981.74755859375 
3 0.5354232788085938 474.3848876953125 133.43563842773438 735.8505249023438 
3 544.5684814453125 38.91590881347656 572.684326171875 88.83653259277344 
3 204.89390563964844 104.28260803222656 261.5080261230469 188.86813354492188 
176
3 233.45266723632812 144.20809936523438 366.6264953613281 379.31353759765625 
3 0.708343505859375 664.724365234375 322.997314453125 982.365478515625 
3 0.2338104248046875 474.179931640625 132.62521362304688 726.9277954101562 
3 544.655029296875 38.93705749511719 572.6356811523438 88.77552795410156 
3 212.8271484375 102.36888122558594 262.10699462890625 177.47772216796875 
177
3 232.2162628173828 148.8585205078125 367.042724609375 378.65545654296875 
0 1.196685791015625 653.5565185546875 354.28436279296875 1010.2664794921875 
3 0.22167587280273438 473.9202880859375 132.74151611328125 723.2722778320312 
3 544.660400390625 38.829315185546875 572.8399047851562 88.8700942993164 
3 219.74696350097656 98.90226745605469 307.3644714355469 174.6716766357422 
178
3 231.97288513183594 151.38096618652344 366.7242431640625 381.79693603515625 
0 0.97772216796875 649.3367309570312 387.1971435546875 1012.677490234375 
3 230.25978088378906 95.6640625 311.87091064453125 176.96400451660156 
3 0.16595077514648438 473.57366943359375 132.548095703125 721.5 
3 544.7547607421875 38.88427734375 572.6661987304688 88.77224731445312 
179
3 231.94329833984375 151.78822326660156 366.544921875 384.6988525390625 
0 1.17633056640625 635.4952392578125 413.5929870605469 1012.581298828125 
3 0.15670013427734375 473.2449951171875 132.81036376953125 718.8768310546875 
3 544.8457641601562 38.87617492675781 572.5687255859375 88.72222137451172 
3 239.8914337158203 93.89891052246094 317.7947998046875 184.02427673339844 
180
3 231.85324096679688 151.237548828125 366.542236328125 386.04425048828125 
0 1.11944580078125 603.6902465820312 430.61346435546875 1012.9739990234375 
3 544.85107421875 38.84089660644531 572.609375 88.84337615966797 
3 0.2237701416015625 473.58868408203125 132.8395233154297 711.3807373046875 
3 248.31932067871094 91.08262634277344 326.3423156738281 187.07102966308594 
181
0 0.916229248046875 581.3385009765625 445.41839599609375 1014.20068359375 
3 230.31369018554688 154.0107421875 366.04986572265625 386.88031005859375 
3 230.89820861816406 153.04241943359375 366.3180236816406 386.819580078125 
3 256.02642822265625 89.63007354736328 326.1636962890625 194.409912109375 
3 544.8242797851562 38.84803009033203 572.6728515625 88.96636962890625 
3 0.0 473.0184631347656 131.8173065185547 700.1044921875 
182
3 229.38978576660156 153.424072265625 366.02178955078125 388.064697265625 
3 261.18798828125 84.22319793701172 347.92266845703125 237.62158203125 
0 0.906158447265625 576.3564453125 459.8813781738281 1008.444091796875 
3 544.74853515625 38.8553466796875 572.7054443359375 89.0246810913086 
3 0.15889739990234375 473.5698547363281 132.31788635253906 685.30224609375 
183
3 228.107666015625 154.52670288085938 365.9635314941406 389.3152770996094 
0 0.9776611328125 575.6660766601562 471.54986572265625 1010.791259765625 
3 544.7425537109375 38.873809814453125 572.7141723632812 89.0268325805664 
0 1.20794677734375 471.4268493652344 469.97320556640625 1012.1044921875 
3 0.28585052490234375 473.8828125 133.8398895263672 684.1425170898438 
184
3 226.1510772705078 156.84771728515625 366.0438537597656 389.13153076171875 
0 0.9652099609375 476.9560546875 482.7450256347656 1007.120361328125 
3 279.4490966796875 102.26402282714844 336.07244873046875 207.00897216796875 
3 544.64453125 38.773399353027344 572.6849365234375 89.05831909179688 
3 304.7104797363281 74.00003051757812 368.84454345703125 189.22915649414062 
185
3 225.25633239746094 157.39804077148438 366.70098876953125 388.88519287109375 
0 0.675994873046875 476.62255859375 486.64874267578125 1010.30859375 
3 544.6912231445312 38.97019958496094 572.6537475585938 89.03575134277344 
186
0 0.649078369140625 442.03582763671875 486.8534851074219 1005.27099609375 
3 222.8460693359375 158.2188720703125 366.0537109375 389.043701171875 
3 222.71694946289062 158.3028564453125 366.6075134277344 387.94171142578125 
3 544.6323852539062 38.789207458496094 572.58447265625 89.05897521972656 
3 299.7283020019531 73.54080200195312 383.33935546875 197.9116973876953 
187
0 0.43475341796875 413.23968505859375 487.11322021484375 984.710205078125 
3 219.09152221679688 158.35189819335938 364.0950012207031 388.8811950683594 
3 303.7928466796875 74.3590087890625 393.3629455566406 221.64459228515625 
3 544.5194091796875 38.69783020019531 572.82666015625 89.16224670410156 
188
0 0.8817138671875 395.4148864746094 485.8911437988281 976.4619140625 
3 216.22439575195312 159.4418487548828 365.7657165527344 389.156982421875 
3 316.58642578125 72.25126647949219 396.5314025878906 201.54061889648438 
3 215.89373779296875 160.611083984375 365.6880798339844 388.471435546875 
3 544.486328125 38.77433776855469 572.8321533203125 89.1082992553711 
189
0 0.89886474609375 386.5691833496094 486.13104248046875 971.6031494140625 
3 213.34371948242188 160.52093505859375 365.73138427734375 388.7940673828125 
3 323.98797607421875 69.76231384277344 400.58209228515625 193.3379669189453 
3 544.5774536132812 38.74610137939453 572.9033203125 88.88809204101562 
190
0 1.3327484130859375 378.7297668457031 485.93133544921875 967.1550903320312 
3 209.84109497070312 161.48202514648438 365.6108703613281 390.7549743652344 
3 327.5062255859375 63.80431365966797 414.9757995605469 190.04806518554688 
3 544.5853271484375 38.626121520996094 572.1690673828125 88.69770812988281 
3 662.08447265625 20.22406768798828 682.5534057617188 73.16917419433594 
191
0 1.53070068359375 372.402099609375 486.2674560546875 962.0354614257812 
3 204.81541442871094 162.26490783691406 366.59051513671875 391.0165100097656 
3 333.1838684082031 63.833404541015625 417.4637451171875 201.60491943359375 
3 544.6153564453125 38.59443664550781 572.12548828125 88.6777572631836 
192
0 1.216033935546875 366.84332275390625 486.6432800292969 942.8658447265625 
3 201.22552490234375 165.2795867919922 363.69049072265625 390.39483642578125 
3 343.16729736328125 61.98249816894531 429.65533447265625 208.92562866210938 
3 544.5633544921875 38.66272735595703 572.1303100585938 88.67378234863281 
3 661.890869140625 20.569854736328125 682.4253540039062 73.01569366455078 
193
0 0.8641510009765625 361.474609375 486.2113037109375 950.9615478515625 
3 198.814208984375 165.9049072265625 356.8234558105469 389.77520751953125 
3 350.79266357421875 61.41249084472656 433.78631591796875 150.28927612304688 
3 544.7459106445312 38.751869201660156 572.1702270507812 88.49679565429688 
3 661.0442504882812 19.86145782470703 681.7901611328125 73.11912536621094 
194
0 0.448822021484375 353.73486328125 486.2373962402344 953.0731201171875 
3 191.62808227539062 165.324951171875 348.542236328125 391.69122314453125 
3 544.7881469726562 38.861663818359375 572.3347778320312 88.46321868896484 
3 358.90301513671875 62.216392517089844 440.57098388671875 148.1352081298828 
3 359.1544494628906 61.99633026123047 441.158935546875 209.91455078125 
195
0 0.65594482421875 350.4252014160156 486.3736572265625 947.0203857421875 
3 368.35809326171875 61.831512451171875 450.2833251953125 147.5831298828125 
3 188.34661865234375 167.662353515625 345.0892639160156 391.2044677734375 
3 544.856201171875 38.881317138671875 572.130859375 88.29639434814453 
196
0 1.501190185546875 347.8072509765625 512.4307250976562 942.78955078125 
3 184.4063720703125 169.26544189453125 340.3165283203125 390.8303527832031 
3 376.6902770996094 59.74359893798828 458.57989501953125 144.9901580810547 
3 545.1731567382812 39.117515563964844 571.7936401367188 88.2089614868164 
197
0 12.3583984375 347.9217529296875 558.090087890625 936.9725952148438 
3 183.8368682861328 172.35330200195312 332.5729064941406 386.7924499511719 
3 384.8215637207031 59.21123504638672 464.32733154296875 142.63052368164062 
3 545.1982421875 39.32366943359375 571.7044677734375 88.32254791259766 
198
0 27.16796875 349.9915771484375 600.25537109375 927.92822265625 
3 179.9642333984375 172.34725952148438 324.94659423828125 390.7403869628906 
3 392.81268310546875 56.41765594482422 471.09429931640625 141.8916015625 
3 545.1928100585938 39.052947998046875 572.0475463867188 88.37178802490234 
199
0 39.11897277832031 348.3500061035156 641.80224609375 917.123291015625 
3 177.62184143066406 172.14572143554688 321.8331298828125 393.5439147949219 
3 400.9544982910156 54.51599884033203 478.05633544921875 141.25498962402344 
3 545.1993408203125 38.98634338378906 571.93505859375 88.4107894897461 
200
0 52.28118896484375 346.8594970703125 676.334716796875 907.8521118164062 
3 174.83071899414062 173.34811401367188 321.4102478027344 393.6561279296875 
3 410.0340576171875 52.57568359375 486.28363037109375 139.8353271484375 
3 0.44052886962890625 475.1913757324219 88.53633117675781 673.3240966796875 
3 545.0765991210938 39.04248809814453 572.0703125 88.80611419677734 
201
0 68.21636962890625 351.5299072265625 699.375732421875 901.4677734375 
3 171.13827514648438 176.15667724609375 321.162841796875 396.6784973144531 
3 0.4466667175292969 474.13800048828125 98.38794708251953 671.6085815429688 
3 418.51202392578125 50.594085693359375 492.5453186035156 138.76193237304688 
3 545.2225341796875 39.03180694580078 572.1068725585938 88.92478942871094 
202
0 86.6710205078125 350.64910888671875 715.0442504882812 900.9580078125 
3 170.92721557617188 176.74008178710938 321.50830078125 399.4263916015625 
3 0.3694801330566406 473.8787841796875 120.29410552978516 676.4031982421875 
3 426.48040771484375 49.76255798339844 498.58465576171875 138.6707763671875 
3 545.2432861328125 38.82292175292969 572.3216552734375 88.870361328125 
203
0 100.63481140136719 352.5352783203125 726.96435546875 901.4228515625 
3 165.43600463867188 177.8321075439453 323.2900390625 398.88909912109375 
3 0.419891357421875 474.1979064941406 127.71989440917969 675.0491943359375 
3 434.09881591796875 51.89527893066406 490.60198974609375 136.91546630859375 
3 545.2030639648438 39.198028564453125 572.2323608398438 88.99349975585938 
3 165.35348510742188 179.32752990722656 322.6383361816406 398.59600830078125 
204
0 116.49789428710938 354.22686767578125 736.7030029296875 904.195068359375 
3 161.1046905517578 178.7996063232422 324.4067687988281 390.5813293457031 
3 0.29985809326171875 474.42877197265625 131.22390747070312 677.4749755859375 
3 545.3027954101562 39.28483581542969 572.4741821289062 88.75233459472656 
205
0 129.85824584960938 350.9615478515625 740.6736450195312 904.6392822265625 
3 157.4012451171875 178.93724060058594 325.24578857421875 445.73895263671875 
3 0.24439620971679688 474.4369201660156 132.34725952148438 678.5120239257812 
3 450.510498046875 45.23515319824219 541.5311889648438 134.239013671875 
3 544.8525390625 38.62879943847656 572.8681640625 88.60948944091797 
206
0 145.18527221679688 350.791748046875 748.5381469726562 906.644287109375 
3 153.85104370117188 184.09942626953125 325.677978515625 403.7026062011719 
3 0.24214935302734375 474.0789794921875 132.62594604492188 678.5750122070312 
3 457.88909912109375 44.08070373535156 541.5697631835938 131.51583862304688 
3 545.0625 38.71955871582031 572.681640625 89.05641174316406 
207
0 156.87158203125 346.0891418457031 751.3410034179688 905.392822265625 
3 149.66958618164062 188.2646484375 325.56976318359375 395.12628173828125 
3 465.4749755859375 43.91614532470703 541.8753662109375 163.18344116210938 
3 0.24720001220703125 474.496337890625 132.71414184570312 679.0245971679688 
3 662.1098022460938 18.296382904052734 682.1110229492188 73.05199432373047 
3 0.2682037353515625 475.1010437011719 131.94749450683594 679.0503540039062 
3 544.6194458007812 38.915435791015625 573.0409545898438 89.13015747070312 
208
0 173.42092895507812 340.86279296875 752.1782836914062 905.4896240234375 
3 472.3046569824219 41.83000946044922 543.1279907226562 166.71173095703125 
3 0.3044013977050781 474.4185791015625 132.70065307617188 679.5137939453125 
3 144.93006896972656 190.26235961914062 256.5025939941406 353.12274169921875 
3 544.8570556640625 37.504249572753906 573.3056640625 89.78070068359375 
3 144.19577026367188 190.64627075195312 326.62860107421875 382.868896484375 
3 662.2600708007812 18.172927856445312 683.0466918945312 73.28387451171875 
209
0 180.80520629882812 335.3464050292969 752.0078735351562 906.544921875 
3 137.95928955078125 191.2841796875 258.0679016113281 361.85797119140625 
3 478.0738525390625 39.82011413574219 547.0248413085938 169.38510131835938 
3 0.31598663330078125 474.56097412109375 132.5185546875 679.454345703125 
3 661.3660888671875 19.85318374633789 682.6094970703125 73.21871185302734 
3 544.5443115234375 36.63189697265625 572.770751953125 88.59756469726562 
210
0 194.01077270507812 334.8528747558594 752.6546630859375 907.1336669921875 
3 133.28860473632812 195.22254943847656 255.40640258789062 378.85052490234375 
3 478.73834228515625 37.84446716308594 553.5560913085938 163.20632934570312 
3 0.29155731201171875 474.5540466308594 132.5457763671875 679.925537109375 
3 542.6676025390625 37.916046142578125 572.9735107421875 88.11719512939453 
3 660.62353515625 20.06340789794922 681.7644653320312 72.64932250976562 
211
0 207.91229248046875 330.83441162109375 752.6044921875 906.547607421875 
3 125.60832214355469 195.57644653320312 248.85589599609375 436.3563232421875 
3 0.3291893005371094 474.6501770019531 132.56399536132812 680.8141479492188 
3 489.5446472167969 37.28125 560.3429565429688 165.45065307617188 
3 0.5561103820800781 476.226806640625 131.43634033203125 679.4896850585938 
212
0 221.439208984375 324.5267028808594 752.5929565429688 907.9937744140625 
3 117.41868591308594 199.30032348632812 242.9739227294922 437.2598876953125 
3 0.3190498352050781 474.6795654296875 132.63632202148438 680.159423828125 
3 117.16839599609375 198.7401123046875 243.02288818359375 436.6246337890625 
3 502.5519104003906 36.16937255859375 569.5271606445312 108.83280944824219 
3 0.35903167724609375 474.9877624511719 132.33705139160156 679.9166870117188 
213
0 236.728515625 320.007080078125 754.108154296875 912.1587524414062 
3 109.29414367675781 199.99954223632812 242.1717529296875 437.1840515136719 
3 0.3204612731933594 475.7529602050781 132.62469482421875 679.9793701171875 
3 477.946044921875 34.59410095214844 579.5115356445312 110.04713439941406 
214
0 250.7274169921875 313.8353271484375 753.8853759765625 910.87548828125 
3 105.37069702148438 200.86656188964844 257.9714660644531 436.4771423339844 
3 0.2965850830078125 475.9421691894531 133.36705017089844 679.847412109375 
3 0.3254890441894531 476.4473876953125 133.2134552001953 679.2882690429688 
215
0 262.7615661621094 307.2099609375 750.1455078125 904.5135498046875 
3 102.29853820800781 203.8649444580078 235.22610473632812 435.87982177734375 
3 0.31255340576171875 476.7996826171875 133.42501831054688 679.67333984375 
3 0.4825859069824219 478.31695556640625 132.52804565429688 678.664306640625 
216
0 280.24749755859375 304.8682556152344 787.147705078125 904.30078125 
3 96.11409759521484 206.16943359375 279.0159606933594 435.68804931640625 
3 0.48223876953125 478.94464111328125 134.04150390625 677.9107666015625 
3 0.2847404479980469 476.7894287109375 134.78794860839844 678.3092041015625 
217
0 296.4259033203125 301.32745361328125 845.5293579101562 904.8018798828125 
3 91.92780303955078 208.42074584960938 270.2379150390625 436.0220947265625 
3 0.290618896484375 476.96319580078125 134.50408935546875 678.4879760742188 
218
0 313.56988525390625 297.6355895996094 896.7235717773438 907.5869750976562 
3 86.11011505126953 208.89540100097656 256.03179931640625 439.9845275878906 
3 0.2801780700683594 477.50048828125 136.02120971679688 679.6031494140625 
219
0 333.7425537109375 297.2785339355469 946.5665893554688 909.3929443359375 
3 80.6139144897461 208.67941284179688 246.13040161132812 441.6629638671875 
3 0.3023033142089844 478.1751708984375 136.20559692382812 678.487060546875 
220
0 355.286865234375 296.77935791015625 990.1978149414062 910.0768432617188 
3 76.62248992919922 211.79244995117188 235.6808319091797 447.7241516113281 
3 0.53326416015625 479.849609375 133.22007751464844 678.9617309570312 
3 0.31539154052734375 478.83099365234375 133.4044647216797 678.8822631835938 
221
0 377.6033935546875 296.8135681152344 1019.709716796875 915.7784423828125 
3 72.82219696044922 212.97750854492188 232.5802001953125 449.7514343261719 
3 0.5333137512207031 479.23779296875 128.53578186035156 678.7244262695312 
3 0.30231475830078125 477.9927978515625 128.89797973632812 678.6539306640625 
222
0 399.8346862792969 295.18902587890625 1037.67333984375 913.7197265625 
3 70.56103515625 214.573974609375 232.4950408935547 454.19873046875 
3 0.3280029296875 478.03863525390625 128.5835723876953 678.8291625976562 
3 0.47035980224609375 479.12939453125 128.23081970214844 678.711669921875 
223
0 425.68060302734375 294.6568603515625 1051.9910888671875 914.8419799804688 
3 67.38641357421875 217.16973876953125 232.49420166015625 464.530029296875 
3 0.3504600524902344 478.01416015625 128.50421142578125 679.75341796875 
3 0.3236236572265625 478.9005126953125 128.1319122314453 679.523193359375 
3 662.3585815429688 21.72278594970703 680.8737182617188 72.8504409790039 
224
0 452.91766357421875 291.402099609375 1062.092529296875 908.5853271484375 
3 64.85140991210938 220.4591064453125 232.5951385498047 466.338623046875 
3 0.2725830078125 478.765380859375 127.78421020507812 679.3729858398438 
3 0.3449821472167969 477.7515869140625 128.1562957763672 679.4798583984375 
225
0 481.0918273925781 285.3412170410156 1067.5904541015625 905.3302612304688 
3 62.470703125 223.374267578125 232.041259765625 468.30108642578125 
3 0.27002716064453125 478.75677490234375 127.22095489501953 679.0205078125 
3 0.32157135009765625 477.739990234375 127.5198745727539 679.2135009765625 
226
0 506.8753967285156 281.02215576171875 1070.59423828125 905.70263671875 
3 59.325965881347656 224.673828125 230.3345489501953 471.91107177734375 
3 0.28136444091796875 478.9014892578125 128.2872772216797 679.2359619140625 
3 0.3232994079589844 477.935302734375 128.52508544921875 679.2431030273438 
227
3 55.27552795410156 226.1031494140625 230.29150390625 477.21954345703125 
0 532.1534423828125 275.9959411621094 1071.6307373046875 903.5648193359375 
3 0.25799560546875 477.26751708984375 128.02334594726562 678.9266357421875 
228
0 555.58251953125 269.00799560546875 1071.7625732421875 901.2600708007812 
3 54.01359558105469 230.07965087890625 227.33096313476562 487.668212890625 
3 0.29570770263671875 477.570556640625 128.69737243652344 678.2056274414062 
229
0 576.20458984375 264.4339904785156 1070.7816162109375 898.5958862304688 
3 49.846405029296875 231.7677001953125 219.39898681640625 490.28375244140625 
3 0.26625823974609375 477.587158203125 127.90951538085938 678.2528076171875 
230
0 595.48095703125 261.0240173339844 1069.701416015625 894.573486328125 
3 46.50343322753906 235.37994384765625 212.76156616210938 490.64739990234375 
3 0.25347137451171875 477.6776123046875 128.08493041992188 677.8048706054688 
231
0 612.8790283203125 255.48080444335938 1070.965576171875 901.4344482421875 
3 42.74556350708008 236.30169677734375 190.79953002929688 481.19305419921875 
3 0.3135528564453125 477.5772705078125 127.82714080810547 678.9203491210938 
232
0 629.86181640625 251.35409545898438 1071.0927734375 907.8004150390625 
3 39.44945526123047 237.37225341796875 194.35850524902344 490.208251953125 
3 0.19710540771484375 476.8787841796875 127.91490173339844 677.3856811523438 
233
0 645.154296875 245.71218872070312 1073.7479248046875 916.5203857421875 
3 35.454429626464844 237.395751953125 184.42709350585938 488.483154296875 
3 0.18772125244140625 475.9633483886719 128.0363311767578 676.3525390625 
234
3 31.031959533691406 237.532470703125 184.59490966796875 490.79803466796875 
0 661.5135498046875 242.59844970703125 1063.7244873046875 908.438232421875 
3 0.24227523803710938 476.2703857421875 127.4964599609375 676.1240234375 
235
0 678.5035400390625 241.57574462890625 1090.763916015625 929.60302734375 
3 26.629417419433594 238.48779296875 184.9026641845703 483.97052001953125 
3 0.2794532775878906 476.04644775390625 127.57339477539062 677.0879516601562 
236
0 697.5275268554688 242.114990234375 1119.685302734375 949.143310546875 
3 20.453208923339844 239.62899780273438 183.5152587890625 486.2535400390625 
3 0.2853965759277344 476.14447021484375 127.50833129882812 676.15576171875 
237
0 716.970703125 245.24102783203125 1148.300048828125 958.5203857421875 
3 16.643661499023438 239.21868896484375 184.9974365234375 498.23883056640625 
3 0.34942626953125 475.90924072265625 127.70355987548828 676.4795532226562 
238
0 739.1998291015625 248.70822143554688 1183.7857666015625 966.5948486328125 
3 15.179710388183594 241.4375 185.6756591796875 503.09783935546875 
3 677.4515380859375 2.1235885620117188 732.0542602539062 108.37319946289062 
3 0.3131217956542969 476.140625 127.55596160888672 676.3274536132812 
239
0 762.590087890625 253.99221801757812 1237.9605712890625 976.0307006835938 
3 11.734489440917969 243.14990234375 184.66693115234375 507.9893798828125 
3 0.2941741943359375 475.8149108886719 127.07730865478516 676.4530029296875 
240
0 787.6456909179688 260.03900146484375 1293.341796875 981.8826904296875 
3 8.777175903320312 246.73492431640625 184.5583038330078 525.7384033203125 
3 0.26787567138671875 475.4349670410156 127.9594955444336 676.62109375 
241
0 813.1312255859375 266.1490173339844 1338.284423828125 982.1966552734375 
3 0.75018310546875 249.73611450195312 184.06561279296875 534.6378784179688 
3 0.22039794921875 473.95111083984375 127.44747161865234 676.44580078125 
242
0 839.344970703125 274.1045227050781 1365.7955322265625 979.50390625 
3 0.4169158935546875 253.8533935546875 185.21731567382812 538.2664794921875 
3 0.12233734130859375 316.5816650390625 128.561767578125 676.2247924804688 
3 0.0 466.70562744140625 128.06924438476562 677.512451171875 
243
0 866.9449462890625 285.95477294921875 1377.1942138671875 983.9173583984375 
3 0.215423583984375 258.8123779296875 183.7022705078125 539.506103515625 
3 0.612518310546875 476.265869140625 126.63426208496094 677.4824829101562 
3 0.0 345.8534240722656 129.6890106201172 676.8025512695312 
244
0 894.9307861328125 294.3392639160156 1380.010498046875 987.291259765625 
3 0.0804443359375 263.1792907714844 183.34637451171875 544.3780517578125 
3 0.19626235961914062 474.7722473144531 126.46043395996094 676.7020874023438 
3 0.5617637634277344 475.7763671875 126.79481506347656 677.3464965820312 
245
0 923.8102416992188 301.0990905761719 1384.6593017578125 988.4453125 
3 0.17580413818359375 263.8821716308594 183.45101928710938 539.7493896484375 
3 0.2394561767578125 474.3119201660156 127.37458801269531 676.958984375 
3 0.633331298828125 475.2296142578125 127.78288269042969 677.5358276367188 
246
0 948.7529296875 304.76483154296875 1392.991455078125 991.453125 
3 0.2764244079589844 471.9536437988281 128.27915954589844 677.5881958007812 
3 0.1848602294921875 267.0371398925781 179.30722045898438 542.5219116210938 
247
0 963.48388671875 310.8310852050781 1397.27490234375 992.935791015625 
3 0.15976715087890625 268.132080078125 180.99551391601562 550.5765380859375 
3 0.3002204895019531 473.072509765625 129.21536254882812 676.5808715820312 
3 0.6890182495117188 474.9197998046875 129.6927032470703 677.3792724609375 
248
0 996.208740234375 317.44439697265625 1393.5345458984375 991.6690673828125 
3 0.15641021728515625 269.4600524902344 177.48193359375 545.7484741210938 
3 0.28522491455078125 472.6282043457031 130.58401489257812 676.4298095703125 
3 0.8873023986816406 473.7218017578125 130.57614135742188 677.0189208984375 
3 544.435546875 40.04429626464844 571.8876953125 88.06883239746094 
249
0 1035.616943359375 323.4901428222656 1391.06396484375 991.072021484375 
3 0.3117637634277344 472.11529541015625 130.130126953125 675.7859497070312 
3 544.2354125976562 40.10797882080078 572.3231811523438 88.38124084472656 
3 0.26357269287109375 472.38134765625 130.21160888671875 676.5629272460938 
250
0 1068.3682861328125 323.422119140625 1394.73876953125 992.984130859375 
3 0.3525428771972656 471.4079284667969 131.4122772216797 675.290771484375 
3 544.760986328125 39.58245849609375 572.9426879882812 88.7500228881836 
251
0 1098.4400634765625 322.0926208496094 1409.8857421875 991.947265625 
3 0.13097381591796875 145.86651611328125 132.94760131835938 674.6195678710938 
3 544.73779296875 39.62176513671875 573.0870361328125 88.8599624633789 
252
0 1129.9310302734375 320.76373291015625 1446.1954345703125 992.5467529296875 
3 0.10954666137695312 145.486083984375 132.8149871826172 675.1178588867188 
3 544.7864990234375 39.38690948486328 573.0150146484375 88.80321502685547 
253
0 1157.8135986328125 319.0609130859375 1488.752685546875 989.776611328125 
3 544.8458862304688 39.13896179199219 573.0263061523438 88.65791320800781 
3 0.3430900573730469 470.4901428222656 132.03298950195312 674.8067626953125 
3 662.5030517578125 21.73358917236328 681.9589233398438 72.90849304199219 
3 0.30738067626953125 251.52740478515625 159.6735076904297 673.944580078125 
254
0 1185.2626953125 318.1757507324219 1529.068115234375 990.974609375 
3 0.35800933837890625 250.04678344726562 158.33309936523438 673.8453369140625 
3 544.7174682617188 39.019325256347656 573.190185546875 88.77950286865234 
3 662.0825805664062 21.885147094726562 681.82568359375 72.88365936279297 
255
0 1209.5313720703125 320.5854187011719 1567.3392333984375 990.9881591796875 
3 661.6156616210938 22.28961181640625 681.2449951171875 72.9366455078125 
3 544.8572998046875 39.31584930419922 573.1392822265625 88.74867248535156 
3 0.4009666442871094 250.29647827148438 159.56251525878906 673.1327514648438 
256
0 1225.86083984375 322.40570068359375 1608.000732421875 991.80224609375 
3 0.3842887878417969 251.49844360351562 161.66864013671875 673.1953735351562 
3 661.8580932617188 20.81891632080078 681.4375610351562 72.97047424316406 
3 544.6444091796875 39.27296447753906 573.187744140625 88.687255859375 
257
0 1247.1119384765625 331.7416687011719 1648.087646484375 991.572509765625 
3 0.370086669921875 251.57223510742188 161.5647735595703 669.3696899414062 
3 662.3434448242188 20.96310043334961 681.562255859375 72.871826171875 
3 544.6815795898438 39.23112487792969 573.124755859375 88.64753723144531 
258
0 1248.83447265625 342.6824951171875 1687.0888671875 990.048828125 
3 0.2529792785644531 251.388916015625 160.73751831054688 673.6875 
3 544.6107177734375 39.35106658935547 573.31640625 88.7376480102539 
3 662.35595703125 19.132225036621094 681.754150390625 73.10791778564453 
259
0 1250.8262939453125 351.72943115234375 1732.91796875 992.2884521484375 
3 0.24460601806640625 251.3365478515625 157.40992736816406 674.5714111328125 
3 662.3674926757812 19.21790313720703 681.6133422851562 72.97261047363281 
3 544.6734619140625 39.49287414550781 573.293701171875 88.73400115966797 
260
0 1251.3336181640625 362.7969970703125 1765.962646484375 995.2962646484375 
3 0.3043479919433594 250.19854736328125 157.70806884765625 671.40087890625 
3 662.14794921875 20.77117919921875 681.7722778320312 72.9525146484375 
3 544.5702514648438 39.606475830078125 573.2817993164062 88.73505401611328 
261
0 1252.86376953125 372.80108642578125 1802.9595947265625 1005.7315673828125 
3 0.2502861022949219 249.2982177734375 159.77938842773438 660.9638061523438 
3 544.653076171875 39.65270233154297 573.2256469726562 88.5328369140625 
3 662.255615234375 21.553810119628906 681.4724731445312 72.9829330444336 
262
0 1257.83203125 381.028564453125 1842.8697509765625 1011.055908203125 
3 0.25537109375 254.12356567382812 160.42674255371094 635.7164916992188 
3 0.3719024658203125 414.96734619140625 122.96990966796875 646.05419921875 
3 544.8340454101562 39.59913635253906 572.9868774414062 88.2514877319336 
3 662.089111328125 21.81460952758789 681.7388916015625 72.96873474121094 
263
0 1263.6854248046875 386.2930908203125 1883.4476318359375 1018.394775390625 
3 0.06681060791015625 262.1562194824219 159.9015350341797 626.3023681640625 
3 0.29718780517578125 419.92620849609375 131.5378875732422 672.2125244140625 
3 544.752197265625 39.538002014160156 572.976318359375 88.43313598632812 
3 662.8875732421875 21.792816162109375 681.7183227539062 72.91018676757812 
264
0 1272.39892578125 389.11968994140625 1925.931884765625 1023.8878173828125 
3 0.23452377319335938 275.37335205078125 159.9534454345703 668.3038330078125 
3 544.7268676757812 39.441864013671875 573.022705078125 88.39102935791016 
3 662.5497436523438 21.29753875732422 681.47216796875 73.05586242675781 
265
0 1277.900146484375 390.58843994140625 1965.2874755859375 1027.74267578125 
3 0.222076416015625 280.56060791015625 159.51312255859375 627.2025146484375 
3 0.40557098388671875 445.48541259765625 135.37356567382812 670.6194458007812 
3 0.4591789245605469 450.66510009765625 139.96006774902344 673.8801879882812 
3 545.1221923828125 39.44029235839844 573.0508422851562 88.1352767944336 
3 662.484130859375 21.273094177246094 681.0076904296875 73.1102066040039 
266
0 1300.304931640625 392.65594482421875 2004.4654541015625 1028.6976318359375 
3 0.112396240234375 281.2872314453125 159.4749298095703 620.1153564453125 
3 0.425537109375 445.6123046875 139.419677734375 672.93408203125 
3 545.1016235351562 39.88134765625 573.3562622070312 88.33911895751953 
267
0 1330.1363525390625 395.3681640625 2042.7763671875 1026.207275390625 
3 0.0 269.87060546875 159.32420349121094 586.0693359375 
3 0.3321647644042969 442.1547546386719 139.98553466796875 672.398193359375 
3 545.1281127929688 39.85551452636719 573.3318481445312 88.34478759765625 
268
0 1364.7127685546875 397.8133239746094 2077.556396484375 1027.271728515625 
3 0.4037590026855469 260.1805725097656 159.10009765625 671.7765502929688 
3 0.2918891906738281 438.4884033203125 142.28863525390625 675.8416748046875 
269
0 1403.3380126953125 400.5289306640625 2112.89599609375 1028.5797119140625 
3 0.19225311279296875 146.441162109375 158.10340881347656 675.2568359375 
3 0.2964363098144531 147.33660888671875 158.59120178222656 674.74560546875 
3 545.4122924804688 40.26368713378906 573.5789794921875 88.14686584472656 
3 662.4335327148438 21.593612670898438 680.7938842773438 72.86378479003906 
270
0 1449.6405029296875 403.9927978515625 2150.8056640625 1031.8216552734375 
3 0.49776458740234375 304.00823974609375 159.12367248535156 674.640380859375 
3 0.2548179626464844 420.42913818359375 142.09776306152344 676.5940551757812 
271
0 1498.073486328125 408.4306945800781 2184.794677734375 1044.58447265625 
3 0.2565269470214844 410.9643859863281 141.79006958007812 676.0772094726562 
3 0.5027885437011719 314.76885986328125 158.6289520263672 674.2935791015625 
272
0 1555.553955078125 413.4082946777344 2219.1044921875 1061.0853271484375 
3 0.38600921630859375 318.2823486328125 158.80177307128906 675.0724487304688 
273
0 1605.7982177734375 419.1186828613281 2250.820556640625 1062.2113037109375 
3 0.41915130615234375 314.49945068359375 159.01797485351562 675.2953491210938 
3 0.33289337158203125 145.50201416015625 156.2086181640625 679.8616333007812 
274
0 1626.6689453125 428.0439453125 2280.809814453125 1065.35546875 
3 0.2579002380371094 317.1239013671875 158.74261474609375 676.6394653320312 
3 0.3060417175292969 145.3855438232422 157.11001586914062 680.4371948242188 
3 0.113037109375 318.226806640625 159.14918518066406 675.245849609375 
275
0 1624.982421875 438.7901306152344 2311.3349609375 1068.4879150390625 
3 0.3834037780761719 317.4743347167969 159.00689697265625 675.9893798828125 
3 0.26261138916015625 142.24827575683594 157.850341796875 677.8928833007812 
3 0.21612167358398438 144.35848999023438 156.2549285888672 681.763671875 
3 543.8829956054688 39.95384216308594 572.96826171875 88.55973815917969 
3 662.2520751953125 20.87810516357422 681.4135131835938 72.98883056640625 
276
0 1626.041015625 449.68359375 2340.30517578125 1068.8184814453125 
3 0.18725967407226562 148.29525756835938 158.28953552246094 676.6920166015625 
3 0.1231842041015625 320.0924377441406 158.45755004882812 674.7747802734375 
3 662.31591796875 20.673828125 681.4059448242188 73.1004867553711 
277
0 1626.1961669921875 464.53546142578125 2369.16455078125 1069.240966796875 
3 0.221588134765625 147.4497833251953 158.3653106689453 676.960205078125 
3 662.2697143554688 20.552215576171875 681.552001953125 73.09246826171875 
278
0 1626.277587890625 479.779052734375 2397.459228515625 1068.857666015625 
3 0.27837371826171875 328.7204895019531 158.2070770263672 673.5833129882812 
279
0 1628.182861328125 496.212646484375 2425.793212890625 1068.7789306640625 
3 0.08709716796875 146.9556427001953 158.59486389160156 676.0414428710938 
3 0.26397705078125 329.3446044921875 157.7266387939453 675.2135009765625 
3 662.3199462890625 20.63193130493164 681.4824829101562 73.29702758789062 
280
0 1628.111572265625 514.7078247070312 2456.42578125 1070.2418212890625 
3 0.10348129272460938 145.3592987060547 158.53182983398438 676.3941040039062 
3 0.2888946533203125 331.10302734375 157.62942504882812 675.40576171875 
3 662.7168579101562 20.460548400878906 681.46533203125 73.1036376953125 
281
0 1628.030517578125 532.7108154296875 2483.497802734375 1070.569091796875 
3 0.38524627685546875 334.302734375 157.81126403808594 675.8927612304688 
3 662.733154296875 20.508220672607422 681.4095458984375 73.06723022460938 
282
0 1630.764892578125 549.2264404296875 2515.440185546875 1068.9656982421875 
3 0.353485107421875 336.28948974609375 158.064697265625 675.4752197265625 
3 662.8735961914062 20.766643524169922 681.1766967773438 73.04112243652344 
283
0 1639.99951171875 565.330322265625 2547.389892578125 1068.8681640625 
3 0.39382171630859375 336.55194091796875 157.50059509277344 675.9725341796875 
3 662.957763671875 20.881858825683594 681.1427001953125 72.94782257080078 
284
0 1648.0885009765625 578.5870361328125 2556.93505859375 1069.26171875 
3 0.3811607360839844 337.4555969238281 157.16403198242188 677.52197265625 
3 663.035400390625 21.01663589477539 681.0916137695312 72.96476745605469 
3 545.0084228515625 39.070556640625 572.4048461914062 88.23300170898438 
3 0.07513046264648438 163.1491241455078 157.64244079589844 677.705810546875 
285
0 1676.1060791015625 591.28271484375 2556.813232421875 1071.3778076171875 
3 0.34960174560546875 338.530517578125 157.93551635742188 677.2277221679688 
286
0 1702.0611572265625 602.83740234375 2557.97314453125 1071.94970703125 
3 0.21662139892578125 337.14373779296875 157.6857147216797 677.7788696289062 
3 0.059795379638671875 153.4426727294922 158.07469177246094 678.92919921875 
287
0 1737.4305419921875 612.7572631835938 2558.16259765625 1073.80517578125 
3 0.3353271484375 338.2440490722656 159.26832580566406 678.2328491210938 
288
0 1780.7794189453125 623.7255859375 2558.351806640625 1073.8367919921875 
3 0.3119087219238281 338.54840087890625 155.5252227783203 678.6532592773438 
289
0 1814.390869140625 641.9732055664062 2558.414306640625 1073.7728271484375 
3 663.1421508789062 20.88705825805664 680.9539184570312 73.12528991699219 
3 545.216064453125 39.29405212402344 572.4813232421875 88.59950256347656 
3 0.3591880798339844 338.0924072265625 160.48756408691406 684.6178588867188 
290
0 1854.0257568359375 664.47802734375 2558.39111328125 1073.0928955078125 
3 0.2640647888183594 339.2647399902344 154.23760986328125 676.89599609375 
3 544.7083129882812 39.1378173828125 572.8884887695312 88.49395751953125 
3 663.1265258789062 20.803993225097656 681.06787109375 73.19322204589844 
291
0 1893.30029296875 670.2421875 2558.112548828125 1074.197021484375 
3 544.5486450195312 39.19831085205078 572.789794921875 88.62649536132812 
3 662.8798217773438 20.43741226196289 680.9462280273438 73.15423583984375 
292
0 1930.3685302734375 677.2001953125 2558.266357421875 1074.96728515625 
3 544.3942260742188 39.28327941894531 572.3474731445312 88.66236877441406 
3 662.8159790039062 20.59764862060547 681.10009765625 73.20075225830078 
293
0 1971.2425537109375 683.3471069335938 2558.463134765625 1074.46337890625 
3 544.5150146484375 39.266571044921875 572.23193359375 88.31229400634766 
3 662.8414306640625 20.628768920898438 681.0515747070312 73.17728424072266 
294
0 2013.7987060546875 692.4620361328125 2558.534423828125 1074.2427978515625 
3 544.2098388671875 39.212120056152344 572.3748168945312 88.60906982421875 
3 0.4048614501953125 339.5903625488281 190.20669555664062 673.050048828125 
3 662.859375 20.593685150146484 681.1011962890625 73.24322509765625 
295
0 2028.464599609375 702.5919799804688 2558.5 1074.6036376953125 
3 0.46515655517578125 340.5088806152344 198.6842498779297 670.904541015625 
3 543.8711547851562 39.36449432373047 572.6653442382812 88.61388397216797 
3 662.92236328125 20.938255310058594 680.8369140625 73.15849304199219 
296
0 2031.8668212890625 713.7813110351562 2558.37939453125 1074.7379150390625 
3 543.9050903320312 39.30767822265625 572.4324951171875 88.6634521484375 
3 0.3917083740234375 340.95953369140625 205.04788208007812 672.3223266601562 
297
0 2038.211181640625 726.1857299804688 2558.456787109375 1076.08056640625 
3 543.9959716796875 39.29652404785156 572.3861083984375 88.66313934326172 
298
0 2051.751220703125 740.5482177734375 2558.659912109375 1075.41748046875 
3 543.8799438476562 39.176063537597656 572.3640747070312 88.49271392822266 
299
0 2065.2060546875 757.81494140625 2558.660400390625 1075.833251953125 
3 543.8551025390625 39.056488037109375 573.0980224609375 88.54883575439453 
300
0 2102.09130859375 771.3365478515625 2558.639892578125 1075.485595703125 
3 543.784912109375 39.12873840332031 573.06005859375 88.46101379394531 
301
0 2178.326171875 788.2901000976562 2558.920166015625 1075.599365234375 
3 0.5291290283203125 343.0338134765625 234.55316162109375 662.489990234375 
3 543.8983154296875 39.246665954589844 573.392578125 88.43488311767578 
302
3 0.3999748229980469 340.6241149902344 140.66468811035156 669.688232421875 
3 543.8140869140625 39.24250030517578 573.4583129882812 88.62850952148438 
0 2219.49267578125 809.8013916015625 2559.092529296875 1075.603515625 
303
3 2314.99951171875 828.6731567382812 2559.06396484375 1075.5704345703125 
3 0.72991943359375 330.6881408691406 242.49899291992188 657.9083862304688 
3 543.8025512695312 39.16569519042969 573.5534057617188 88.66629791259766 
304
3 2369.23583984375 845.684326171875 2558.91015625 1077.0078125 
3 543.80859375 39.15447998046875 573.509765625 88.5325698852539 
3 0.4336090087890625 305.6496276855469 243.52734375 673.1533203125 
305
3 0.0 302.6292419433594 243.8986358642578 633.4720458984375 
3 0.3110084533691406 401.1576232910156 142.125244140625 677.2550048828125 
3 543.9437866210938 39.18986511230469 573.4852294921875 88.42753601074219 
306
3 0.13726806640625 302.374267578125 243.8564910888672 658.8780517578125 
3 543.953369140625 39.14727020263672 573.4742431640625 88.42864990234375 
3 0.3672294616699219 389.7239074707031 142.2671356201172 678.92236328125 
307
3 0.36811065673828125 300.09381103515625 243.93849182128906 677.6435546875 
3 544.2439575195312 39.31396484375 573.3851318359375 88.41834259033203 
3 2438.919677734375 934.7144775390625 2559.0625 1079.668212890625 
308
3 0.4448394775390625 297.4211120605469 243.94387817382812 673.52880859375 
3 544.3638305664062 39.40235137939453 573.0305786132812 88.41574096679688 
309
3 0.06305694580078125 296.16558837890625 244.1938934326172 607.1742553710938 
3 0.23282623291015625 411.9057922363281 140.9307861328125 677.9899291992188 
3 544.4292602539062 39.27146911621094 572.8607788085938 88.4824447631836 
310
3 0.147918701171875 296.6746826171875 243.94479370117188 605.3856811523438 
3 0.18302154541015625 468.4508972167969 136.3984832763672 676.2900390625 
3 544.8893432617188 39.425445556640625 572.708740234375 88.56424713134766 
311
3 0.11590576171875 293.812255859375 244.0394287109375 602.817138671875 
3 0.23103713989257812 462.60992431640625 140.48313903808594 676.7461547851562 
3 544.8697509765625 39.32707977294922 572.4039916992188 88.42625427246094 
312
3 0.03515625 291.3166198730469 244.35433959960938 604.2673950195312 
3 0.2235565185546875 405.94171142578125 139.08700561523438 675.8658447265625 
3 544.853759765625 39.379478454589844 572.1465454101562 88.48184967041016 
3 0.2621498107910156 389.4915771484375 140.8861846923828 675.991455078125 
313
3 0.252349853515625 290.9020690917969 244.29173278808594 604.3252563476562 
3 0.2648429870605469 470.90655517578125 140.87294006347656 675.214599609375 
3 544.8508911132812 39.412391662597656 572.1522216796875 88.57685089111328 
314
3 0.0 290.7894287109375 244.58262634277344 594.3820190429688 
3 0.2340240478515625 474.460205078125 141.20291137695312 673.4278564453125 
3 544.883056640625 39.465179443359375 572.2047119140625 88.60913848876953 
315
3 0.0076904296875 289.73193359375 244.69644165039062 597.052978515625 
3 0.20291519165039062 477.03662109375 140.3497314453125 673.8915405273438 
3 544.8359375 39.38490295410156 572.16748046875 88.59209442138672 
316
3 0.1425933837890625 290.615234375 244.65121459960938 611.0274658203125 
3 544.96875 39.37677001953125 572.26806640625 88.57727813720703 
3 0.20183181762695312 476.4993896484375 138.98870849609375 671.9396362304688 
3 0.4609489440917969 476.13690185546875 134.7705535888672 670.3690185546875 
317
3 0.0792236328125 295.133544921875 244.54327392578125 612.056884765625 
3 0.46791839599609375 476.19342041015625 136.16090393066406 672.6265869140625 
3 544.9293212890625 39.38798522949219 572.3598022460938 88.46211242675781 
318
3 0.07769775390625 295.79583740234375 244.94699096679688 634.5591430664062 
3 0.25450897216796875 477.9288330078125 140.16546630859375 675.4541625976562 
3 544.94970703125 39.3988037109375 572.3856201171875 88.4270248413086 
3 0.467254638671875 479.582763671875 141.4169921875 674.8488159179688 
319
3 0.013153076171875 301.1798095703125 244.78668212890625 630.906005859375 
3 0.17876815795898438 478.02935791015625 139.14505004882812 675.2293701171875 
3 544.6478271484375 39.223175048828125 572.568115234375 88.42218780517578 
320
3 0.0 303.1574401855469 244.82769775390625 634.6732177734375 
3 0.17165756225585938 478.0865478515625 139.82225036621094 675.1430053710938 
3 544.7160034179688 39.329246520996094 572.3829345703125 88.26296997070312 
321
3 0.0 309.86474609375 245.1566162109375 631.1173095703125 
3 0.220062255859375 477.510986328125 139.42466735839844 674.5799560546875 
3 544.6351928710938 39.26202392578125 572.5526733398438 88.3871841430664 
322
3 0.0 313.0860900878906 245.04473876953125 639.636474609375 
3 0.3450736999511719 479.0609130859375 141.211181640625 675.1386108398438 
3 544.6663208007812 39.490692138671875 572.7918090820312 88.33819580078125 
323
3 0.147735595703125 315.6790466308594 244.1136016845703 636.4271240234375 
3 0.3475151062011719 477.40478515625 141.28285217285156 673.8792114257812 
3 544.44384765625 39.407554626464844 572.8964233398438 88.37283325195312 
324
3 0.19439697265625 319.35601806640625 243.43702697753906 643.6483764648438 
3 0.3244438171386719 474.3348388671875 140.82662963867188 673.3397216796875 
3 544.48974609375 39.53407287597656 572.8685302734375 88.31112670898438 
325
3 0.402008056640625 323.6853332519531 244.10711669921875 665.1217041015625 
326
3 0.06932830810546875 325.9448547363281 242.31524658203125 645.796875 
3 0.3156929016113281 465.0482177734375 141.33126831054688 673.2738647460938 
327
3 0.183197021484375 329.76312255859375 243.66543579101562 668.1468505859375 
328
3 0.4085235595703125 338.7549133300781 229.96051025390625 676.5511474609375 
329
3 0.400115966796875 351.7134704589844 222.67251586914062 675.73681640625 
3 0.3119049072265625 468.613525390625 141.3299560546875 674.361572265625 
330
3 0.5662994384765625 375.2760925292969 221.15882873535156 675.5025634765625 
3 0.8139801025390625 374.58905029296875 220.9496612548828 675.3933715820312 
3 0.241729736328125 482.19537353515625 141.43646240234375 675.255126953125 
331
3 0.5923538208007812 373.9467468261719 220.58157348632812 675.1629028320312 
3 0.4628181457519531 483.47381591796875 140.59495544433594 675.0802612304688 
332
3 0.46733856201171875 378.971435546875 236.90109252929688 673.25244140625 
3 0.322296142578125 492.2086181640625 132.87664794921875 673.090576171875 
333
3 0.33739471435546875 383.3367614746094 242.7820281982422 675.6257934570312 
334
3 0.40069580078125 388.13360595703125 241.52951049804688 674.6796264648438 
335
3 0.5915679931640625 390.173095703125 218.16885375976562 675.9345703125 
336
3 0.5465850830078125 392.2944030761719 228.98373413085938 681.6511840820312 
337
3 0.6959915161132812 400.6161804199219 221.0173797607422 698.5020751953125 
338
3 0.6243133544921875 407.1388244628906 219.5498046875 714.8565673828125 
339
340
3 0.5438079833984375 419.75848388671875 219.0562744140625 729.79931640625 
341
3 661.415283203125 19.885269165039062 681.619873046875 73.33583068847656 
3 0.4810142517089844 426.8757019042969 165.35263061523438 735.7022705078125 
3 543.2854614257812 34.10125732421875 572.98046875 88.13092803955078 
342
3 0.42850494384765625 431.34228515625 168.2473602294922 744.2325439453125 
3 0.5845794677734375 431.265625 215.2552490234375 744.041259765625 
343
3 0.5064620971679688 437.26910400390625 215.89083862304688 751.4855346679688 
344
3 0.4480133056640625 442.05230712890625 171.87945556640625 755.04736328125 
3 0.716888427734375 442.664306640625 209.6619873046875 754.2959594726562 
345
3 0.31746673583984375 448.4861755371094 167.36817932128906 757.3054809570312 
346
3 0.26923370361328125 456.5260314941406 168.9182586669922 757.247314453125 
347
3 0.23528671264648438 470.0055236816406 166.33700561523438 756.960693359375 
348
3 0.26642608642578125 483.5806884765625 163.7840576171875 758.462890625 
349
3 0.2632331848144531 484.7071533203125 166.319580078125 758.5091552734375 
350
3 0.2342681884765625 486.384765625 165.41775512695312 760.0677490234375 
351
3 0.15744781494140625 486.82354736328125 164.39630126953125 760.97021484375 
352
3 0.1676788330078125 485.52813720703125 164.26361083984375 758.876953125 
353
3 0.34075927734375 484.9976806640625 163.73855590820312 757.7659301757812 
354
3 0.26142120361328125 484.29949951171875 163.4066162109375 768.4367065429688 
355
3 0.23171615600585938 484.54052734375 162.80662536621094 775.359375 
356
3 0.1417083740234375 484.5604248046875 162.52557373046875 802.5670166015625 
357
3 0.19681167602539062 482.9696044921875 162.75747680664062 812.4768676757812 
358
3 0.22492599487304688 483.6099853515625 162.20028686523438 810.0057373046875 
359
3 0.20447158813476562 483.39849853515625 161.54263305664062 816.3379516601562 
360
3 0.35930633544921875 483.5806884765625 160.33009338378906 773.6322631835938 
361
3 0.32207489013671875 483.4736328125 157.83526611328125 761.707275390625 
362
3 0.3136177062988281 483.1380615234375 151.36611938476562 757.5059204101562 
363
3 0.273345947265625 483.1605224609375 150.19638061523438 758.7869873046875 
364
3 0.22272872924804688 483.0213623046875 140.11871337890625 756.9617919921875 
365
366
3 0.3038597106933594 482.6519775390625 129.1818389892578 757.9050903320312 
367
3 0.3140907287597656 482.44940185546875 129.3479766845703 747.8843383789062 
368
369
370
3 662.2694091796875 20.451499938964844 682.2029418945312 73.37063598632812 
371
372
373
3 543.4116821289062 38.95246124267578 572.0221557617188 88.89926147460938 
3 662.172607421875 20.462326049804688 681.814208984375 73.26872253417969 
374
375
376
377
378
3 544.261474609375 39.58557891845703 572.5142822265625 88.56536102294922 
379
380
381
382
383
384
385
386
387
388
389
3 543.3382568359375 39.01245880126953 573.5518798828125 88.88703918457031 
390
