0
1
3 230.9974365234375 409.5714111328125 451.7508544921875 774.3541259765625 
3 322.53485107421875 410.22161865234375 450.6724548339844 772.6415405273438 
2
3 319.76824951171875 415.2000732421875 451.21044921875 768.744384765625 
3
3 325.5354309082031 411.826171875 452.12933349609375 760.602783203125 
4
3 321.95318603515625 405.4529113769531 451.4786376953125 775.6983032226562 
5
6
3 318.68670654296875 415.1419372558594 450.517822265625 778.075927734375 
7
8
3 318.95184326171875 409.1839599609375 452.6055908203125 772.1423950195312 
9
3 317.913330078125 410.91192626953125 454.9942932128906 775.4468994140625 
10
3 319.67724609375 409.4952392578125 452.4031982421875 771.8091430664062 
11
3 315.78082275390625 410.3348388671875 452.2033996582031 777.0833129882812 
12
3 319.04840087890625 411.0733642578125 453.4476013183594 767.7265625 
13
3 318.6374816894531 407.2176513671875 451.9032897949219 775.9974365234375 
14
3 309.8979187011719 411.05731201171875 456.3263854980469 774.0283813476562 
3 219.27569580078125 464.2504577636719 276.9530334472656 592.493896484375 
15
3 312.76220703125 410.657470703125 460.8377685546875 771.1611328125 
16
3 312.60711669921875 408.4246826171875 457.61480712890625 774.8432006835938 
3 223.74220275878906 468.8921813964844 279.3026123046875 589.5413818359375 
17
3 314.15496826171875 411.2928771972656 466.18438720703125 772.688720703125 
18
3 311.59539794921875 409.12188720703125 470.68084716796875 768.0390014648438 
19
3 311.36883544921875 409.68695068359375 468.662353515625 775.927490234375 
20
3 312.60528564453125 412.59808349609375 464.79150390625 774.4869384765625 
21
3 313.66339111328125 410.89215087890625 471.57415771484375 775.838134765625 
22
3 309.98724365234375 407.7959289550781 471.5235900878906 775.3112182617188 
23
3 312.4602966308594 408.81854248046875 475.5750732421875 773.1280517578125 
24
3 305.1347961425781 410.6761474609375 474.305419921875 768.18896484375 
25
3 309.014892578125 408.5430908203125 475.34088134765625 774.1071166992188 
26
3 309.8494873046875 407.5523986816406 470.80291748046875 779.532470703125 
27
3 311.0863952636719 407.45684814453125 471.737060546875 773.780029296875 
28
3 310.32904052734375 411.0706787109375 469.70819091796875 782.15283203125 
29
3 304.90362548828125 407.16729736328125 472.8650207519531 779.9300537109375 
30
3 308.9732971191406 405.5774230957031 469.5433044433594 772.7462158203125 
31
3 311.8763427734375 408.6954345703125 468.4637145996094 777.416748046875 
32
3 305.54180908203125 405.2923278808594 465.5797119140625 766.87109375 
33
3 310.5625 406.09405517578125 463.4667663574219 772.30078125 
34
3 313.5927429199219 407.8334655761719 464.76702880859375 776.3527221679688 
35
3 316.1871032714844 410.507568359375 458.81341552734375 772.513671875 
36
3 315.8070983886719 411.957275390625 455.15740966796875 779.6650390625 
37
3 316.1045837402344 411.4078369140625 452.6613464355469 774.3406982421875 
38
3 314.5682067871094 410.6159362792969 451.30255126953125 764.490966796875 
39
3 317.3483581542969 411.5860290527344 452.7060241699219 775.0166015625 
40
3 319.11492919921875 410.2716064453125 451.28350830078125 776.2288818359375 
41
3 320.60174560546875 409.9999694824219 452.60577392578125 767.367919921875 
42
3 316.70416259765625 409.2734069824219 450.70513916015625 761.8179931640625 
43
3 318.0328369140625 413.37774658203125 451.17462158203125 777.2528686523438 
44
3 319.38690185546875 411.5411376953125 451.03240966796875 774.961669921875 
45
3 320.64959716796875 414.0084228515625 451.54974365234375 777.04296875 
46
3 321.05181884765625 413.1080322265625 451.0660400390625 773.5166015625 
47
3 321.0833740234375 410.3157958984375 450.830322265625 768.9083862304688 
48
3 320.9046936035156 415.1932373046875 449.13690185546875 759.48046875 
49
50
51
3 320.4039001464844 412.01898193359375 449.9729919433594 779.3787231445312 
52
3 322.5675354003906 412.89019775390625 448.5965881347656 778.4302368164062 
53
3 318.17919921875 412.1095275878906 447.4434814453125 785.7440185546875 
3 318.16693115234375 411.2630310058594 446.8642272949219 786.8966674804688 
54
3 321.35687255859375 408.9086608886719 447.0817565917969 776.5311279296875 
55
56
57
58
3 316.92803955078125 412.2725830078125 447.77471923828125 740.3461303710938 
59
3 320.3597412109375 408.4952087402344 447.33331298828125 783.819580078125 
60
3 313.23382568359375 411.7561340332031 449.1806640625 780.19677734375 
61
3 306.439208984375 411.19415283203125 451.35821533203125 771.9935302734375 
62
3 320.2027893066406 410.4764099121094 447.539306640625 771.881591796875 
63
3 314.4254455566406 405.924560546875 448.465087890625 779.7057495117188 
64
3 318.2354736328125 411.68695068359375 445.5972900390625 783.2020263671875 
65
3 317.68890380859375 413.39141845703125 444.50830078125 750.1041870117188 
66
3 318.6051025390625 409.050048828125 447.667236328125 771.5293579101562 
67
68
3 314.450927734375 412.43585205078125 446.59796142578125 777.4495239257812 
69
3 304.43096923828125 411.09051513671875 447.16741943359375 770.5720825195312 
70
3 313.2411804199219 404.8289794921875 447.14215087890625 772.9449462890625 
71
72
3 309.4356689453125 412.5989685058594 442.9287109375 778.623779296875 
73
3 312.6623840332031 410.8173522949219 445.8590087890625 774.9473876953125 
74
3 308.24493408203125 406.50531005859375 445.35748291015625 778.7177734375 
75
3 312.62530517578125 406.77374267578125 448.1171875 778.0423583984375 
76
3 314.8631591796875 406.07989501953125 447.01123046875 773.1062622070312 
77
3 313.6808166503906 408.7358093261719 446.19537353515625 775.4190673828125 
78
3 311.08099365234375 402.8090515136719 445.6593933105469 770.3596801757812 
79
3 311.818115234375 409.77813720703125 446.5391845703125 774.3568725585938 
80
3 313.6904296875 408.5768737792969 446.18597412109375 779.2493896484375 
81
3 315.5608215332031 409.6468505859375 447.51849365234375 775.6025390625 
82
3 314.7171630859375 407.3670959472656 449.71258544921875 774.1051025390625 
83
3 316.25567626953125 405.4488830566406 449.337646484375 781.7276000976562 
84
3 310.50384521484375 412.9809265136719 450.26202392578125 775.790283203125 
85
3 317.5987243652344 409.8375549316406 449.4232177734375 780.3294067382812 
86
3 319.48980712890625 405.36163330078125 449.11444091796875 773.5281372070312 
87
88
3 315.4012451171875 405.45147705078125 450.5781555175781 776.6533813476562 
89
3 317.09649658203125 404.63177490234375 450.57476806640625 760.1339721679688 
90
3 318.16021728515625 408.73175048828125 448.04766845703125 775.3075561523438 
91
3 313.9830322265625 408.08953857421875 447.83154296875 777.4884033203125 
92
3 314.3026428222656 412.22186279296875 449.05255126953125 781.346923828125 
93
3 317.52716064453125 408.8680114746094 445.78656005859375 775.0069580078125 
94
3 297.6473083496094 409.76983642578125 448.2459716796875 771.853271484375 
95
3 309.23492431640625 409.24346923828125 448.789306640625 779.7938232421875 
96
3 313.55963134765625 411.9734802246094 448.3775634765625 774.6491088867188 
97
3 313.7423095703125 407.0157165527344 445.3291015625 772.0086669921875 
98
3 310.887939453125 408.31329345703125 447.9559020996094 777.1697387695312 
99
3 308.27960205078125 408.78271484375 447.3675842285156 768.6295166015625 
100
3 309.5194091796875 406.6761474609375 445.755615234375 773.5191650390625 
101
3 307.66839599609375 410.1597900390625 446.351806640625 777.3436889648438 
102
3 311.014404296875 405.333984375 446.08135986328125 775.107421875 
103
3 308.9991760253906 406.01953125 444.8070373535156 778.9780883789062 
104
3 304.80908203125 408.09503173828125 444.7848815917969 778.4005737304688 
105
3 305.79156494140625 407.5602722167969 444.3598937988281 774.908935546875 
106
3 308.0963439941406 406.84893798828125 445.9237976074219 782.360595703125 
107
3 307.4777526855469 404.90020751953125 445.8304138183594 772.7099609375 
108
109
3 318.42828369140625 407.5545654296875 449.62335205078125 780.5143432617188 
110
3 321.61285400390625 404.03436279296875 450.1863098144531 778.6114501953125 
111
3 321.4272766113281 405.13800048828125 449.8266906738281 772.92138671875 
112
3 322.9402770996094 408.3133544921875 451.94775390625 770.6456909179688 
113
114
3 322.9518127441406 409.7674560546875 450.23046875 775.9015502929688 
115
3 325.1741943359375 411.13275146484375 450.04071044921875 770.8924560546875 
116
3 316.01251220703125 409.4947814941406 445.9181213378906 768.0770874023438 
117
3 312.43133544921875 406.70361328125 445.890380859375 781.9458618164062 
118
3 311.6051025390625 409.94122314453125 445.0440673828125 771.1788940429688 
119
3 310.73785400390625 412.6443786621094 446.22576904296875 721.189453125 
120
121
3 307.1080017089844 409.4999084472656 447.57928466796875 769.8740844726562 
122
3 312.57525634765625 406.82208251953125 447.8894348144531 774.0809326171875 
3 217.78179931640625 468.18841552734375 279.4352722167969 600.88525390625 
123
3 305.54486083984375 406.92657470703125 446.953857421875 765.2316284179688 
124
3 312.2573547363281 408.1619567871094 445.65447998046875 775.037841796875 
125
3 313.5830078125 409.12994384765625 444.7318115234375 775.2374267578125 
126
3 312.10992431640625 408.5087890625 444.9039001464844 775.8394775390625 
127
3 313.34906005859375 405.85784912109375 444.1282958984375 774.740966796875 
128
3 310.82586669921875 406.9541931152344 445.47662353515625 775.4798583984375 
129
3 310.14739990234375 410.5673828125 445.4125671386719 780.6605224609375 
130
3 311.2882080078125 407.6353454589844 445.19012451171875 774.513427734375 
131
3 311.54278564453125 406.694091796875 443.1646728515625 778.231201171875 
132
3 307.42156982421875 407.6121826171875 442.95684814453125 773.171875 
133
3 295.7792663574219 410.3486022949219 443.78131103515625 775.171142578125 
134
3 310.06378173828125 406.99932861328125 442.817138671875 782.109375 
135
3 309.1736145019531 405.831787109375 440.9290771484375 776.6903686523438 
136
3 309.9267578125 408.44134521484375 442.61944580078125 775.7297973632812 
137
3 310.5359802246094 407.53717041015625 442.4845275878906 772.3223876953125 
138
3 311.26898193359375 407.9367370605469 440.3577575683594 773.8946533203125 
139
3 309.6026916503906 410.16534423828125 440.4305419921875 769.5269165039062 
140
3 307.1680908203125 407.95916748046875 442.9618835449219 770.3074951171875 
141
3 308.4521179199219 410.0478515625 443.88665771484375 775.98779296875 
142
3 309.8692321777344 408.7880859375 441.736083984375 775.3833618164062 
143
3 304.9620361328125 409.6153564453125 440.57391357421875 729.8798828125 
144
3 305.346435546875 408.3515625 445.2887878417969 788.455810546875 
145
3 306.171875 408.3900146484375 442.509521484375 776.0657958984375 
146
3 301.4989318847656 407.5547790527344 441.4847412109375 769.825927734375 
147
148
3 308.9986572265625 409.85833740234375 443.265869140625 773.84228515625 
149
3 308.90948486328125 405.2886962890625 439.576171875 768.7084350585938 
150
3 309.1778869628906 406.0454406738281 439.59552001953125 776.61767578125 
151
152
3 300.9911193847656 407.76318359375 441.3372802734375 784.3716430664062 
153
3 307.55389404296875 407.8230285644531 439.716552734375 781.5313720703125 
154
3 308.70489501953125 406.97845458984375 442.64581298828125 776.598876953125 
155
3 300.5098876953125 404.13726806640625 439.3926086425781 772.350830078125 
156
157
3 308.80517578125 402.8419189453125 441.32464599609375 776.67626953125 
158
3 308.328125 403.59246826171875 442.9566650390625 764.7852783203125 
159
160
161
162
3 299.5788879394531 405.1412353515625 439.86907958984375 773.7178344726562 
163
3 302.1551513671875 406.7659606933594 438.68255615234375 771.3693237304688 
164
3 301.8404235839844 408.0295715332031 441.4021911621094 778.6188354492188 
165
3 305.2914123535156 407.44757080078125 438.9005126953125 776.1910400390625 
166
3 304.3478698730469 409.2140808105469 439.5420227050781 766.3116455078125 
3 204.3783416748047 463.4343566894531 269.9762878417969 622.7173461914062 
3 206.16024780273438 465.4049377441406 265.205322265625 609.3130493164062 
167
3 304.8845520019531 408.8376159667969 442.37225341796875 771.2828979492188 
168
169
170
3 305.723388671875 405.196533203125 445.53936767578125 764.1256103515625 
171
3 302.7673645019531 406.798828125 442.75311279296875 778.7261352539062 
172
3 305.45269775390625 405.5968017578125 440.3888854980469 776.0952758789062 
173
3 301.2540283203125 405.44256591796875 442.57098388671875 767.6976318359375 
174
3 295.7359313964844 405.9580993652344 441.5684814453125 769.398681640625 
175
3 303.18670654296875 407.23291015625 442.01800537109375 772.9319458007812 
176
3 301.7825012207031 406.0030517578125 444.93231201171875 773.7239990234375 
177
3 300.50311279296875 404.76251220703125 448.19671630859375 765.198974609375 
3 299.8299865722656 405.017822265625 448.0806884765625 766.513916015625 
178
3 306.9378662109375 409.3534240722656 442.6475830078125 769.8526611328125 
179
180
181
3 306.4912109375 407.2387390136719 444.3968505859375 769.0054931640625 
182
3 309.9353942871094 401.91192626953125 445.00579833984375 777.0340576171875 
183
3 308.1540832519531 402.1373291015625 441.899658203125 780.165771484375 
184
3 308.36236572265625 403.73748779296875 440.974853515625 734.5299682617188 
185
3 302.16943359375 406.08392333984375 442.249267578125 784.9874267578125 
186
3 307.5312194824219 403.42340087890625 440.8043518066406 781.734375 
187
3 308.5449523925781 411.27911376953125 437.5582580566406 773.5548706054688 
188
189
3 307.63812255859375 407.6785888671875 438.3857421875 778.4036865234375 
190
3 304.75732421875 401.7093200683594 444.13226318359375 778.949951171875 
191
3 301.0379333496094 403.825439453125 440.8649597167969 771.621826171875 
192
193
3 302.7228088378906 402.894775390625 438.3219909667969 775.2786254882812 
194
3 304.7549743652344 407.71429443359375 439.01434326171875 770.4783325195312 
195
3 302.943359375 412.29327392578125 440.1215515136719 770.5592651367188 
196
3 305.90740966796875 411.7259216308594 440.6209716796875 772.1884765625 
197
3 302.1705017089844 404.0830993652344 440.2445983886719 779.6898193359375 
198
3 300.23779296875 400.1826171875 437.4107666015625 778.2182006835938 
199
3 301.7740783691406 405.11102294921875 435.51373291015625 779.6591796875 
200
3 302.6995544433594 403.1575012207031 437.5135498046875 776.3329467773438 
201
3 301.2377014160156 401.57684326171875 438.1336669921875 795.9091796875 
202
3 306.74237060546875 406.03271484375 437.956787109375 775.8931884765625 
203
3 303.8740234375 405.58587646484375 439.4605712890625 781.6368408203125 
204
205
206
207
208
3 301.1018371582031 405.9058837890625 441.33544921875 773.7308349609375 
209
210
211
212
3 309.98095703125 405.32830810546875 437.22100830078125 778.18994140625 
213
3 305.3829650878906 403.1729736328125 438.3802490234375 770.4766845703125 
214
215
3 308.9315490722656 409.95654296875 438.77813720703125 774.218017578125 
216
3 307.4106140136719 409.91552734375 441.3983154296875 774.9158935546875 
217
218
3 295.0111389160156 400.696533203125 439.82818603515625 778.7816162109375 
219
3 309.69757080078125 403.90667724609375 440.598388671875 773.7374267578125 
220
3 306.1396179199219 403.95172119140625 439.022216796875 773.1366577148438 
221
3 310.29205322265625 402.7718505859375 442.96197509765625 777.1594848632812 
222
3 309.6571044921875 400.0616455078125 438.81781005859375 784.2991943359375 
223
3 305.1589050292969 406.3699951171875 440.2096252441406 790.816650390625 
224
225
3 306.59228515625 405.4292907714844 442.29791259765625 779.41015625 
226
3 306.2108154296875 404.1048889160156 443.06512451171875 780.4989013671875 
227
3 306.34600830078125 407.8037109375 441.12042236328125 774.3799438476562 
228
3 302.0098571777344 406.3092956542969 440.12542724609375 772.8111572265625 
229
3 260.25360107421875 402.5234069824219 441.3958740234375 774.8660888671875 
230
3 304.1021728515625 402.415283203125 439.64849853515625 771.117919921875 
231
3 308.0401611328125 401.3409423828125 442.33148193359375 773.4429931640625 
232
3 307.0595703125 407.0718994140625 441.193115234375 772.6728515625 
233
3 307.09832763671875 405.872314453125 439.6956481933594 776.398193359375 
234
235
3 307.8404541015625 405.03863525390625 441.51910400390625 777.3817749023438 
236
237
3 310.705322265625 406.6578369140625 441.53265380859375 775.2867431640625 
238
239
3 307.1650085449219 408.0295715332031 441.8771667480469 772.7620239257812 
240
241
242
3 308.7863464355469 403.5205993652344 440.04669189453125 774.391845703125 
243
3 306.0680847167969 405.05706787109375 441.60540771484375 765.35595703125 
244
3 306.8385314941406 404.93536376953125 440.3387451171875 777.5101318359375 
245
3 290.7797546386719 405.3835144042969 438.05120849609375 776.5972900390625 
246
3 308.39202880859375 402.95819091796875 439.30096435546875 775.2081298828125 
247
3 269.6250915527344 403.81005859375 439.27264404296875 773.4091186523438 
248
3 300.95489501953125 403.77301025390625 438.99267578125 773.5491943359375 
249
3 293.06585693359375 407.5295104980469 438.61248779296875 774.1187744140625 
250
3 303.78997802734375 404.9202880859375 438.9062805175781 774.66455078125 
251
3 308.617919921875 404.01910400390625 438.6646728515625 775.5084228515625 
252
253
3 304.793212890625 407.56671142578125 437.76861572265625 770.5057983398438 
254
3 309.5501708984375 407.72686767578125 440.3221435546875 779.8152465820312 
255
256
257
3 307.44842529296875 406.96429443359375 435.7344970703125 769.5368041992188 
258
3 307.5506286621094 404.183349609375 436.72027587890625 756.7128295898438 
259
3 303.58294677734375 406.9051208496094 437.9651184082031 767.0762939453125 
260
3 299.6396484375 408.28692626953125 437.18817138671875 773.190185546875 
261
3 266.5035400390625 405.5079345703125 439.72064208984375 771.66650390625 
262
3 302.8146057128906 407.294677734375 436.76470947265625 657.0684204101562 
263
3 304.6448974609375 403.1880798339844 439.2718505859375 769.2515869140625 
264
265
3 307.64617919921875 409.8336181640625 438.5225830078125 770.6126708984375 
3 0.5697269439697266 230.88134765625 69.30593872070312 679.2318115234375 
266
3 299.83111572265625 406.00726318359375 438.88714599609375 768.1334838867188 
267
3 300.1767883300781 406.10699462890625 436.2733154296875 774.347900390625 
268
269
3 300.5501403808594 408.0925598144531 436.919189453125 770.6881103515625 
270
271
3 306.5350036621094 401.85931396484375 436.129150390625 752.3017578125 
272
3 301.6163330078125 404.7499694824219 436.6324768066406 774.7662353515625 
273
274
3 303.82373046875 404.0390625 437.7003173828125 775.8135986328125 
275
3 301.817626953125 405.97283935546875 436.79937744140625 771.461181640625 
276
3 293.97625732421875 413.77667236328125 438.47650146484375 776.125 
277
3 298.1454162597656 403.46923828125 436.9278259277344 774.297607421875 
3 298.98223876953125 404.4078369140625 437.3085021972656 773.2615356445312 
278
3 273.04864501953125 397.85577392578125 438.2344665527344 761.9317626953125 
279
3 301.7774658203125 405.4676513671875 436.7996826171875 768.6762084960938 
280
3 279.42144775390625 405.54949951171875 437.80682373046875 779.6121826171875 
281
3 286.2790832519531 397.5337829589844 438.1780700683594 783.0634765625 
282
3 301.55462646484375 404.21734619140625 437.0068359375 772.0805053710938 
283
3 302.56622314453125 404.48077392578125 437.7029113769531 768.4705810546875 
284
3 296.551025390625 407.89990234375 438.6763000488281 787.2017211914062 
285
286
3 273.58221435546875 402.2994689941406 442.9071350097656 773.605712890625 
287
3 290.36175537109375 406.3210144042969 445.09552001953125 768.0340576171875 
288
3 193.58843994140625 404.32232666015625 448.07257080078125 770.9556884765625 
289
3 296.4365234375 405.7663879394531 453.8253173828125 770.5283203125 
290
3 292.0794677734375 409.34161376953125 448.60382080078125 767.8165283203125 
291
292
3 302.26776123046875 405.9998474121094 462.4530029296875 768.7939453125 
293
3 298.78076171875 409.6200256347656 465.4684753417969 768.3055419921875 
294
3 307.0194396972656 409.3186340332031 461.03936767578125 767.6441650390625 
295
3 311.0535888671875 410.3418273925781 458.87542724609375 776.71484375 
296
3 308.64654541015625 412.90185546875 454.3829345703125 757.2467651367188 
297
3 311.3875732421875 411.3421630859375 461.4760437011719 761.963623046875 
298
3 304.8675231933594 413.99005126953125 466.4979248046875 766.5904541015625 
299
3 304.1387634277344 412.0831298828125 467.72186279296875 773.3607788085938 
300
3 307.1857604980469 411.2017822265625 471.32037353515625 756.1201171875 
301
3 309.83453369140625 405.09576416015625 476.4996337890625 759.3052368164062 
302
3 311.43133544921875 407.8726501464844 478.9496154785156 767.0372314453125 
303
3 331.5350036621094 410.6732482910156 483.7904052734375 764.5490112304688 
304
1 333.475830078125 410.27069091796875 489.34100341796875 769.69384765625 
305
1 340.5341796875 410.4456787109375 492.72918701171875 774.2900390625 
306
1 340.37628173828125 406.9610595703125 496.860595703125 764.91357421875 
307
1 343.48455810546875 406.61773681640625 502.0076904296875 777.27587890625 
308
1 349.0133972167969 404.6725158691406 510.6268615722656 749.3758544921875 
309
1 348.7300720214844 406.7813720703125 514.9990234375 767.1236572265625 
310
1 347.29669189453125 406.1209716796875 519.1837768554688 761.70654296875 
311
1 351.915283203125 404.17071533203125 522.0488891601562 769.621337890625 
312
1 353.969482421875 405.0242614746094 526.0135498046875 775.1162109375 
313
1 353.2166748046875 402.8676452636719 525.8631591796875 765.7109375 
314
315
1 356.7287292480469 405.7909240722656 529.6339721679688 780.2927856445312 
316
1 360.8493347167969 405.8207702636719 531.484130859375 766.5377197265625 
317
318
1 360.40460205078125 404.11322021484375 533.38330078125 754.7557983398438 
2 362.91729736328125 404.87054443359375 532.8771362304688 669.6544189453125 
319
3 364.5631103515625 403.5235290527344 532.5570068359375 627.5454711914062 
320
3 366.56121826171875 410.7701110839844 534.805419921875 621.2791748046875 
321
1 367.22955322265625 404.1810302734375 538.1986083984375 768.5010986328125 
322
1 367.1565856933594 408.683349609375 539.1168212890625 765.3466796875 
323
1 371.95379638671875 406.68359375 541.027099609375 781.603271484375 
324
2 371.06671142578125 414.43890380859375 543.4981689453125 627.2232666015625 
325
1 369.5878601074219 410.422119140625 545.7127685546875 779.5240478515625 
326
1 381.98846435546875 415.814697265625 546.8110961914062 780.71142578125 
327
1 382.7817687988281 411.65240478515625 550.4814453125 782.00732421875 
328
1 387.4541015625 411.326904296875 554.562255859375 780.5571899414062 
329
1 394.1662902832031 415.5207824707031 556.6416015625 777.3396606445312 
330
1 392.9565124511719 413.31365966796875 561.9790649414062 775.7722778320312 
331
1 404.0900573730469 408.5233154296875 567.1170654296875 778.2860107421875 
332
1 412.4286804199219 407.4689025878906 569.6114501953125 779.167724609375 
333
1 419.98016357421875 401.29522705078125 571.38525390625 789.0787353515625 
3 252.05955505371094 450.27459716796875 352.6500549316406 633.6080932617188 
3 192.1944122314453 462.98712158203125 261.23187255859375 628.6199951171875 
334
1 427.380859375 397.6751403808594 576.9255981445312 770.322265625 
335
1 434.0232238769531 398.22930908203125 582.2327880859375 769.1878051757812 
336
1 440.93206787109375 399.9310302734375 584.7335815429688 764.816162109375 
337
1 447.3458251953125 399.8218994140625 584.9392700195312 773.9097900390625 
338
1 454.440185546875 398.84820556640625 596.04150390625 771.6026000976562 
339
1 457.4976806640625 397.8387451171875 605.4404296875 772.384033203125 
340
1 463.19708251953125 401.7338562011719 610.7918701171875 779.4864501953125 
341
1 466.1020202636719 401.6473388671875 647.0842895507812 775.71630859375 
342
1 472.25634765625 404.55694580078125 622.9495239257812 776.971435546875 
343
1 472.3109436035156 404.007568359375 616.1337280273438 773.054443359375 
344
1 475.76641845703125 406.6317443847656 639.5971069335938 775.046875 
345
1 473.19586181640625 403.99884033203125 624.5170288085938 773.26220703125 
346
1 477.34332275390625 412.09759521484375 651.863525390625 777.7428588867188 
347
1 475.97528076171875 407.0616455078125 659.6866455078125 776.3865966796875 
348
1 482.03387451171875 405.638916015625 668.6708984375 778.82958984375 
349
1 484.2442932128906 405.5525207519531 658.16455078125 772.5135498046875 
2 519.1369018554688 405.7845153808594 654.8523559570312 702.0789184570312 
350
1 528.1105346679688 402.34033203125 661.27490234375 779.56787109375 
351
1 504.20318603515625 401.0494079589844 671.601806640625 774.2802734375 
3 258.0514221191406 437.2745361328125 356.25665283203125 627.5388793945312 
352
1 542.0228881835938 397.3079833984375 673.8388671875 772.1632080078125 
353
1 540.5174560546875 392.2939453125 685.5068359375 775.8203125 
354
1 558.7756958007812 393.75408935546875 698.4605712890625 772.9193115234375 
355
1 567.129150390625 391.60137939453125 707.91162109375 777.410400390625 
356
1 576.4656372070312 388.80499267578125 724.243896484375 779.970703125 
357
2 577.7711791992188 389.90777587890625 731.8346557617188 616.9017333984375 
358
1 584.5440673828125 389.2828674316406 743.6134033203125 822.9039306640625 
359
2 587.8341064453125 389.36663818359375 759.1512451171875 621.0281982421875 
1 587.349853515625 393.5474853515625 758.018310546875 776.14208984375 
3 265.5379638671875 437.22039794921875 354.6242980957031 624.3268432617188 
360
1 596.60400390625 392.65704345703125 784.4769287109375 799.813720703125 
361
1 600.0917358398438 393.61651611328125 783.8475341796875 783.3023071289062 
362
1 605.677490234375 391.34246826171875 788.88671875 775.9466552734375 
363
1 602.762939453125 395.30169677734375 794.9114990234375 784.4359130859375 
2 606.0755615234375 396.49615478515625 792.8367919921875 638.3140258789062 
364
1 618.01171875 396.0649108886719 801.4645385742188 734.0130615234375 
365
1 606.9901123046875 398.54736328125 809.3642578125 797.5592651367188 
366
1 618.31201171875 396.5302734375 807.3942260742188 796.49072265625 
367
2 653.7417602539062 396.9017333984375 806.4898681640625 633.523681640625 
368
1 641.5313110351562 394.38128662109375 806.4110107421875 797.4017333984375 
369
2 677.8036499023438 396.25543212890625 805.4552001953125 638.4527587890625 
3 254.37112426757812 478.28765869140625 301.7358093261719 600.5286865234375 
3 293.73822021484375 458.58636474609375 350.1444091796875 613.5079956054688 
370
1 670.666748046875 390.6665954589844 811.6360473632812 786.8607788085938 
371
1 689.4388427734375 390.09710693359375 817.6436767578125 761.1004028320312 
2 691.7833862304688 390.34490966796875 813.3428955078125 667.191650390625 
372
2 698.7987060546875 386.98992919921875 820.976806640625 664.2362060546875 
373
2 705.6585693359375 381.79248046875 827.4678955078125 620.1787719726562 
374
2 712.341796875 378.7012023925781 838.6488647460938 679.8218994140625 
3 306.6468200683594 446.7212219238281 350.70367431640625 547.1375122070312 
375
1 718.9625244140625 377.5111999511719 860.0264282226562 794.764404296875 
376
1 720.3333740234375 381.8211364746094 875.2484130859375 798.5755004882812 
377
1 723.766357421875 363.3381042480469 866.7869873046875 820.0927734375 
378
379
1 726.9608154296875 385.7500305175781 895.4635009765625 801.662841796875 
3 257.91790771484375 438.63580322265625 357.0989685058594 626.780517578125 
380
1 752.8109741210938 396.3598937988281 888.288330078125 763.427490234375 
381
382
1 731.4420166015625 391.3243103027344 941.312255859375 819.9549560546875 
383
1 755.5736083984375 390.49725341796875 975.8707275390625 806.3410034179688 
384
1 777.0613403320312 389.2711486816406 957.760498046875 812.9507446289062 
385
1 805.136474609375 385.20770263671875 964.828125 804.0687255859375 
386
1 818.53466796875 381.39727783203125 956.0400390625 840.4345092773438 
387
0 811.9945068359375 381.90020751953125 963.3673095703125 915.544921875 
0 818.3211669921875 381.97100830078125 961.0925903320312 919.6151123046875 
388
389
1 839.26025390625 378.99224853515625 981.9951782226562 843.2396240234375 
390
1 858.3286743164062 374.7875061035156 998.4043579101562 825.3261108398438 
391
1 865.8334350585938 373.320556640625 1014.739501953125 823.23583984375 
392
1 868.0445556640625 373.28118896484375 1023.134521484375 831.4111328125 
393
1 882.8384399414062 375.58392333984375 1033.8951416015625 863.3461303710938 
394
2 888.322998046875 374.75018310546875 1051.4669189453125 629.9910888671875 
395
1 896.05224609375 375.1236877441406 1064.1787109375 829.5670166015625 
396
1 900.9600219726562 375.53704833984375 1064.849609375 850.0940551757812 
397
1 902.5704345703125 376.01025390625 1102.8953857421875 825.1060180664062 
398
1 914.2142944335938 380.417236328125 1112.720703125 821.7870483398438 
399
0 906.5203857421875 379.53131103515625 1124.9967041015625 867.3284912109375 
400
1 906.9340209960938 385.77239990234375 1130.8310546875 839.697509765625 
401
0 911.6744384765625 388.6127014160156 1115.2342529296875 870.9578857421875 
402
0 914.3662109375 388.5918273925781 1119.35107421875 898.975341796875 
403
1 956.5067138671875 389.4952392578125 1130.2080078125 861.6148681640625 
0 929.359375 387.54583740234375 1129.119873046875 867.009765625 
404
1 953.3930053710938 385.90045166015625 1125.5931396484375 838.6598510742188 
405
1 973.2350463867188 390.5973815917969 1134.3330078125 858.4747924804688 
406
1 999.924560546875 382.68988037109375 1143.849853515625 849.9759521484375 
407
1 1013.559326171875 379.43035888671875 1158.759765625 851.0908813476562 
408
1 1030.038330078125 375.6449890136719 1165.1859130859375 862.0783081054688 
409
1 1039.5257568359375 375.83380126953125 1194.323974609375 757.211181640625 
410
1 1051.3182373046875 375.8584899902344 1189.880615234375 850.1240234375 
411
1 1058.027099609375 373.77239990234375 1213.287353515625 837.1668090820312 
412
1 1062.2783203125 378.88348388671875 1238.3739013671875 852.4447021484375 
413
0 1062.78955078125 381.5474853515625 1254.2581787109375 871.800048828125 
3 277.5012512207031 435.514892578125 352.9860534667969 628.7781372070312 
414
0 1060.018798828125 388.73046875 1307.404296875 874.5107421875 
415
1 1060.897705078125 383.679443359375 1312.754638671875 850.845703125 
416
0 1059.455078125 386.66552734375 1322.2835693359375 893.0634765625 
417
0 1063.8558349609375 389.1141357421875 1336.431396484375 873.0811157226562 
418
1 1071.055419921875 390.0823059082031 1330.406005859375 862.830810546875 
3 267.2551574707031 444.69915771484375 362.0987854003906 631.393310546875 
419
0 1069.186279296875 384.38580322265625 1341.210693359375 911.854248046875 
420
1 1078.97021484375 383.25177001953125 1341.26416015625 855.4815673828125 
421
0 1092.24462890625 385.61151123046875 1335.2794189453125 886.1495361328125 
0 1150.556640625 386.6065979003906 1335.739013671875 870.968017578125 
422
0 1112.258544921875 377.128662109375 1349.8729248046875 893.0972900390625 
423
1 1128.89697265625 375.01300048828125 1353.1756591796875 831.132080078125 
424
1 1150.1993408203125 368.1299743652344 1359.6378173828125 845.815673828125 
1 1151.509033203125 371.1860046386719 1355.086181640625 833.1908569335938 
425
1 1175.245849609375 374.4958190917969 1351.96484375 862.9798583984375 
426
1 1202.8052978515625 362.07440185546875 1375.79931640625 828.113037109375 
2 1212.836669921875 363.5021667480469 1376.7161865234375 711.9866943359375 
427
1 1226.8448486328125 359.40478515625 1382.28173828125 763.4771118164062 
428
1 1235.2181396484375 357.6441650390625 1390.58984375 838.2122802734375 
429
1 1248.036376953125 354.7072448730469 1402.17041015625 847.2362060546875 
430
1 1256.0869140625 355.8481750488281 1425.146728515625 858.3094482421875 
431
1 1259.100341796875 356.4352111816406 1442.036865234375 843.23388671875 
432
0 1255.4322509765625 359.2899169921875 1492.118408203125 885.6674194335938 
433
0 1256.08984375 356.77886962890625 1502.0074462890625 889.7400512695312 
434
0 1258.086181640625 361.3074645996094 1539.0311279296875 877.721923828125 
435
0 1258.0267333984375 363.6363830566406 1527.979736328125 905.0150146484375 
436
0 1263.9052734375 366.1046447753906 1529.64990234375 892.3704833984375 
437
0 1267.56787109375 365.18829345703125 1533.721435546875 910.83154296875 
438
0 1270.4613037109375 363.8066711425781 1560.227294921875 878.4739379882812 
439
1 1358.53759765625 364.9829406738281 1534.2813720703125 863.0712890625 
440
0 1336.4052734375 363.21044921875 1558.70166015625 883.597412109375 
441
0 1363.8570556640625 358.41009521484375 1553.8817138671875 880.2130737304688 
0 1374.2828369140625 360.63946533203125 1549.1195068359375 872.3512573242188 
442
443
0 1373.451171875 346.35595703125 1578.2490234375 869.92041015625 
444
1 1408.621337890625 344.16839599609375 1593.950927734375 866.32861328125 
445
1 1424.6883544921875 342.9010314941406 1596.784423828125 843.2061767578125 
446
0 1435.555419921875 340.1593933105469 1617.11865234375 879.71484375 
447
1 1445.45751953125 340.8767395019531 1642.6585693359375 854.186279296875 
448
0 1452.0982666015625 340.8551025390625 1666.0762939453125 871.6389770507812 
449
0 1459.48486328125 340.0926513671875 1675.97021484375 878.30126953125 
450
0 1463.46337890625 342.3574523925781 1700.1192626953125 888.466552734375 
451
0 1465.9434814453125 343.73138427734375 1723.147705078125 884.5989990234375 
452
0 1461.1881103515625 341.998046875 1758.1695556640625 871.3628540039062 
453
0 1464.1910400390625 342.0655212402344 1757.830078125 877.6290893554688 
454
0 1470.4854736328125 342.990234375 1766.9556884765625 884.2439575195312 
455
0 1463.263671875 343.5521545410156 1763.296875 880.658935546875 
456
0 1471.3348388671875 337.5808410644531 1772.382568359375 880.5455322265625 
457
3 1482.185791015625 329.1887512207031 1774.382568359375 889.2053833007812 
458
3 1488.17822265625 329.04083251953125 1788.297119140625 892.26513671875 
459
3 1501.97216796875 329.09234619140625 1771.6658935546875 886.24658203125 
460
3 1523.593505859375 333.41845703125 1769.1551513671875 870.5745849609375 
461
3 1542.1298828125 322.5664978027344 1786.518798828125 874.5986328125 
462
3 1598.0914306640625 320.2787780761719 1792.87939453125 723.8863525390625 
463
3 1597.73974609375 316.7872619628906 1812.287109375 863.13525390625 
3 1608.9254150390625 319.57379150390625 1806.27685546875 712.5830078125 
464
3 1611.694580078125 314.59197998046875 1817.6865234375 856.495361328125 
465
3 1622.554931640625 315.03448486328125 1826.912353515625 867.578857421875 
466
3 1630.9658203125 314.3384704589844 1838.11669921875 874.333740234375 
467
3 1639.587646484375 310.2010803222656 1846.496337890625 868.2401733398438 
3 186.12620544433594 464.41619873046875 266.852294921875 610.314208984375 
3 191.86563110351562 465.61676025390625 264.71478271484375 605.8648071289062 
468
3 1644.078125 310.0221862792969 1863.44482421875 864.9976806640625 
469
3 1660.3370361328125 310.05474853515625 1869.78076171875 865.9033813476562 
470
3 1664.519287109375 311.93206787109375 1892.1793212890625 869.009033203125 
471
3 1671.7174072265625 304.0359191894531 1902.108642578125 867.4609375 
472
3 1673.8355712890625 311.6024475097656 1910.21875 873.92431640625 
473
3 1673.3837890625 307.7895202636719 1907.60693359375 866.6222534179688 
474
3 1671.498779296875 313.7060546875 1919.70458984375 891.494873046875 
475
3 1672.397705078125 310.6410217285156 1919.788818359375 890.033935546875 
476
3 1669.8079833984375 311.4315185546875 1919.87158203125 879.83154296875 
477
3 1672.91357421875 309.40252685546875 1919.7337646484375 881.492431640625 
478
3 1677.7734375 307.82501220703125 1919.71826171875 879.32568359375 
479
3 1684.25048828125 305.704833984375 1919.8150634765625 868.5221557617188 
480
3 1699.062255859375 306.30499267578125 1919.809326171875 865.704833984375 
481
482
3 1739.40869140625 307.0135498046875 1919.7271728515625 858.8703002929688 
483
3 1761.167724609375 337.4598083496094 1919.2239990234375 857.2922973632812 
484
3 1809.0673828125 355.8057861328125 1919.213623046875 856.9237060546875 
485
486
3 1828.98974609375 373.680908203125 1919.1683349609375 833.9749145507812 
487
3 1836.2266845703125 375.754150390625 1919.173583984375 846.166259765625 
488
3 1842.568359375 381.91644287109375 1919.183349609375 855.716796875 
489
3 1849.994873046875 389.4286193847656 1919.1500244140625 860.3414306640625 
490
3 1858.78173828125 391.2864074707031 1919.1324462890625 857.2193603515625 
491
492
493
3 1880.0306396484375 416.60955810546875 1919.11083984375 835.3390502929688 
494
3 1885.2777099609375 422.224853515625 1919.0863037109375 856.9222412109375 
495
496
497
498
499
500
501
502
503
504
505
506
507
508
509
510
511
512
513
514
515
