0
3 103.9809799194336 172.10968017578125 320.17803955078125 464.27960205078125 
3 311.11932373046875 105.56561279296875 429.4644470214844 316.9432373046875 
1
3 104.31531524658203 172.54420471191406 320.4416198730469 464.3846435546875 
3 317.3524169921875 106.83633422851562 429.27685546875 311.49505615234375 
2
3 104.77366638183594 173.01194763183594 320.50238037109375 464.5425109863281 
3 320.4519958496094 100.21369934082031 428.9354553222656 309.0784606933594 
3
3 104.96165466308594 173.2659149169922 320.46356201171875 464.5956115722656 
3 324.4377136230469 93.358154296875 429.0052490234375 306.830322265625 
4
3 104.94194030761719 173.34832763671875 320.5966796875 464.71026611328125 
3 326.3043212890625 96.59857177734375 430.4790344238281 308.0911560058594 
5
3 105.03358459472656 173.37350463867188 320.4805603027344 464.5069580078125 
3 330.3934631347656 88.9264907836914 430.133056640625 306.7262878417969 
6
3 105.23774719238281 173.59304809570312 320.489990234375 464.4874267578125 
3 333.15557861328125 87.51993560791016 436.708984375 305.6427001953125 
7
3 105.4499282836914 173.6224365234375 320.4388427734375 464.36932373046875 
3 335.7601318359375 82.85214233398438 453.8028259277344 303.72515869140625 
8
3 338.38232421875 81.90080261230469 465.6298828125 303.0988464355469 
3 105.47872924804688 173.5787353515625 320.41461181640625 464.2790832519531 
9
3 341.0293273925781 79.39631652832031 477.6357421875 302.77545166015625 
3 105.73760986328125 173.58567810058594 320.43597412109375 464.10772705078125 
10
3 106.00370788574219 173.4625244140625 320.3852233886719 464.3090515136719 
3 344.837890625 76.59866333007812 481.24346923828125 302.2658386230469 
11
3 106.08824157714844 173.16986083984375 320.36376953125 464.46942138671875 
3 348.9007568359375 81.24783325195312 490.4265441894531 301.1328125 
3 349.1536865234375 81.50255584716797 490.3619079589844 301.6736755371094 
12
3 106.25666046142578 173.10586547851562 320.3759460449219 464.29998779296875 
3 354.2730712890625 76.64997863769531 495.1153564453125 300.65313720703125 
13
3 361.39642333984375 79.36135864257812 500.7108154296875 297.1802673339844 
3 106.22747802734375 173.02224731445312 320.33172607421875 464.0903015136719 
14
3 106.33373260498047 173.11534118652344 320.4420166015625 464.05322265625 
3 368.0856018066406 76.60101318359375 501.03826904296875 294.935546875 
15
3 373.37261962890625 74.73593139648438 500.9014892578125 292.6493225097656 
3 106.27247619628906 173.69419860839844 320.4495849609375 464.0393981933594 
16
3 106.2874755859375 173.71380615234375 320.5462341308594 464.05401611328125 
3 378.4327392578125 73.3153076171875 501.3279113769531 292.17572021484375 
17
3 106.1036376953125 173.7813720703125 320.4674987792969 464.18603515625 
3 382.9262390136719 70.41264343261719 501.89599609375 292.3544921875 
18
3 106.1407470703125 173.87911987304688 320.50390625 463.98785400390625 
3 388.2008361816406 70.64103698730469 501.0995178222656 290.9000549316406 
19
3 105.79130554199219 173.96621704101562 320.5475769042969 463.9891662597656 
3 391.4216613769531 67.536865234375 501.041015625 290.07122802734375 
20
3 105.47711944580078 174.05645751953125 320.4190979003906 463.92669677734375 
3 396.52886962890625 68.18051147460938 501.3968505859375 290.6083679199219 
21
3 105.12458038330078 174.11404418945312 320.6995544433594 463.62396240234375 
3 400.59381103515625 67.32424926757812 502.3935546875 290.30682373046875 
22
3 104.94978332519531 173.79141235351562 320.5492858886719 463.78741455078125 
3 402.8027648925781 64.91824340820312 507.17803955078125 290.74102783203125 
23
3 104.67012786865234 173.7547607421875 320.339111328125 463.5212097167969 
3 407.7070007324219 63.71832275390625 521.4588012695312 290.59002685546875 
24
3 104.52031707763672 173.66543579101562 320.3348388671875 463.5259704589844 
3 413.1405334472656 64.52241516113281 536.8729248046875 291.6863708496094 
25
3 104.74546813964844 173.5655517578125 320.6912841796875 463.2033996582031 
3 416.956787109375 62.72760009765625 554.5772094726562 292.0597229003906 
26
3 104.70512390136719 173.58416748046875 320.65057373046875 463.2201843261719 
3 420.9364013671875 62.568939208984375 563.2587890625 291.8102111816406 
27
3 104.70880126953125 173.82785034179688 320.60626220703125 463.25140380859375 
3 426.1154479980469 59.8255615234375 568.0125122070312 291.4930419921875 
28
3 104.72343444824219 173.89068603515625 320.64593505859375 463.34844970703125 
3 435.9521484375 61.997802734375 585.3059692382812 290.53289794921875 
3 0.41829681396484375 861.273681640625 80.16069030761719 967.8223266601562 
29
3 104.78590393066406 174.07025146484375 320.54595947265625 463.2557678222656 
3 438.7506103515625 62.315093994140625 593.5353393554688 291.3592529296875 
3 0.43001747131347656 861.3894653320312 80.09754943847656 967.7975463867188 
30
3 104.80948638916016 174.0641326904297 320.46942138671875 463.2558288574219 
3 443.6484069824219 64.90812683105469 603.5376586914062 290.63372802734375 
3 0.4355440139770508 861.3550415039062 80.08338165283203 967.769775390625 
31
3 104.8832015991211 173.99195861816406 320.4320068359375 463.3791809082031 
3 451.54083251953125 62.2283935546875 606.6307373046875 289.4170837402344 
3 0.4261817932128906 861.375244140625 80.08602905273438 967.7649536132812 
32
3 105.07991790771484 173.9713134765625 320.43609619140625 463.402099609375 
3 452.94268798828125 60.82391357421875 613.3223266601562 287.35333251953125 
3 0.4283914566040039 861.29248046875 80.08975219726562 967.752685546875 
33
3 105.12838745117188 173.8928680419922 320.3518371582031 463.40338134765625 
3 455.39813232421875 60.38824462890625 614.40576171875 286.8392333984375 
3 0.42450809478759766 861.2564086914062 79.98616027832031 967.7589721679688 
34
3 105.04154968261719 173.6314697265625 320.3382568359375 463.2459411621094 
3 459.3555603027344 57.77545166015625 615.297607421875 286.6300048828125 
3 0.4306020736694336 861.0662231445312 80.01222229003906 967.7554931640625 
35
3 105.15386962890625 173.3855743408203 320.3068542480469 463.21783447265625 
3 463.93548583984375 57.22456359863281 616.3607788085938 285.5615234375 
3 0.4388418197631836 861.1010131835938 79.94172668457031 967.8001708984375 
36
3 105.08723449707031 173.1113739013672 320.2982177734375 463.1158142089844 
3 470.55419921875 54.65504455566406 616.5452880859375 282.980224609375 
3 0.43848323822021484 860.9774780273438 79.97241973876953 967.8264770507812 
37
3 105.24639892578125 172.70126342773438 320.3466491699219 463.0577392578125 
3 477.4330749511719 57.54762268066406 616.5003051757812 280.52593994140625 
3 0.42925167083740234 860.5016479492188 79.88276672363281 967.6909790039062 
38
3 105.261474609375 172.53192138671875 320.36859130859375 463.0297546386719 
3 488.88653564453125 54.842987060546875 616.6679077148438 275.5626525878906 
3 0.42377567291259766 860.3601684570312 79.89665985107422 967.7327880859375 
39
3 105.24220275878906 172.44473266601562 320.2889404296875 463.0492248535156 
3 494.0825500488281 50.249755859375 616.698486328125 272.6714782714844 
3 0.41724109649658203 860.37353515625 79.88235473632812 967.680419921875 
40
3 105.4035873413086 172.33473205566406 320.2589111328125 462.77197265625 
3 498.41632080078125 46.24321746826172 616.5929565429688 272.5510559082031 
3 0.4091958999633789 860.865966796875 79.95099639892578 967.6605224609375 
41
3 105.46751403808594 172.15921020507812 320.3701171875 463.006103515625 
3 506.81341552734375 42.31207275390625 611.087890625 267.74200439453125 
3 0.4174661636352539 860.5603637695312 79.73666381835938 967.6674194335938 
42
3 105.50521850585938 172.0607452392578 320.31982421875 463.00299072265625 
3 510.6888427734375 41.93644714355469 607.2604370117188 267.6949462890625 
3 0.42130374908447266 860.4783325195312 79.6708755493164 967.6435546875 
43
3 105.5753173828125 172.08599853515625 320.3418273925781 462.9499816894531 
3 511.93682861328125 42.052642822265625 615.4282836914062 263.4368591308594 
3 0.41675662994384766 860.537841796875 79.67842864990234 967.6382446289062 
44
3 105.56785583496094 172.19244384765625 320.2829284667969 462.86090087890625 
3 517.924072265625 41.5367431640625 618.6976928710938 267.65118408203125 
3 0.42459774017333984 860.519287109375 79.65802764892578 967.6502075195312 
45
3 105.51596069335938 172.1177978515625 320.4481506347656 463.0127258300781 
3 514.3802490234375 37.514617919921875 637.5658569335938 263.8746032714844 
3 0.4224863052368164 860.56982421875 79.77338409423828 967.6487426757812 
46
3 105.4549789428711 172.08309936523438 320.51190185546875 463.19683837890625 
3 530.4466552734375 37.93971252441406 652.1409301757812 265.3853759765625 
3 0.4214315414428711 860.1455688476562 79.75897216796875 967.6746826171875 
47
3 105.39056396484375 172.0169677734375 320.4732666015625 463.25860595703125 
3 536.0252075195312 38.7010498046875 670.397216796875 262.7700500488281 
3 536.3845825195312 40.3143310546875 669.6724243164062 261.5016174316406 
3 0.4252605438232422 860.13818359375 79.73292541503906 967.6847534179688 
48
3 541.9979858398438 40.453948974609375 682.671142578125 260.7264404296875 
3 105.2874755859375 172.16726684570312 320.4083251953125 463.33636474609375 
3 0.4210224151611328 860.1236572265625 79.70100402832031 967.7151489257812 
49
3 105.30531311035156 172.2225341796875 320.3858947753906 463.46197509765625 
3 548.3381958007812 40.723358154296875 688.767333984375 260.3212585449219 
3 0.4197673797607422 860.1700439453125 79.6849136352539 967.6771850585938 
50
3 105.28678894042969 172.30471801757812 320.47076416015625 463.35687255859375 
3 554.1035766601562 40.48149108886719 694.566650390625 260.2245178222656 
3 0.4209918975830078 860.8231201171875 79.62518310546875 967.6666870117188 
51
3 105.26936340332031 172.46334838867188 320.47015380859375 463.392822265625 
3 558.802490234375 39.92242431640625 698.9608764648438 260.1280822753906 
3 0.42040348052978516 860.8214111328125 79.6527099609375 967.6768798828125 
52
3 564.0947875976562 40.07283020019531 705.3795776367188 259.1131286621094 
3 105.1934814453125 172.71768188476562 320.4643249511719 463.0855712890625 
3 0.41069698333740234 861.0733032226562 79.60022735595703 967.7164306640625 
53
3 568.1384887695312 39.338958740234375 706.4708251953125 256.3175964355469 
3 105.30952453613281 172.87828063964844 320.42840576171875 462.94244384765625 
3 0.4080820083618164 861.0886840820312 79.64356994628906 967.7506103515625 
54
3 572.0444946289062 39.052825927734375 707.3822631835938 257.0142517089844 
3 105.14275360107422 172.96377563476562 320.46380615234375 463.14862060546875 
3 0.4140481948852539 861.0377197265625 79.81439208984375 967.7286987304688 
55
3 577.3501586914062 38.27027893066406 707.5548706054688 256.485107421875 
3 104.95941162109375 173.10105895996094 320.4060974121094 463.61383056640625 
3 0.4258537292480469 860.7506103515625 79.79362487792969 967.7195434570312 
56
3 104.91913604736328 173.25942993164062 320.3683166503906 463.5582580566406 
3 583.2371826171875 36.867095947265625 707.5980224609375 256.0040588378906 
3 0.4256153106689453 860.75341796875 79.79759216308594 967.7122802734375 
57
3 104.8671646118164 173.43182373046875 320.3584289550781 463.4560241699219 
3 587.5748291015625 37.517608642578125 707.7625122070312 256.28363037109375 
3 0.43837451934814453 860.8519897460938 79.69975280761719 967.8218994140625 
58
3 104.74850463867188 173.514404296875 320.3443603515625 463.4491882324219 
3 592.1111450195312 35.12799072265625 707.2971801757812 256.4830322265625 
3 0.4263429641723633 860.8524780273438 79.65840148925781 967.7289428710938 
59
3 104.62928771972656 173.63223266601562 320.47882080078125 463.50750732421875 
3 595.28857421875 35.46418762207031 708.0746459960938 256.1516418457031 
3 0.4418182373046875 860.749267578125 79.31940460205078 967.7969970703125 
60
3 104.51911926269531 173.7231903076172 320.4300231933594 463.4389953613281 
3 598.7092895507812 35.28575134277344 707.94775390625 255.08810424804688 
3 0.4385347366333008 860.8456420898438 79.3314208984375 967.831787109375 
61
3 104.28353881835938 173.822265625 320.4891357421875 463.1922607421875 
3 601.4024658203125 34.555030822753906 707.634521484375 255.13543701171875 
3 0.4328804016113281 860.5152587890625 79.05351257324219 967.7588500976562 
62
3 104.09477233886719 173.94998168945312 320.4822998046875 463.1766357421875 
3 605.2417602539062 32.964752197265625 710.9613037109375 255.91766357421875 
3 0.4434833526611328 860.5247192382812 79.45452117919922 967.7426147460938 
63
3 608.4864501953125 33.556060791015625 726.8199462890625 255.40829467773438 
3 103.800537109375 173.9045867919922 320.346435546875 463.1803894042969 
3 0.44426441192626953 860.6878051757812 79.43523406982422 967.9171142578125 
64
3 103.60823822021484 173.99642944335938 320.39300537109375 463.0874328613281 
3 610.91259765625 33.4398193359375 745.1143798828125 255.60873413085938 
3 0.43642330169677734 860.7384033203125 79.49935913085938 967.7945556640625 
65
3 103.25167846679688 173.94631958007812 320.4453125 463.08148193359375 
3 615.0850219726562 29.8170166015625 760.3596801757812 257.7265319824219 
3 0.4315223693847656 860.7833862304688 79.54537200927734 967.7467651367188 
66
3 619.7504272460938 33.36997985839844 777.4672241210938 256.8904724121094 
3 102.84965515136719 173.91506958007812 320.4229736328125 463.0993957519531 
3 0.4322776794433594 860.55712890625 79.53129577636719 967.7952880859375 
67
3 623.881103515625 34.36186218261719 785.2720947265625 256.7584228515625 
3 102.5820541381836 173.90948486328125 320.4535827636719 463.0011291503906 
3 0.43158817291259766 861.0792846679688 79.57473754882812 967.911376953125 
68
3 102.37836456298828 173.78939819335938 320.458251953125 463.01617431640625 
3 628.6463623046875 34.670379638671875 795.5339965820312 256.8422546386719 
3 0.4343242645263672 861.0647583007812 79.58706665039062 967.8602294921875 
69
3 101.83648681640625 173.9866943359375 320.3726806640625 463.09576416015625 
3 634.2462768554688 34.562255859375 799.470703125 257.3567810058594 
3 0.43294239044189453 861.0402221679688 79.55398559570312 967.8826904296875 
70
3 639.361328125 33.80931091308594 801.6136474609375 258.78125 
3 101.47627258300781 174.03176879882812 320.3960876464844 463.0275573730469 
3 0.43517398834228516 861.1539306640625 79.58232116699219 967.9337158203125 
71
3 101.32269287109375 173.90504455566406 320.28924560546875 463.1222839355469 
3 645.796875 35.956573486328125 802.2408447265625 260.2797546386719 
3 0.4320821762084961 861.2103271484375 79.51583862304688 967.8475952148438 
72
3 651.084228515625 33.515777587890625 806.1513061523438 260.4798583984375 
3 101.09779357910156 173.67486572265625 320.3175964355469 463.19970703125 
3 0.4360170364379883 861.2313232421875 79.33372497558594 967.8626708984375 
73
3 656.9553833007812 32.544189453125 805.9420166015625 260.5689697265625 
3 101.00305938720703 173.79881286621094 320.3213806152344 463.10498046875 
3 0.42881107330322266 861.0304565429688 79.39163208007812 967.860595703125 
74
3 661.1387939453125 31.592849731445312 805.4834594726562 260.9556579589844 
3 100.68336486816406 173.91183471679688 320.2987976074219 463.105712890625 
3 0.4303407669067383 861.0673828125 79.43147277832031 967.868408203125 
75
3 665.166259765625 31.25787353515625 805.48583984375 261.04498291015625 
3 100.62853240966797 173.92916870117188 320.4217834472656 463.0960388183594 
3 0.4307260513305664 861.03955078125 79.48065185546875 967.8856201171875 
76
3 100.19563293457031 173.90243530273438 320.40618896484375 463.1041259765625 
3 668.7489013671875 29.372482299804688 805.7759399414062 260.99249267578125 
3 0.43863677978515625 861.0390014648438 79.42851257324219 967.8922729492188 
77
3 673.4400634765625 27.308242797851562 807.1123046875 261.1497497558594 
3 100.05191802978516 173.83837890625 320.48370361328125 463.0733947753906 
3 0.4347972869873047 860.9571533203125 79.48866271972656 967.8348999023438 
78
3 678.04833984375 24.75848388671875 811.0387573242188 262.73797607421875 
3 100.09720611572266 173.884765625 320.447509765625 463.18603515625 
3 0.4277667999267578 860.6190185546875 79.47154235839844 967.798095703125 
79
3 100.00457763671875 173.79296875 320.46533203125 463.15325927734375 
3 680.9757080078125 24.83251190185547 815.9187622070312 266.3984680175781 
3 0.42771148681640625 860.6231689453125 79.37651062011719 967.8125610351562 
80
3 99.97050476074219 173.82980346679688 320.41802978515625 463.1417236328125 
3 684.0029296875 25.676063537597656 820.1661376953125 268.1203918457031 
3 0.4276552200317383 860.631103515625 79.41827392578125 967.822509765625 
81
3 687.7638549804688 24.082809448242188 825.4558715820312 271.2857971191406 
3 99.894775390625 173.8692626953125 320.46380615234375 463.263427734375 
3 0.4341926574707031 860.7063598632812 78.9920654296875 967.7401733398438 
82
3 99.90914916992188 173.88613891601562 320.44378662109375 463.4024353027344 
3 691.9276733398438 25.189537048339844 828.54345703125 276.36505126953125 
3 0.4376096725463867 860.4405517578125 79.36944580078125 967.822265625 
83
3 99.80982971191406 173.90390014648438 320.4508056640625 463.426025390625 
3 696.100341796875 24.92009735107422 834.4949951171875 279.11676025390625 
3 0.4367351531982422 860.5576171875 79.34658813476562 967.7849731445312 
84
3 99.83708190917969 173.92044067382812 320.4388732910156 463.56463623046875 
3 699.4282836914062 26.074661254882812 838.3483276367188 282.2511291503906 
3 0.43265819549560547 860.427978515625 79.29732513427734 967.8330688476562 
85
3 99.91578674316406 173.884033203125 320.53662109375 464.0920104980469 
3 701.0874633789062 26.86406707763672 843.3085327148438 282.805908203125 
3 0.4249105453491211 860.1207885742188 79.6834487915039 967.7908935546875 
86
3 99.81109619140625 173.85107421875 320.5347595214844 464.09014892578125 
3 704.9080810546875 32.67866516113281 846.5971069335938 282.9028015136719 
3 0.42868900299072266 860.0753173828125 79.71060180664062 967.7869262695312 
87
3 99.80274963378906 173.814208984375 320.4195861816406 463.92486572265625 
3 708.0386962890625 32.284698486328125 848.6859130859375 284.9704895019531 
3 0.43241119384765625 860.2108154296875 79.8216552734375 967.875732421875 
88
3 712.2779541015625 33.400421142578125 852.986328125 286.5008544921875 
3 99.81256103515625 173.95420837402344 320.4933776855469 464.000244140625 
3 0.4264087677001953 860.1889038085938 79.80912017822266 967.8565673828125 
89
3 716.82080078125 33.847503662109375 855.7781372070312 288.88751220703125 
3 99.88670349121094 173.81216430664062 320.5322265625 463.89794921875 
3 0.43275928497314453 860.4834594726562 79.8709716796875 967.8161010742188 
90
3 99.87728118896484 173.79112243652344 320.4913330078125 463.94622802734375 
2 721.6417236328125 33.123291015625 855.919677734375 290.4497985839844 
3 0.42890357971191406 860.51513671875 79.87476348876953 967.8222045898438 
91
3 100.01348876953125 173.75782775878906 320.5908508300781 463.9984436035156 
2 724.736572265625 29.305099487304688 860.9857177734375 293.8821105957031 
3 0.4224843978881836 860.5497436523438 79.58000183105469 967.7381591796875 
92
3 100.06594848632812 173.73521423339844 320.56951904296875 463.89794921875 
2 728.9190673828125 29.380096435546875 865.1251220703125 293.09039306640625 
3 0.4206981658935547 860.5366821289062 79.588134765625 967.7371826171875 
93
3 100.2674331665039 173.6907958984375 320.4140319824219 463.5372009277344 
2 732.365478515625 27.2203369140625 865.1683349609375 292.0372314453125 
3 0.42542552947998047 860.6190795898438 79.70365142822266 967.7263793945312 
94
3 100.33589172363281 173.50767517089844 320.46685791015625 463.5281982421875 
2 736.1843872070312 28.29150390625 868.271728515625 290.39288330078125 
3 0.4258384704589844 860.6392822265625 79.63833618164062 967.7050170898438 
95
3 100.23072052001953 173.29791259765625 320.5397644042969 463.6117858886719 
2 738.57666015625 27.53204345703125 872.796142578125 290.2608642578125 
3 0.4244813919067383 860.4850463867188 79.69985961914062 967.7598876953125 
96
2 742.1057739257812 25.6253662109375 876.5277099609375 290.10797119140625 
3 100.41801452636719 172.865478515625 320.54437255859375 463.634033203125 
3 0.4248361587524414 860.3268432617188 79.68417358398438 967.7598266601562 
97
3 745.28125 26.639495849609375 879.3212890625 289.31243896484375 
3 100.5078353881836 172.44467163085938 320.63494873046875 463.6867980957031 
3 0.4269866943359375 860.3103637695312 79.69683837890625 967.767822265625 
98
2 748.6782836914062 26.867462158203125 886.7071533203125 290.09210205078125 
3 100.55269622802734 172.16079711914062 320.6208801269531 463.6426696777344 
3 0.42960071563720703 860.3073120117188 79.66555786132812 967.7255859375 
99
2 752.9391479492188 27.034759521484375 899.3593139648438 291.38916015625 
3 100.59284973144531 171.6044921875 320.5972900390625 463.6346130371094 
3 0.4119138717651367 860.5773315429688 79.64767456054688 967.7158203125 
100
3 100.63189697265625 171.27719116210938 320.61761474609375 463.4630126953125 
2 756.656982421875 26.437820434570312 913.720458984375 295.05169677734375 
3 0.4145221710205078 860.7462768554688 79.52528381347656 967.5987548828125 
101
3 100.84901428222656 171.21768188476562 320.4615478515625 463.7119445800781 
2 761.2744140625 28.58172607421875 923.043212890625 296.6501159667969 
3 0.4270744323730469 860.4820556640625 79.64958953857422 967.6099853515625 
102
2 765.923095703125 29.624404907226562 937.031982421875 299.6903076171875 
3 100.88975524902344 171.14898681640625 320.58648681640625 463.7002868652344 
3 0.41550159454345703 860.6043090820312 79.77594757080078 967.7454833984375 
103
3 101.0106430053711 171.08489990234375 320.57440185546875 463.66229248046875 
2 771.3118286132812 29.726211547851562 943.5364379882812 302.9765319824219 
3 0.4183998107910156 860.6316528320312 79.91726684570312 967.734130859375 
104
3 101.19996643066406 171.11984252929688 320.5136413574219 463.42120361328125 
2 776.32958984375 32.297027587890625 946.493896484375 305.73553466796875 
3 0.4207172393798828 860.4273681640625 79.66169738769531 967.7374267578125 
105
3 101.31973266601562 171.20521545410156 320.4361572265625 463.4562683105469 
2 780.9096069335938 34.63154602050781 948.5086059570312 308.5718994140625 
3 0.41451454162597656 860.4599609375 79.66593933105469 967.652587890625 
106
3 101.3388442993164 171.0751953125 320.37701416015625 463.5557861328125 
2 786.942138671875 34.97248840332031 949.7789306640625 311.541015625 
3 0.40888118743896484 860.22998046875 79.66030883789062 967.6559448242188 
107
2 793.1478881835938 33.7950439453125 951.9179077148438 313.11065673828125 
3 101.42741394042969 171.06961059570312 320.3668212890625 463.482666015625 
3 0.4086284637451172 860.20849609375 79.7197494506836 967.6602172851562 
108
2 796.5882568359375 32.30332946777344 952.8651733398438 314.23602294921875 
3 101.46250915527344 170.9705047607422 320.40972900390625 463.4285888671875 
3 0.42005252838134766 860.4707641601562 79.66604614257812 967.7451171875 
109
2 800.8555908203125 31.82696533203125 952.4969482421875 314.18212890625 
3 101.41588592529297 170.87074279785156 320.413330078125 463.3719787597656 
3 0.40636634826660156 860.7213745117188 79.6436538696289 967.694580078125 
110
2 805.8513793945312 30.356704711914062 953.466796875 314.38397216796875 
3 101.43325805664062 170.74807739257812 320.33868408203125 463.4085693359375 
3 0.41259193420410156 860.768310546875 79.59039306640625 967.6199340820312 
111
3 101.65946960449219 170.5981903076172 320.291015625 463.44122314453125 
2 809.6393432617188 27.469985961914062 956.2662963867188 314.37890625 
3 0.42084598541259766 860.3309326171875 79.61557006835938 967.7581176757812 
112
2 812.99365234375 27.268707275390625 961.4631958007812 314.4945068359375 
3 101.70114135742188 170.66409301757812 320.3284912109375 463.4455871582031 
3 0.4129295349121094 860.8796997070312 79.56525421142578 967.7080078125 
113
2 818.3526611328125 27.446319580078125 964.8221435546875 314.4813232421875 
3 101.96427917480469 170.77294921875 320.3545227050781 463.43450927734375 
3 0.40747833251953125 860.9358520507812 79.54369354248047 967.6136474609375 
114
2 822.8139038085938 27.330078125 970.8419799804688 315.68585205078125 
3 102.0394287109375 170.765869140625 320.2781982421875 463.55230712890625 
3 0.40308380126953125 860.8887329101562 79.51309204101562 967.7351684570312 
115
2 827.2316284179688 26.930328369140625 975.4818725585938 317.5535888671875 
3 102.12855529785156 170.6297607421875 320.06329345703125 463.6011047363281 
3 0.41698265075683594 860.9061889648438 79.32742309570312 967.9147338867188 
116
3 102.34245300292969 170.57415771484375 320.003662109375 463.5823059082031 
2 831.8211669921875 27.963409423828125 980.7551879882812 326.43035888671875 
3 0.4061145782470703 860.9110107421875 79.34381103515625 967.9132080078125 
117
3 102.67068481445312 170.58721923828125 320.51202392578125 463.5220642089844 
2 836.7572631835938 28.895233154296875 985.8086547851562 333.916259765625 
3 0.4195423126220703 860.803466796875 79.30607604980469 967.8621826171875 
118
3 103.17718505859375 170.63482666015625 320.4520263671875 463.5426025390625 
2 841.9550170898438 31.487442016601562 990.232177734375 338.93963623046875 
3 0.41527843475341797 860.781982421875 79.39076232910156 967.865478515625 
119
3 103.27725219726562 170.8587646484375 320.29937744140625 463.5781555175781 
2 848.5279541015625 32.33892822265625 981.47314453125 345.204345703125 
3 0.4288368225097656 860.8247680664062 79.39743041992188 967.8649291992188 
120
3 103.35797882080078 170.79942321777344 320.31341552734375 463.70379638671875 
2 852.5951538085938 34.0367431640625 1001.5849609375 343.849365234375 
3 0.426849365234375 860.9006958007812 79.3636474609375 967.8645629882812 
121
3 103.61460876464844 170.85482788085938 320.36602783203125 463.3565673828125 
2 857.999755859375 35.642333984375 1003.34814453125 347.0055236816406 
3 0.4388418197631836 860.8606567382812 79.43116760253906 967.878173828125 
122
3 103.67353820800781 170.97293090820312 320.3663635253906 463.4073791503906 
2 863.3389282226562 36.3458251953125 1013.1309814453125 348.419189453125 
3 0.43276500701904297 860.7462158203125 79.52665710449219 967.9242553710938 
123
3 103.6216049194336 171.05117797851562 320.4052429199219 463.3599853515625 
2 868.7586059570312 38.59771728515625 1019.7939453125 349.78466796875 
3 0.4401254653930664 860.7778930664062 79.43055725097656 967.9650268554688 
124
3 103.69596099853516 171.04617309570312 320.4825134277344 463.41400146484375 
2 874.7106323242188 39.49951171875 1025.260009765625 353.381591796875 
3 0.4371356964111328 860.8182373046875 79.42717742919922 968.0022583007812 
125
2 880.716796875 40.445526123046875 1029.3218994140625 355.4173278808594 
3 103.86692810058594 171.10092163085938 320.4813232421875 463.1886901855469 
3 0.4238290786743164 861.0693969726562 79.21650695800781 967.7978515625 
126
3 103.7916259765625 170.75662231445312 320.5257568359375 463.4488525390625 
2 885.9732666015625 40.378326416015625 1028.4285888671875 355.515380859375 
3 0.4220857620239258 861.0641479492188 79.24507141113281 967.7874755859375 
127
3 103.83024597167969 171.047607421875 320.5770568847656 463.8266906738281 
2 891.0269775390625 39.51568603515625 1041.2242431640625 355.3880920410156 
3 0.41750621795654297 861.115966796875 79.20944213867188 967.74658203125 
128
2 895.72998046875 38.43382263183594 1047.3624267578125 354.81829833984375 
3 103.86917114257812 170.79345703125 320.48907470703125 463.8802490234375 
3 0.41498279571533203 861.2620239257812 79.25230407714844 967.587158203125 
129
3 104.03816223144531 170.5687255859375 320.51995849609375 463.794677734375 
2 901.7844848632812 37.84051513671875 1052.9979248046875 355.4692077636719 
2 900.9588623046875 36.991363525390625 1053.09521484375 355.21429443359375 
3 0.4069252014160156 861.1279296875 79.31367492675781 967.6956176757812 
130
3 104.55313110351562 170.37887573242188 320.4844055175781 463.2860107421875 
2 905.7970581054688 34.793975830078125 1056.3162841796875 355.2243347167969 
3 0.4212188720703125 861.0663452148438 79.37920379638672 967.6536865234375 
131
3 104.51837158203125 170.03396606445312 320.4764099121094 463.81597900390625 
2 911.7449340820312 33.63560485839844 1062.531982421875 354.7823791503906 
3 0.42364025115966797 861.1065673828125 79.43508911132812 967.7943725585938 
132
3 104.29696655273438 170.17324829101562 320.40264892578125 463.8016662597656 
2 917.7496337890625 35.052764892578125 1070.114990234375 355.351806640625 
3 0.41848182678222656 861.1015014648438 79.44781494140625 967.748046875 
133
3 104.0306625366211 170.03390502929688 320.4780578613281 463.36822509765625 
2 922.0789794921875 33.119842529296875 1074.495849609375 354.686767578125 
3 0.41454410552978516 861.0762939453125 79.31553649902344 967.7418823242188 
134
2 927.8570556640625 35.32293701171875 1087.882568359375 355.858642578125 
3 101.57684326171875 170.11363220214844 320.57183837890625 463.1519470214844 
3 0.42430782318115234 861.0300903320312 79.28942108154297 967.7313232421875 
135
2 934.9059448242188 35.626861572265625 1111.2803955078125 357.1781005859375 
3 96.8788070678711 170.39935302734375 320.73760986328125 463.30194091796875 
3 0.42261791229248047 861.0092163085938 79.35159301757812 967.7713012695312 
136
2 940.4935913085938 36.6170654296875 1133.497314453125 361.6737060546875 
3 95.12698364257812 171.09381103515625 320.8132629394531 463.4853515625 
3 0.41071033477783203 860.9918212890625 79.22123718261719 967.809814453125 
137
2 948.390625 38.971527099609375 1150.3758544921875 364.689453125 
3 92.07440185546875 171.025634765625 320.8389892578125 463.4361572265625 
3 0.42190074920654297 861.206298828125 79.24966430664062 967.795166015625 
138
2 955.8590698242188 40.994476318359375 1162.30419921875 367.83935546875 
3 92.44827270507812 171.98593139648438 320.7215576171875 463.3387145996094 
3 0.41660022735595703 861.0664672851562 79.30142211914062 967.76025390625 
139
2 964.0396728515625 42.957977294921875 1169.2896728515625 371.2830810546875 
3 92.00892639160156 172.39178466796875 320.7288818359375 463.3927001953125 
3 0.41393566131591797 861.0916137695312 79.2969970703125 967.7696533203125 
140
2 972.2161254882812 43.56636047363281 1172.2869873046875 373.65313720703125 
3 92.97956848144531 173.04165649414062 320.6272277832031 463.49395751953125 
3 0.408111572265625 861.1361083984375 79.31298065185547 967.7662353515625 
141
2 981.3175659179688 44.26078796386719 1172.0714111328125 379.4426574707031 
3 92.40341186523438 173.00439453125 320.4881591796875 463.73663330078125 
3 0.4042081832885742 861.039306640625 79.31304168701172 967.6676025390625 
142
2 987.9170532226562 43.93621826171875 1172.901123046875 382.62445068359375 
3 92.71841430664062 173.04177856445312 320.48388671875 464.0154724121094 
3 0.4132070541381836 861.0176391601562 79.26438903808594 967.6713256835938 
143
2 990.77685546875 43.25152587890625 1173.9163818359375 383.0948486328125 
3 92.31753540039062 172.9205322265625 320.470947265625 463.8772277832031 
3 0.41264915466308594 861.0127563476562 79.23809814453125 967.6549682617188 
144
2 995.7940063476562 43.66261291503906 1174.4869384765625 383.1201477050781 
3 92.692626953125 172.90255737304688 320.5713195800781 463.93048095703125 
145
2 1004.1073608398438 43.39495849609375 1179.981689453125 383.1052551269531 
3 92.01481628417969 172.93118286132812 320.6062927246094 464.19073486328125 
146
2 1016.1286010742188 39.921234130859375 1189.7802734375 382.795166015625 
3 91.51310729980469 173.25892639160156 320.4963684082031 464.1026916503906 
147
2 1023.7708740234375 38.68940734863281 1198.15234375 382.45501708984375 
3 91.167724609375 173.36276245117188 320.43499755859375 463.98828125 
148
2 1027.77587890625 39.04045104980469 1205.7432861328125 382.7008361816406 
3 91.282958984375 173.72142028808594 320.4422912597656 464.0435791015625 
149
2 1031.4954833984375 38.97709655761719 1216.959228515625 383.58880615234375 
3 91.06033325195312 173.54666137695312 320.4112243652344 463.82684326171875 
150
2 1037.341064453125 39.5958251953125 1222.9256591796875 388.74371337890625 
3 90.64556884765625 173.49623107910156 320.41363525390625 463.5260314941406 
151
3 81.129638671875 174.06886291503906 320.5088195800781 463.2787780761719 
2 1045.231201171875 41.42779541015625 1230.6094970703125 401.7841796875 
152
2 1052.333251953125 43.16453552246094 1241.056396484375 411.6723327636719 
3 72.63017272949219 173.77749633789062 320.60284423828125 463.537109375 
153
2 1059.36865234375 46.429443359375 1250.179443359375 423.65216064453125 
3 60.89973449707031 173.52117919921875 320.8160705566406 463.7211608886719 
154
2 1068.0904541015625 48.28315734863281 1258.5797119140625 431.55072021484375 
3 45.11964416503906 173.60562133789062 320.77777099609375 464.0699157714844 
155
2 1075.0736083984375 53.019439697265625 1267.8271484375 429.1241760253906 
3 41.87538146972656 173.93385314941406 320.72515869140625 463.8304748535156 
156
2 1082.3526611328125 55.80267333984375 1276.93115234375 427.058837890625 
3 72.35440063476562 173.933837890625 320.66900634765625 463.3639221191406 
157
2 1090.0455322265625 57.91038513183594 1285.317626953125 431.943359375 
3 43.570587158203125 173.96859741210938 320.6462097167969 463.70062255859375 
158
2 1098.010009765625 61.50445556640625 1294.0758056640625 443.88970947265625 
3 61.782684326171875 173.6669464111328 320.6414489746094 463.6329345703125 
159
2 1106.640625 63.79103088378906 1303.2755126953125 449.1295166015625 
3 34.12939453125 173.71035766601562 320.6112365722656 463.70538330078125 
160
2 1114.6761474609375 63.04093933105469 1313.58642578125 450.24627685546875 
3 30.765533447265625 173.7760009765625 320.55291748046875 463.6261291503906 
161
2 1125.2686767578125 63.955718994140625 1323.4725341796875 450.3955078125 
3 26.000701904296875 173.7684326171875 320.7434997558594 464.0928955078125 
162
2 1133.259521484375 64.5762939453125 1330.76416015625 450.1725769042969 
3 28.8927001953125 174.0885772705078 320.76318359375 463.9673156738281 
163
2 1141.315185546875 63.63142395019531 1341.509521484375 450.9511413574219 
3 33.62654113769531 174.38726806640625 320.8959045410156 464.2633056640625 
164
2 1148.961669921875 62.94970703125 1345.17333984375 450.1888732910156 
3 39.33856201171875 173.98521423339844 320.7685546875 463.9595031738281 
165
2 1157.3773193359375 60.89288330078125 1356.160888671875 450.45025634765625 
3 41.36822509765625 173.63014221191406 320.7047119140625 464.1286926269531 
166
2 1165.2841796875 58.524566650390625 1364.375 451.16485595703125 
3 43.01789855957031 173.42922973632812 320.7272033691406 464.1560363769531 
167
2 1173.636474609375 59.2861328125 1374.28662109375 450.4998779296875 
3 43.193939208984375 173.49830627441406 320.7479248046875 464.45977783203125 
168
2 1181.7353515625 60.214599609375 1382.911865234375 450.3036804199219 
3 43.164215087890625 173.37147521972656 320.7885437011719 464.5107727050781 
169
2 1190.962646484375 63.24420166015625 1394.364013671875 452.6632080078125 
3 42.931549072265625 173.13351440429688 320.7045593261719 463.956298828125 
3 0.4069690704345703 860.87890625 80.04902648925781 968.0755004882812 
170
2 1200.420654296875 64.93045043945312 1405.5355224609375 463.5876770019531 
3 43.33245849609375 172.87631225585938 320.7711486816406 464.06317138671875 
171
2 1209.6611328125 68.59967041015625 1425.917724609375 472.3108215332031 
3 38.739715576171875 172.72677612304688 320.7129821777344 464.15673828125 
172
2 1218.6326904296875 71.20170593261719 1448.332275390625 479.05914306640625 
3 37.72221374511719 172.65179443359375 320.6903076171875 464.3603515625 
173
2 1227.780517578125 74.593994140625 1464.61376953125 486.00738525390625 
3 40.3118896484375 172.6529541015625 320.5841369628906 464.08868408203125 
174
2 1230.83837890625 78.479248046875 1472.1297607421875 492.6502685546875 
3 50.77793884277344 172.4807586669922 320.68487548828125 464.04931640625 
175
2 1231.7396240234375 80.99758911132812 1473.3138427734375 497.6942138671875 
3 24.868743896484375 172.05967712402344 320.940185546875 464.5291748046875 
176
2 1235.0303955078125 83.04254150390625 1476.438720703125 509.2496337890625 
3 22.581649780273438 171.91244506835938 320.7927551269531 464.48284912109375 
177
2 1239.7525634765625 84.97109985351562 1488.04296875 515.4425048828125 
3 25.073394775390625 171.80198669433594 320.8642883300781 464.3165283203125 
178
2 1244.17626953125 86.647216796875 1503.5380859375 516.9853515625 
3 42.0179443359375 172.07781982421875 320.5352478027344 464.1919860839844 
179
2 1253.05517578125 87.14276123046875 1516.3978271484375 518.025146484375 
3 43.32110595703125 171.7962646484375 320.50677490234375 464.15435791015625 
180
2 1265.421630859375 86.36822509765625 1530.3765869140625 518.1810302734375 
3 50.882232666015625 171.650390625 320.56781005859375 464.0895080566406 
181
2 1279.6116943359375 85.34371948242188 1541.93115234375 517.901123046875 
3 57.47062683105469 171.87953186035156 320.5664367675781 463.8878479003906 
182
2 1298.099365234375 84.982177734375 1553.44921875 517.943603515625 
3 70.16651916503906 171.72915649414062 320.42437744140625 463.96875 
183
3 85.50758361816406 171.19784545898438 320.33941650390625 464.43682861328125 
2 1317.7064208984375 85.38916015625 1565.909423828125 518.304931640625 
184
2 1337.50830078125 86.70011901855469 1576.668701171875 518.1820678710938 
3 97.97395324707031 171.07901000976562 320.4471740722656 464.34344482421875 
185
2 1347.679443359375 87.729248046875 1591.2843017578125 520.9493408203125 
3 101.14680480957031 171.0505828857422 320.40911865234375 464.0205383300781 
186
2 1356.941650390625 90.47677612304688 1599.4339599609375 538.28662109375 
3 101.82420349121094 171.1918487548828 320.40814208984375 464.4515686035156 
187
1 1368.8670654296875 94.600830078125 1611.7293701171875 556.8712158203125 
3 102.62258911132812 171.177734375 320.36798095703125 463.9616394042969 
188
3 103.33303833007812 171.25445556640625 320.227783203125 463.60675048828125 
1 1377.8365478515625 98.82565307617188 1619.00390625 573.90478515625 
189
3 103.49934387207031 171.19869995117188 320.09930419921875 463.7042236328125 
1 1388.33203125 102.93939208984375 1635.7598876953125 588.4625244140625 
190
1 1396.183837890625 109.54843139648438 1646.7237548828125 595.8535766601562 
3 104.09991455078125 171.06723022460938 320.2431945800781 464.1298522949219 
191
1 1397.5400390625 114.5396728515625 1661.2449951171875 595.930419921875 
3 104.27888488769531 171.06454467773438 320.24664306640625 464.2527160644531 
192
1 1398.5133056640625 119.59100341796875 1666.0966796875 602.3699340820312 
3 104.34912109375 170.99404907226562 320.172607421875 464.0992431640625 
193
1 1401.3751220703125 125.73036193847656 1682.0731201171875 614.086181640625 
3 104.55902099609375 170.86865234375 320.2662353515625 464.0195007324219 
3 0.42385292053222656 861.4865112304688 80.25790405273438 967.720947265625 
194
1 1404.69677734375 128.848388671875 1696.7381591796875 620.7263793945312 
3 104.80632019042969 170.6986083984375 320.2901611328125 463.9654846191406 
3 0.4259777069091797 861.4816284179688 80.27294921875 967.724853515625 
195
1 1411.4091796875 132.3230743408203 1709.5908203125 627.3378295898438 
3 105.06196594238281 170.34678649902344 320.2161865234375 463.9205627441406 
3 0.4222745895385742 861.482177734375 80.27388000488281 967.7291259765625 
196
1 1420.8443603515625 134.29360961914062 1723.076416015625 629.19482421875 
3 105.57502746582031 170.4482421875 320.1665954589844 463.9918212890625 
3 0.42609214782714844 861.5226440429688 80.27743530273438 967.7345581054688 
197
1 1443.021484375 137.09710693359375 1735.2130126953125 629.2811279296875 
3 105.90818786621094 170.5331573486328 320.26702880859375 463.6484680175781 
3 0.41938018798828125 861.6057739257812 80.28851318359375 967.7294311523438 
198
1 1463.8316650390625 137.9024658203125 1752.7320556640625 628.836669921875 
3 107.19956970214844 170.6190185546875 320.3261413574219 463.579833984375 
199
1 1486.1639404296875 139.98977661132812 1764.7601318359375 628.1917724609375 
3 108.96751403808594 169.86672973632812 320.3963928222656 463.76715087890625 
200
3 109.68585205078125 169.62319946289062 320.4166564941406 464.16766357421875 
1 1509.050537109375 141.18173217773438 1780.6806640625 628.2098999023438 
201
1 1532.1484375 141.60780334472656 1794.672119140625 629.1275024414062 
3 111.0150146484375 169.70509338378906 320.4613037109375 464.377197265625 
202
1 1548.2467041015625 143.44110107421875 1808.24169921875 629.311279296875 
3 112.34219360351562 169.28866577148438 320.3431396484375 464.5146484375 
3 0.4167318344116211 861.4810791015625 80.1622314453125 967.6978759765625 
203
1 1549.7315673828125 145.63595581054688 1825.09423828125 630.4772338867188 
3 113.21971130371094 169.18023681640625 320.15863037109375 464.5963134765625 
204
1 1550.376220703125 149.90386962890625 1841.6751708984375 630.8687744140625 
3 113.86031341552734 168.95513916015625 320.07928466796875 464.43560791015625 
205
1 1550.272705078125 153.93060302734375 1855.3399658203125 644.957275390625 
3 115.88272094726562 168.95440673828125 320.10772705078125 464.1394348144531 
206
1 1550.46435546875 159.16671752929688 1876.521240234375 664.4166870117188 
3 116.31315612792969 168.43643188476562 320.3026123046875 464.22967529296875 
207
1 1550.6324462890625 166.63211059570312 1891.9376220703125 685.0206298828125 
3 117.63511657714844 168.2078857421875 320.3289794921875 464.2510070800781 
208
1 1551.920654296875 174.81884765625 1913.234130859375 697.4383544921875 
3 119.34326171875 167.81378173828125 320.2778625488281 463.98602294921875 
209
1 1552.10498046875 184.066650390625 1920.1251220703125 708.2515869140625 
3 119.84918212890625 167.39102172851562 320.4543762207031 464.12115478515625 
210
1 1552.996337890625 190.671142578125 1951.5791015625 716.9185791015625 
3 121.32759094238281 167.2913818359375 320.57904052734375 463.6072082519531 
211
1 1557.0595703125 198.57232666015625 1963.874267578125 728.41552734375 
3 120.60494995117188 166.887451171875 320.54840087890625 463.94976806640625 
212
1 1561.91455078125 204.7451171875 1986.159912109375 743.5142211914062 
3 109.17366027832031 166.94793701171875 320.6402282714844 464.44903564453125 
213
1 1565.56982421875 212.2005615234375 2005.0093994140625 747.6671142578125 
3 101.23583221435547 166.6583251953125 320.6514892578125 464.2979736328125 
214
3 91.01560974121094 166.202880859375 320.7413635253906 464.0709533691406 
1 1576.064453125 218.5836181640625 2005.519287109375 747.47216796875 
215
1 1590.60302734375 222.18460083007812 2043.9991455078125 748.150146484375 
3 81.59210205078125 166.68283081054688 320.6519470214844 464.0033264160156 
216
1 1609.993408203125 227.31707763671875 2052.488525390625 748.18212890625 
3 72.17376708984375 166.3853759765625 320.4834289550781 464.1009521484375 
3 2459.8671875 586.1685791015625 2559.338134765625 709.1048583984375 
217
1 1634.3980712890625 232.0340576171875 2061.917236328125 748.63232421875 
3 62.942291259765625 166.1239013671875 320.5144958496094 463.9092102050781 
3 2459.16455078125 589.231201171875 2559.25390625 721.7269287109375 
218
1 1662.794677734375 237.1522216796875 2088.6591796875 748.2049560546875 
3 55.21876525878906 165.74075317382812 321.2630920410156 464.60589599609375 
219
1 1690.256103515625 241.74859619140625 2115.587890625 747.99755859375 
3 56.064849853515625 165.36549377441406 321.2957763671875 464.5857849121094 
3 2459.34033203125 594.774169921875 2559.235595703125 714.3417358398438 
220
1 1719.9259033203125 247.3355712890625 2124.87939453125 747.756103515625 
3 56.933197021484375 164.98321533203125 321.2159729003906 465.0298767089844 
3 2458.6953125 593.1736450195312 2559.272216796875 717.0673828125 
3 0.4094104766845703 861.4652099609375 79.96937561035156 967.6881713867188 
221
1 1750.6180419921875 253.55636596679688 2150.3759765625 755.3392333984375 
3 61.2291259765625 164.81837463378906 321.18328857421875 465.27264404296875 
3 0.41744518280029297 860.4268188476562 80.04759979248047 967.7567138671875 
3 2459.87451171875 592.8528442382812 2559.275146484375 719.1248168945312 
222
1 1760.26171875 263.24847412109375 2165.15576171875 788.725341796875 
3 69.32412719726562 164.87896728515625 320.410888671875 465.50048828125 
3 0.429962158203125 860.17236328125 79.99153900146484 967.7840576171875 
223
0 1761.4888916015625 273.2138671875 2186.171630859375 820.0794067382812 
3 77.6534423828125 165.02105712890625 320.3699645996094 466.0906982421875 
3 0.4336423873901367 860.14990234375 79.98796081542969 967.6752319335938 
224
0 1760.38037109375 284.305908203125 2207.430908203125 849.3594970703125 
3 86.98876953125 164.938720703125 320.2775573730469 466.43023681640625 
3 2458.343505859375 575.148193359375 2559.26904296875 716.3382568359375 
3 0.43787288665771484 860.1312866210938 79.97007751464844 967.6917724609375 
225
0 1760.126220703125 298.34918212890625 2227.625 875.6039428710938 
3 97.4222412109375 165.1754913330078 320.3892822265625 466.4388122558594 
3 2457.8505859375 570.260009765625 2559.319580078125 731.3331298828125 
3 0.43830299377441406 860.3087158203125 79.98281860351562 967.8107299804688 
226
0 1759.9278564453125 309.38507080078125 2249.852783203125 888.8605346679688 
3 105.37781524658203 165.49911499023438 320.2905578613281 466.75042724609375 
3 2458.220947265625 566.1625366210938 2559.21923828125 733.2032470703125 
3 0.4374504089355469 860.24072265625 80.00093078613281 967.83203125 
227
0 1759.054443359375 323.0986328125 2270.105712890625 895.9412231445312 
3 121.31681823730469 165.61398315429688 320.3428955078125 467.7848205566406 
3 2457.9453125 563.3228759765625 2559.154052734375 735.927490234375 
3 0.4316873550415039 860.3450317382812 79.96514892578125 967.7850341796875 
228
0 1764.334716796875 334.3768310546875 2291.924560546875 904.169921875 
3 122.62640380859375 166.23471069335938 320.3563232421875 467.3200988769531 
3 2457.4580078125 561.1156005859375 2559.176025390625 720.8275756835938 
3 0.42881202697753906 860.349853515625 79.9684066772461 967.7783203125 
3 2458.083984375 561.3072509765625 2559.2099609375 716.9530639648438 
229
0 1768.9178466796875 348.25146484375 2314.068359375 913.3251953125 
3 122.40491485595703 166.37646484375 320.01348876953125 465.568359375 
3 2456.87060546875 556.621337890625 2559.1640625 711.7744140625 
3 0.4280576705932617 860.3604736328125 79.84170532226562 967.8668212890625 
230
0 1777.904052734375 357.56036376953125 2338.36279296875 918.9074096679688 
3 121.41780090332031 167.40493774414062 319.88323974609375 465.24005126953125 
3 2456.594482421875 554.2471923828125 2559.155517578125 712.3906860351562 
3 0.4318256378173828 860.3827514648438 79.84095764160156 967.9039306640625 
231
0 1790.80517578125 367.11663818359375 2360.78515625 920.2874755859375 
3 120.11204528808594 167.2122802734375 319.9189758300781 465.55517578125 
3 2455.1708984375 549.0469970703125 2559.07763671875 707.9161376953125 
3 0.431365966796875 860.2379150390625 79.8641357421875 967.911376953125 
232
0 1814.070556640625 374.8071594238281 2385.1884765625 921.704345703125 
3 119.16637420654297 167.32009887695312 320.09307861328125 465.6273193359375 
3 2455.117919921875 547.6087646484375 2558.78955078125 707.19482421875 
3 0.4286775588989258 860.2012939453125 79.88780212402344 967.9326171875 
233
0 1839.1724853515625 382.02032470703125 2408.097412109375 922.4158325195312 
3 117.74722290039062 167.18313598632812 320.2066345214844 465.62701416015625 
3 2456.9482421875 542.2841796875 2558.888916015625 704.4639892578125 
3 0.42911243438720703 860.260498046875 79.8241195678711 967.8958129882812 
234
0 1865.7276611328125 389.81890869140625 2434.4755859375 922.465087890625 
3 115.803955078125 167.70217895507812 320.1680908203125 465.74700927734375 
3 2455.07275390625 538.37841796875 2558.888427734375 702.6160278320312 
3 0.4324836730957031 860.337158203125 79.86912536621094 967.8955688476562 
235
0 1899.427490234375 395.6810302734375 2466.199951171875 923.1375122070312 
3 114.55404663085938 168.27508544921875 320.3219909667969 465.5711669921875 
3 2455.212646484375 537.3792114257812 2559.047607421875 703.3258666992188 
3 0.42278385162353516 860.3764038085938 79.89158630371094 967.8109130859375 
236
0 1932.2860107421875 402.8548583984375 2481.93505859375 923.02099609375 
3 112.81184387207031 168.82110595703125 320.468017578125 465.4350891113281 
3 2452.92919921875 537.2716674804688 2559.089111328125 706.3179931640625 
3 0.41716670989990234 860.353759765625 79.86812591552734 967.7905883789062 
237
3 111.88825988769531 169.41204833984375 320.53521728515625 465.5320739746094 
0 1958.1959228515625 408.55865478515625 2506.516357421875 924.3345336914062 
3 2453.546875 538.4904174804688 2559.099365234375 706.4945068359375 
3 0.4193143844604492 860.3179931640625 79.89219665527344 967.8214721679688 
238
0 1966.54736328125 415.8433837890625 2533.7021484375 924.0931396484375 
3 107.67681884765625 169.91891479492188 320.5055236816406 465.5999755859375 
3 2457.137451171875 534.8167724609375 2559.150146484375 701.968994140625 
3 0.4174842834472656 860.0271606445312 79.8752212524414 967.787353515625 
239
0 1965.094482421875 423.83209228515625 2558.17822265625 923.6015625 
3 107.39846801757812 170.76043701171875 320.34466552734375 465.3921203613281 
3 2458.29443359375 546.1243286132812 2559.124755859375 698.0366821289062 
3 0.4237174987792969 860.263671875 79.93087768554688 967.8523559570312 
240
0 1965.6822509765625 436.1827392578125 2559.013671875 925.3984985351562 
3 105.56120300292969 171.1754913330078 320.39031982421875 465.3145446777344 
3 0.4228096008300781 860.208251953125 79.9328842163086 967.874755859375 
241
0 1964.92578125 447.982177734375 2558.62109375 954.84716796875 
3 104.24967956542969 171.38479614257812 320.55780029296875 464.8029479980469 
3 0.42624950408935547 859.9386596679688 79.87149047851562 967.9417724609375 
242
0 1965.091064453125 462.4163818359375 2558.31396484375 984.252685546875 
3 101.94689178466797 171.72006225585938 320.41278076171875 464.9983825683594 
3 0.42948341369628906 859.9378662109375 79.87396240234375 967.9228515625 
243
0 1968.356689453125 478.04632568359375 2557.948486328125 1003.466796875 
3 99.92140197753906 172.96987915039062 320.7944641113281 464.6409912109375 
3 0.43171024322509766 859.950439453125 79.9680404663086 967.954345703125 
244
3 96.36117553710938 174.0294952392578 320.7890319824219 465.2281188964844 
0 1969.1083984375 494.2462158203125 2558.541748046875 1021.4918212890625 
3 0.43320274353027344 859.919189453125 80.00222778320312 968.0013427734375 
245
0 1973.0166015625 520.1805419921875 2558.940673828125 1035.641357421875 
3 94.27993774414062 174.30584716796875 320.4954528808594 465.14276123046875 
3 0.4268054962158203 860.074951171875 80.0313720703125 967.9702758789062 
246
0 1976.62939453125 551.774658203125 2559.248046875 1051.472900390625 
3 90.24879455566406 174.29067993164062 320.38140869140625 465.9372863769531 
3 0.4253978729248047 860.10791015625 80.02042388916016 967.9702758789062 
247
0 1983.4210205078125 557.4899291992188 2559.1162109375 1064.842529296875 
3 89.20193481445312 174.97967529296875 320.292236328125 465.5495300292969 
3 0.41591930389404297 860.1494750976562 80.029296875 967.9155883789062 
248
0 1994.44384765625 575.9736328125 2559.3232421875 1066.853759765625 
3 87.76748657226562 176.7049560546875 320.23614501953125 465.5921325683594 
3 0.42005443572998047 860.1377563476562 79.97575378417969 967.8990478515625 
249
3 81.7451171875 177.3997802734375 320.387451171875 464.67657470703125 
0 2012.74560546875 566.8695068359375 2558.7353515625 1068.916015625 
3 0.4232521057128906 860.0709838867188 80.05927276611328 967.929931640625 
250
3 81.03640747070312 178.51629638671875 320.3467712402344 464.83624267578125 
0 2034.2413330078125 635.43798828125 2558.81640625 1069.61181640625 
0 2035.0029296875 559.5368041992188 2558.829833984375 1068.7125244140625 
251
3 79.8643798828125 177.9691162109375 320.3211669921875 465.6982421875 
0 2072.28076171875 665.3497924804688 2558.7197265625 1070.486328125 
252
3 79.7264404296875 178.39691162109375 320.64013671875 465.4707946777344 
0 2107.4326171875 652.8290405273438 2558.6923828125 1070.551025390625 
3 2455.056640625 562.7774047851562 2559.22802734375 712.0569458007812 
253
3 76.91676330566406 180.47671508789062 321.5169372558594 464.9396057128906 
0 2141.173828125 617.6607666015625 2558.72412109375 1069.814453125 
3 2454.371826171875 562.6627197265625 2558.978759765625 715.4561157226562 
254
3 76.10308837890625 181.60707092285156 322.1706237792969 464.6746826171875 
0 2171.270751953125 703.9640502929688 2558.831298828125 1070.149169921875 
3 2455.12109375 572.0208740234375 2559.126708984375 712.48681640625 
255
3 73.09112548828125 182.08692932128906 322.48443603515625 464.6497497558594 
0 2203.034423828125 770.182861328125 2559.007080078125 1073.003173828125 
3 2372.577880859375 581.14453125 2558.82421875 837.6258544921875 
256
3 72.25433349609375 182.859130859375 323.3270263671875 464.36053466796875 
0 2209.78515625 793.2969970703125 2558.904541015625 1076.906005859375 
3 2372.232666015625 588.9662475585938 2559.001953125 846.4926147460938 
257
3 72.28591918945312 183.64796447753906 324.6782531738281 464.3246154785156 
0 2212.310546875 806.92529296875 2558.892333984375 1077.4749755859375 
3 2373.00146484375 598.0269775390625 2558.982177734375 848.5170288085938 
258
3 71.44570922851562 184.03326416015625 326.7366027832031 464.46246337890625 
0 2210.921630859375 824.2095947265625 2558.937744140625 1076.01953125 
3 2373.783447265625 605.797119140625 2558.89892578125 848.7889404296875 
259
3 70.93441772460938 184.14291381835938 327.650634765625 464.95989990234375 
0 2211.859130859375 841.5673828125 2559.03662109375 1075.302978515625 
3 2381.034912109375 611.9874877929688 2558.907958984375 849.637939453125 
260
3 70.5777587890625 184.24844360351562 329.63763427734375 465.393310546875 
0 2207.500244140625 862.4696655273438 2558.96435546875 1075.054443359375 
3 2379.67529296875 620.0496826171875 2558.95166015625 849.6637573242188 
261
3 70.88510131835938 184.08544921875 332.8465576171875 465.3041076660156 
3 2379.21923828125 618.8003540039062 2558.9423828125 849.9108276367188 
0 2208.925537109375 878.97314453125 2558.831298828125 1076.1904296875 
262
3 70.63485717773438 183.90655517578125 335.8734130859375 465.09405517578125 
3 2379.138427734375 634.9544677734375 2558.9912109375 850.4415893554688 
0 2215.662109375 904.63720703125 2558.646240234375 1075.6536865234375 
3 0.3529853820800781 861.52880859375 79.81794738769531 967.7916259765625 
263
3 71.302978515625 183.61798095703125 339.09014892578125 464.7290954589844 
3 2378.571533203125 629.377685546875 2559.0322265625 851.1884765625 
0 2224.74267578125 930.274169921875 2558.901123046875 1075.672607421875 
3 0.350494384765625 861.3478393554688 79.72575378417969 967.7235717773438 
264
3 71.86126708984375 183.06982421875 340.0308532714844 465.0567626953125 
3 2377.2919921875 624.5911865234375 2558.956298828125 852.1529541015625 
0 2233.0068359375 955.7346801757812 2558.9287109375 1075.1568603515625 
265
3 72.121826171875 182.22537231445312 341.9195251464844 464.05230712890625 
3 2377.2763671875 620.8329467773438 2558.9072265625 852.114501953125 
0 2248.882080078125 985.1319580078125 2558.277099609375 1075.6959228515625 
266
3 72.16461181640625 181.2996063232422 343.3348083496094 463.73822021484375 
3 2377.131103515625 594.5296630859375 2558.8701171875 852.326416015625 
0 2269.55078125 993.1343994140625 2558.167724609375 1077.95849609375 
267
3 73.14987182617188 181.17347717285156 344.5807800292969 464.7838439941406 
3 2377.940673828125 583.0654907226562 2558.84619140625 852.4202270507812 
268
3 74.56588745117188 180.45631408691406 345.1769104003906 464.86224365234375 
3 2377.673828125 573.7987060546875 2558.872314453125 852.5256958007812 
269
3 75.66098022460938 178.6607666015625 345.3341064453125 464.931640625 
3 2377.30859375 559.717041015625 2558.8828125 852.6185302734375 
270
3 77.30581665039062 177.86505126953125 345.55255126953125 465.1881103515625 
3 2377.548095703125 552.0443115234375 2558.8701171875 852.2030639648438 
271
3 79.35870361328125 177.211669921875 345.6906433105469 466.050048828125 
3 2378.062744140625 547.1046142578125 2558.867919921875 852.519287109375 
272
3 80.36361694335938 177.63446044921875 345.8660888671875 466.0489501953125 
3 2377.954345703125 544.26318359375 2558.8623046875 852.6637573242188 
273
3 81.18234252929688 177.67999267578125 346.09130859375 465.9103088378906 
3 2378.04052734375 542.4089965820312 2558.854736328125 853.1298217773438 
274
3 85.05551147460938 177.51300048828125 346.2123107910156 465.7960205078125 
3 2377.818359375 540.7691650390625 2558.86474609375 853.101318359375 
275
3 88.56843566894531 175.3388671875 346.0978088378906 465.43878173828125 
3 2378.185302734375 540.7989501953125 2558.88720703125 852.8048706054688 
276
3 89.70248413085938 173.88197326660156 346.1314697265625 465.09344482421875 
3 2378.421630859375 541.7586059570312 2558.932373046875 852.8145141601562 
277
3 93.9942626953125 173.37371826171875 345.89166259765625 465.01751708984375 
3 2378.425048828125 543.6884765625 2558.973388671875 853.485595703125 
278
3 97.07125854492188 173.03025817871094 345.6485900878906 464.71356201171875 
3 2377.481689453125 546.8196411132812 2558.94482421875 853.265380859375 
279
3 102.21659088134766 171.59066772460938 345.79296875 466.2863464355469 
3 2378.30810546875 552.185546875 2558.9287109375 854.151123046875 
280
3 104.61192321777344 170.723388671875 345.61700439453125 467.08953857421875 
3 2378.25390625 557.8084106445312 2558.929931640625 853.405029296875 
3 0.40436458587646484 860.3632202148438 79.68649291992188 967.56396484375 
281
3 107.33988952636719 169.8518524169922 345.5994873046875 467.66754150390625 
3 2378.45654296875 565.0775756835938 2558.952880859375 853.2933349609375 
282
3 110.16160583496094 168.8743896484375 345.59356689453125 466.918212890625 
3 2377.960205078125 570.891845703125 2558.942626953125 853.7274169921875 
283
3 112.58302307128906 167.05917358398438 345.49176025390625 466.76910400390625 
3 2378.4794921875 575.320556640625 2558.892333984375 851.7418212890625 
284
3 115.35095977783203 166.11489868164062 345.5215759277344 468.35284423828125 
3 2370.80908203125 569.5438232421875 2559.3154296875 853.0728149414062 
285
3 118.12712097167969 165.6609344482422 345.34820556640625 469.94281005859375 
3 2285.3076171875 506.47381591796875 2558.963134765625 852.8464965820312 
286
3 120.36624145507812 164.2493896484375 345.22784423828125 471.9071044921875 
3 2260.7939453125 501.41015625 2558.961181640625 852.950439453125 
287
3 2270.49560546875 488.0389404296875 2558.947998046875 853.53125 
3 123.18549346923828 163.57720947265625 345.3116149902344 470.3016357421875 
288
3 125.10393524169922 163.22677612304688 345.07080078125 469.9983215332031 
3 2217.022705078125 480.9688720703125 2558.9462890625 852.9929809570312 
3 0.4188270568847656 860.5853881835938 79.57586669921875 967.6040649414062 
289
3 127.51420593261719 162.0987548828125 345.072265625 470.0204162597656 
3 2244.80224609375 474.7386779785156 2558.985595703125 853.1500854492188 
3 0.4170370101928711 860.54345703125 79.56519317626953 967.5816650390625 
290
3 128.37802124023438 162.42520141601562 345.05859375 469.8657531738281 
3 2213.84619140625 468.7841796875 2558.91748046875 852.2078857421875 
291
3 130.8402862548828 161.70947265625 345.0259704589844 466.7511291503906 
3 2232.663818359375 461.2244873046875 2558.921630859375 850.2608642578125 
3 0.4255828857421875 860.5346069335938 79.53002166748047 967.519775390625 
292
3 130.91253662109375 161.58486938476562 344.79248046875 463.40277099609375 
3 2194.394775390625 458.3988037109375 2558.58935546875 845.9878540039062 
3 0.4135255813598633 860.3642578125 79.56855773925781 967.52880859375 
293
3 2194.1572265625 453.046875 2558.6953125 845.1946411132812 
3 132.63491821289062 161.5206298828125 344.86785888671875 463.33544921875 
3 0.416229248046875 860.3901977539062 79.58306884765625 967.4825439453125 
294
3 2191.82275390625 442.2564697265625 2557.993408203125 835.0775146484375 
3 134.1754608154297 161.047607421875 344.7465515136719 464.6108703613281 
295
3 134.5426483154297 160.25177001953125 344.37872314453125 462.2396240234375 
3 2193.673095703125 439.05767822265625 2547.927001953125 828.46337890625 
296
3 135.51687622070312 159.6517791748047 344.42486572265625 462.8680725097656 
3 2194.055908203125 428.254150390625 2535.142333984375 822.0527954101562 
297
3 137.56076049804688 159.45712280273438 344.61444091796875 463.3600769042969 
3 2227.192138671875 424.61932373046875 2527.209228515625 813.3072509765625 
3 0.4199342727661133 859.924560546875 79.77992248535156 967.3997802734375 
298
3 138.89938354492188 159.155517578125 344.5438232421875 463.8169250488281 
3 2233.046875 419.26422119140625 2521.388427734375 814.32275390625 
3 0.4137582778930664 859.892333984375 79.79911804199219 967.366943359375 
299
3 139.29351806640625 158.7022247314453 344.4902648925781 463.82098388671875 
3 2216.203369140625 414.70074462890625 2519.61962890625 804.48681640625 
3 0.4134044647216797 859.8920288085938 79.74771118164062 967.5053100585938 
300
3 2207.338134765625 408.5341796875 2517.6865234375 808.283447265625 
3 139.98873901367188 158.2424774169922 345.02777099609375 463.5567626953125 
3 0.41601085662841797 859.8779296875 79.744873046875 967.5023803710938 
301
3 140.23114013671875 158.4068603515625 344.629638671875 463.3939514160156 
3 2207.749755859375 402.5433349609375 2507.461181640625 799.7852783203125 
3 0.40993213653564453 859.9800415039062 79.72545623779297 967.5379638671875 
302
3 2183.082763671875 396.53619384765625 2497.924072265625 801.4100341796875 
3 141.4966278076172 158.19338989257812 345.0193786621094 463.4654235839844 
3 0.4136171340942383 859.9701538085938 79.73334503173828 967.5470581054688 
303
3 2143.292236328125 394.3424377441406 2486.525146484375 802.251708984375 
3 141.5550079345703 158.1200408935547 344.8842468261719 464.0071105957031 
3 0.4213695526123047 860.012939453125 79.6305160522461 967.56103515625 
304
1 2104.6708984375 389.21240234375 2475.03564453125 805.974609375 
3 141.4570770263672 158.063232421875 344.71533203125 464.202880859375 
3 0.4231758117675781 860.0277099609375 79.63432312011719 967.57861328125 
305
1 2085.7568359375 385.54736328125 2459.01806640625 804.1171875 
3 141.39071655273438 158.1871337890625 344.53253173828125 463.84197998046875 
3 0.4195556640625 860.0673217773438 79.63091278076172 967.622314453125 
306
1 2083.957763671875 381.4693603515625 2443.4814453125 798.54345703125 
3 141.35244750976562 158.27374267578125 344.5036926269531 462.78497314453125 
3 0.42114925384521484 860.04345703125 79.62335205078125 967.604736328125 
307
1 2078.459228515625 377.964599609375 2428.2509765625 796.0655517578125 
3 141.0882568359375 158.48248291015625 344.4579162597656 462.2674865722656 
3 0.4377870559692383 860.0159912109375 79.7086181640625 967.6798706054688 
308
1 2074.197998046875 374.5895690917969 2420.634033203125 785.9999389648438 
3 140.7252960205078 158.55722045898438 344.4018859863281 461.66351318359375 
3 0.44196319580078125 859.9838256835938 79.68333435058594 967.6475219726562 
309
3 139.6658172607422 158.7864532470703 343.8846740722656 460.81060791015625 
1 2078.074462890625 369.18499755859375 2412.217529296875 784.998046875 
3 0.43555545806884766 860.010009765625 79.64793395996094 967.6309814453125 
310
3 139.01011657714844 158.73480224609375 344.22991943359375 460.75067138671875 
1 2078.640625 363.90399169921875 2403.58642578125 786.0985107421875 
3 0.4334888458251953 860.1739501953125 79.77146911621094 967.5283813476562 
311
3 138.1873321533203 158.59857177734375 344.3592529296875 460.6929626464844 
1 2079.626953125 358.2115478515625 2396.441650390625 785.0697021484375 
3 0.4358358383178711 860.3965454101562 79.82228088378906 967.6351318359375 
312
3 137.52005004882812 158.69586181640625 344.27593994140625 460.51129150390625 
1 2079.931396484375 349.510498046875 2384.302734375 783.3502197265625 
3 0.4264955520629883 860.2706298828125 79.83720397949219 967.6214599609375 
313
1 2080.461669921875 344.08489990234375 2373.021728515625 786.0554809570312 
3 135.7554168701172 158.76246643066406 344.3276672363281 460.5338134765625 
3 0.4255027770996094 860.3001708984375 79.9339599609375 967.6281127929688 
314
3 134.8504638671875 158.94293212890625 344.34796142578125 460.8580322265625 
1 2060.081298828125 339.3544921875 2361.54296875 783.5180053710938 
3 0.4223041534423828 860.302001953125 79.9195327758789 967.6439819335938 
315
1 2017.2523193359375 334.6892395019531 2348.453369140625 784.9286499023438 
3 133.89691162109375 159.37510681152344 344.2249755859375 460.86114501953125 
316
3 131.4217987060547 159.921142578125 344.23907470703125 461.0075378417969 
1 1984.784423828125 331.75958251953125 2331.599853515625 786.0009765625 
317
3 130.1226348876953 159.91033935546875 344.21319580078125 461.2332458496094 
1 1956.61376953125 330.7354736328125 2314.10693359375 785.8785400390625 
318
1 1927.9671630859375 328.1644592285156 2296.4208984375 785.8204345703125 
3 127.69904327392578 160.31729125976562 344.3145751953125 461.5437927246094 
319
3 126.20896911621094 160.98812866210938 344.1898193359375 461.686279296875 
1 1912.928955078125 326.60003662109375 2278.95751953125 785.6907348632812 
320
3 125.268798828125 161.50479125976562 344.2083740234375 462.1522216796875 
1 1915.7774658203125 318.8399658203125 2260.902587890625 785.4744873046875 
321
1 1914.187255859375 314.08172607421875 2245.484130859375 786.3934326171875 
3 123.6116714477539 161.10775756835938 344.2327880859375 462.53948974609375 
322
3 121.6461181640625 161.3893280029297 344.2761535644531 462.6275634765625 
1 1913.44384765625 306.4276123046875 2227.550048828125 781.148193359375 
323
1 1913.473876953125 297.468017578125 2210.878662109375 776.4490966796875 
3 119.59173583984375 161.37091064453125 344.3717041015625 463.3757019042969 
324
1 1913.62646484375 290.20001220703125 2196.671875 750.0070190429688 
3 118.868896484375 161.9642333984375 344.4183654785156 464.01812744140625 
325
1 1911.734130859375 280.76953125 2186.10546875 750.7527465820312 
3 117.06584167480469 162.72088623046875 344.83453369140625 464.11212158203125 
3 0.4217691421508789 859.71826171875 79.7237548828125 967.5164184570312 
326
1 1912.147216796875 274.38482666015625 2172.47705078125 723.468994140625 
3 115.66412353515625 163.9300994873047 344.83233642578125 464.909912109375 
3 0.42368316650390625 859.7625732421875 79.70621490478516 967.5341796875 
327
1 1914.91748046875 266.5943603515625 2158.79736328125 701.9155883789062 
3 114.22443389892578 165.02056884765625 344.9002685546875 465.2328796386719 
3 0.42859458923339844 859.836181640625 79.58747100830078 967.517333984375 
328
3 112.55345153808594 165.20687866210938 344.99896240234375 465.41119384765625 
1 1916.2777099609375 259.0566101074219 2146.475830078125 686.575439453125 
3 0.4281730651855469 859.8233032226562 79.59455871582031 967.5020141601562 
329
1 1913.096923828125 250.54766845703125 2136.053955078125 689.3116455078125 
3 111.75907897949219 165.72439575195312 344.9124450683594 465.48712158203125 
3 0.42868709564208984 859.90673828125 79.57412719726562 967.4857788085938 
330
1 1898.9527587890625 245.40618896484375 2124.46630859375 681.8267211914062 
3 110.64898681640625 166.39111328125 344.91632080078125 465.76397705078125 
3 0.43323707580566406 859.8795776367188 79.59825134277344 967.4947509765625 
331
1 1873.613525390625 240.8363037109375 2113.554443359375 690.89599609375 
3 109.61625671386719 166.5 344.6368408203125 466.1452331542969 
3 0.43008995056152344 859.6243896484375 79.48656463623047 967.4369506835938 
3 2271.83203125 74.390869140625 2306.7646484375 144.84344482421875 
332
1 1831.1131591796875 238.09503173828125 2101.251708984375 691.7284545898438 
3 108.81535339355469 167.09197998046875 344.48150634765625 466.2186584472656 
3 0.43231678009033203 859.8541259765625 79.30037689208984 967.4219360351562 
3 2265.8408203125 74.09834289550781 2306.91796875 143.85543823242188 
333
1 1792.4478759765625 233.8492431640625 2090.1884765625 690.7108154296875 
3 108.18695068359375 167.26651000976562 344.4495849609375 465.3874816894531 
3 0.4270963668823242 859.9050903320312 79.28349304199219 967.3858032226562 
334
1 1763.300048828125 233.434814453125 2083.255615234375 690.02587890625 
3 107.93010711669922 167.177001953125 344.41571044921875 465.3938293457031 
3 0.4300374984741211 860.0325927734375 79.25043487548828 967.3989868164062 
335
1 1755.69580078125 230.254638671875 2075.254150390625 685.2008056640625 
3 107.55307006835938 167.34043884277344 344.8380432128906 466.1888732910156 
3 0.4194784164428711 859.9130859375 79.5897216796875 967.3724975585938 
336
1 1756.82373046875 228.26043701171875 2061.155029296875 679.9462890625 
3 106.94465637207031 167.7447509765625 344.95831298828125 466.63311767578125 
3 0.4122629165649414 859.7340087890625 79.55644226074219 967.4201049804688 
337
1 1756.11474609375 225.64535522460938 2040.575439453125 672.097900390625 
3 106.67539978027344 167.52752685546875 344.9826965332031 466.5402526855469 
3 0.4249391555786133 859.6182250976562 79.74613952636719 967.4491577148438 
338
1 1756.7325439453125 220.15887451171875 2016.703369140625 664.6567993164062 
3 106.59781646728516 167.57305908203125 345.0516662597656 466.7889709472656 
3 0.42670631408691406 859.6553344726562 79.76551818847656 967.4652709960938 
339
1 1757.6214599609375 214.42486572265625 2000.604248046875 653.0789184570312 
3 106.53715515136719 167.52236938476562 345.023681640625 466.2742614746094 
3 0.4175271987915039 859.8388671875 79.57592010498047 967.4016723632812 
340
1 1757.7613525390625 208.11080932617188 1990.3564453125 642.5479736328125 
3 106.68412780761719 167.49176025390625 345.02545166015625 464.8916320800781 
3 0.4131050109863281 859.8681640625 79.43721771240234 967.2245483398438 
341
1 1758.86083984375 201.37054443359375 1977.9681396484375 635.5855102539062 
3 106.8194580078125 167.46853637695312 344.73358154296875 465.8384094238281 
3 0.40912818908691406 859.8811645507812 79.49810791015625 967.2957763671875 
342
1 1758.2490234375 192.8699951171875 1968.635986328125 635.8173217773438 
3 107.06297302246094 167.41775512695312 344.7508544921875 466.2112731933594 
3 0.41204071044921875 859.8215942382812 79.55841064453125 967.3304443359375 
343
1 1759.3687744140625 184.39578247070312 1959.2880859375 635.9754638671875 
3 107.07176208496094 167.12216186523438 344.7058410644531 466.609619140625 
3 0.409698486328125 860.0001220703125 79.56719207763672 967.380615234375 
344
1 1743.1673583984375 174.53988647460938 1949.498046875 635.720458984375 
3 107.32376098632812 167.0313262939453 344.6573181152344 465.7044982910156 
3 0.4167156219482422 859.5728149414062 79.39036560058594 967.3829956054688 
345
1 1710.3917236328125 166.07089233398438 1938.6090087890625 635.9122314453125 
3 107.4913330078125 166.87269592285156 344.62188720703125 465.4239196777344 
3 0.42003440856933594 859.5369262695312 79.3966293334961 967.3684692382812 
346
1 1683.5257568359375 163.81719970703125 1927.451416015625 635.1883544921875 
3 107.76272583007812 166.82278442382812 344.6666259765625 465.07220458984375 
3 0.4246997833251953 859.5220947265625 79.35299682617188 967.2596435546875 
347
1 1658.7777099609375 157.78741455078125 1915.010009765625 635.0269775390625 
3 108.5916519165039 166.75755310058594 344.7344665527344 465.0461120605469 
3 0.4158964157104492 859.6218872070312 79.37644958496094 967.3917846679688 
348
1 1619.3648681640625 157.5284423828125 1901.3267822265625 634.67138671875 
3 109.30199432373047 166.7003173828125 344.7744140625 464.575927734375 
3 0.41794300079345703 859.5701293945312 79.54550170898438 967.3369140625 
349
1 1584.198974609375 156.1058349609375 1888.1092529296875 634.80126953125 
3 110.52134704589844 166.27859497070312 344.762451171875 464.60406494140625 
3 0.4180631637573242 859.6038208007812 79.49638366699219 967.3286743164062 
350
1 1556.4381103515625 156.06243896484375 1873.4095458984375 634.790771484375 
3 111.26776885986328 165.81106567382812 344.6130676269531 465.0834655761719 
3 0.4228935241699219 859.5723266601562 79.48208618164062 967.3809814453125 
351
1 1541.623291015625 155.30435180664062 1858.8392333984375 633.177978515625 
3 111.72755432128906 165.32672119140625 344.76287841796875 465.45709228515625 
3 0.4194917678833008 859.4297485351562 79.4820556640625 967.4218139648438 
352
1 1532.85791015625 153.8807373046875 1854.803466796875 630.5166015625 
3 112.21842956542969 165.42083740234375 344.715576171875 465.1368408203125 
3 0.4112110137939453 859.62451171875 79.35234069824219 967.4111328125 
353
1 1528.2918701171875 151.202880859375 1854.6072998046875 628.072265625 
3 113.36894226074219 165.2901153564453 344.698486328125 465.12786865234375 
3 0.4110689163208008 859.6235961914062 79.34256744384766 967.4156494140625 
354
1 1526.490966796875 145.87295532226562 1852.605224609375 623.199462890625 
3 114.38746643066406 165.17593383789062 344.63812255859375 465.5143127441406 
3 0.4083700180053711 859.6165771484375 79.31673431396484 967.3853759765625 
355
1 1526.5 140.3052978515625 1844.9005126953125 619.6923217773438 
3 115.36093139648438 164.2879638671875 344.6539001464844 464.72381591796875 
3 0.4108457565307617 860.4389038085938 79.44459533691406 967.5105590820312 
356
1 1526.1365966796875 135.12994384765625 1828.3446044921875 614.6990966796875 
3 115.90252685546875 163.48150634765625 344.6810302734375 464.2690734863281 
3 0.4053773880004883 860.3943481445312 79.45448303222656 967.5136108398438 
357
1 1526.064208984375 130.13525390625 1806.0576171875 604.8909912109375 
3 116.91960144042969 162.96121215820312 344.92376708984375 464.6885986328125 
358
1 1526.0718994140625 122.08935546875 1775.495361328125 596.255615234375 
3 117.915283203125 162.68399047851562 344.97015380859375 464.6767883300781 
359
1 1525.671875 116.6353759765625 1744.1934814453125 589.756591796875 
3 118.34378051757812 162.00296020507812 344.9153137207031 464.45556640625 
360
1 1525.61962890625 110.21435546875 1713.10986328125 578.74169921875 
3 118.60418701171875 161.60009765625 344.89410400390625 464.57855224609375 
361
3 119.3238525390625 161.44537353515625 344.9151916503906 465.002197265625 
1 1521.60205078125 106.2357177734375 1698.938232421875 561.5816040039062 
362
1 1499.9659423828125 102.390625 1684.3583984375 574.3223876953125 
3 120.518798828125 161.427734375 344.8922119140625 464.4136657714844 
363
1 1477.0311279296875 101.630615234375 1669.2017822265625 568.4955444335938 
3 121.33657836914062 161.346923828125 344.6539611816406 464.098876953125 
364
3 122.08423614501953 161.16644287109375 344.5934143066406 462.95458984375 
1 1428.1939697265625 101.53652954101562 1653.5408935546875 566.1971435546875 
365
3 122.66419982910156 161.0407257080078 344.5959167480469 463.0616760253906 
1 1381.135498046875 101.86572265625 1639.77685546875 564.7361450195312 
366
3 122.80390930175781 161.15869140625 344.5870361328125 463.415771484375 
1 1341.2398681640625 102.73797607421875 1629.022216796875 563.753662109375 
367
1 1308.494384765625 105.47564697265625 1622.5289306640625 560.8826293945312 
3 123.45985412597656 161.3014678955078 344.57830810546875 462.54254150390625 
368
1 1288.6180419921875 106.85186767578125 1621.82421875 560.14208984375 
3 123.7552490234375 161.51016235351562 344.64703369140625 462.3084716796875 
3 0.41461944580078125 860.4047241210938 79.44898986816406 967.5588989257812 
369
1 1280.24755859375 107.76824951171875 1620.030517578125 556.8280639648438 
3 124.20924377441406 161.68260192871094 344.684814453125 461.5236511230469 
3 0.4214000701904297 860.42236328125 79.4581298828125 967.5346069335938 
370
1 1275.404296875 106.88616943359375 1618.272705078125 554.08349609375 
3 124.50870513916016 162.16415405273438 344.7684020996094 460.6331787109375 
371
1 1273.7215576171875 105.317138671875 1613.51708984375 553.3380737304688 
3 124.6474380493164 161.88136291503906 344.51788330078125 460.80096435546875 
372
1 1271.5526123046875 103.0166015625 1606.2515869140625 553.9295043945312 
3 124.60894012451172 161.9288330078125 344.57708740234375 460.7193298339844 
373
2 1269.69482421875 101.65777587890625 1590.47998046875 552.9808959960938 
3 124.44644927978516 161.77761840820312 344.697998046875 460.7259826660156 
374
2 1268.8187255859375 98.15426635742188 1559.8138427734375 552.9296875 
3 124.42112731933594 161.7213134765625 344.63116455078125 460.6958923339844 
375
2 1268.629150390625 95.27337646484375 1527.9337158203125 552.6744384765625 
3 124.178955078125 161.70877075195312 344.83587646484375 460.71942138671875 
376
2 1268.72900390625 91.6090087890625 1493.490478515625 552.6922607421875 
3 123.89900207519531 162.04278564453125 344.8215026855469 461.0650634765625 
377
2 1268.4324951171875 87.89425659179688 1454.534423828125 552.3330078125 
3 123.48994445800781 161.87290954589844 344.78204345703125 461.81903076171875 
378
2 1264.108642578125 86.75927734375 1412.9859619140625 552.4595947265625 
3 123.22396087646484 161.62515258789062 344.82647705078125 461.6977844238281 
379
2 1230.2403564453125 86.3419189453125 1394.91357421875 552.3939819335938 
3 123.00361633300781 161.61669921875 344.85205078125 461.9119873046875 
380
2 1199.5986328125 83.9117431640625 1380.793212890625 551.8513793945312 
3 122.64656066894531 161.76358032226562 344.8178405761719 462.10748291015625 
381
2 1168.551513671875 85.5614013671875 1368.9713134765625 551.8863525390625 
3 121.95639038085938 161.82595825195312 344.8695373535156 462.1162414550781 
382
2 1144.5906982421875 86.69451904296875 1366.7086181640625 551.870849609375 
3 121.14886474609375 161.9311065673828 344.9480895996094 462.5525207519531 
383
2 1121.60107421875 87.83929443359375 1366.8885498046875 551.6477661132812 
3 120.08370971679688 161.65859985351562 344.9727478027344 462.30291748046875 
384
2 1100.1328125 87.97528076171875 1366.18017578125 549.9160766601562 
3 119.15007019042969 161.60104370117188 344.92791748046875 461.758544921875 
385
2 1082.426513671875 90.667236328125 1365.1124267578125 548.8522338867188 
3 118.68478393554688 161.7390594482422 344.880859375 461.51947021484375 
3 0.4219512939453125 860.5321044921875 79.1459732055664 967.4885864257812 
386
2 1066.043701171875 90.30914306640625 1361.0411376953125 546.15869140625 
3 118.29200744628906 161.86517333984375 344.84503173828125 461.676513671875 
3 0.4184904098510742 860.5206298828125 79.15290832519531 967.4732666015625 
387
2 1050.21142578125 89.32928466796875 1357.6295166015625 542.0114135742188 
3 118.0300064086914 162.24107360839844 344.7973937988281 461.6236877441406 
388
2 1035.2120361328125 86.66241455078125 1350.0947265625 542.8609619140625 
3 117.82515716552734 162.35006713867188 344.7959289550781 461.4935302734375 
389
2 1021.7472534179688 84.28750610351562 1336.290771484375 537.4224243164062 
3 117.5305404663086 162.3580322265625 344.7945556640625 461.30267333984375 
390
2 1013.8646240234375 80.73687744140625 1309.096435546875 532.393310546875 
3 117.51009368896484 162.38546752929688 344.78277587890625 461.6919860839844 
391
2 1009.8011474609375 77.40472412109375 1274.3248291015625 525.2470703125 
3 117.57234191894531 162.197509765625 344.953369140625 461.48974609375 
392
2 1008.4779663085938 73.46426391601562 1246.83642578125 513.8496704101562 
3 117.58200073242188 162.0537567138672 344.9896240234375 461.5390625 
393
2 1008.9180908203125 70.83480834960938 1216.15380859375 504.410888671875 
3 117.69696807861328 161.793212890625 345.0347900390625 461.5208740234375 
3 0.4166097640991211 860.8778076171875 79.3210220336914 967.3209838867188 
394
2 1008.2899169921875 67.99102783203125 1182.977294921875 500.131591796875 
3 117.97654724121094 161.68466186523438 345.0231628417969 461.64825439453125 
395
2 994.2931518554688 65.05859375 1144.8990478515625 488.611083984375 
3 118.2709732055664 161.5705108642578 344.988525390625 462.1720275878906 
396
2 978.7340087890625 62.793212890625 1140.1705322265625 489.0850830078125 
3 118.55686950683594 161.46356201171875 344.9366149902344 462.05108642578125 
397
2 963.18408203125 64.981201171875 1140.2799072265625 484.98187255859375 
3 119.59889221191406 161.4265594482422 344.80938720703125 461.94158935546875 
398
2 943.68408203125 66.6268310546875 1140.037353515625 482.60546875 
3 121.63291931152344 161.56988525390625 344.736083984375 461.9144287109375 
399
2 910.9187622070312 70.82745361328125 1139.70263671875 482.4512939453125 
3 123.4137191772461 161.64059448242188 344.7991027832031 461.76995849609375 
400
2 884.4063110351562 72.79937744140625 1140.0791015625 482.0113525390625 
3 124.23475646972656 161.02890014648438 344.73468017578125 461.7954406738281 
401
2 868.1529541015625 74.83587646484375 1140.8359375 479.75518798828125 
3 125.3648910522461 161.16696166992188 344.7597961425781 462.2739562988281 
402
2 863.9202880859375 77.7327880859375 1135.135498046875 476.93878173828125 
3 127.248046875 160.98309326171875 344.584716796875 462.0038146972656 
403
2 865.6864624023438 78.6224365234375 1134.0367431640625 473.7936706542969 
3 127.59187316894531 160.62203979492188 344.58746337890625 461.21533203125 
404
3 129.0091094970703 159.97900390625 344.63702392578125 461.3173828125 
2 860.4371337890625 78.03634643554688 1126.390625 469.72857666015625 
405
2 843.533935546875 76.12533569335938 1113.4835205078125 466.3651123046875 
3 130.43902587890625 159.84129333496094 344.6146240234375 461.23272705078125 
406
2 829.8887329101562 75.22747802734375 1089.581298828125 464.1547546386719 
3 131.4383544921875 160.11273193359375 344.37432861328125 461.1759033203125 
407
2 813.48876953125 74.73106384277344 1063.924072265625 456.48236083984375 
3 131.92941284179688 160.10598754882812 344.2763366699219 461.06683349609375 
408
2 799.753662109375 72.82763671875 1034.3179931640625 455.94598388671875 
3 132.97964477539062 159.85455322265625 344.23590087890625 460.8848571777344 
409
2 786.9312133789062 70.29910278320312 1003.048583984375 456.0684814453125 
3 134.3169403076172 159.69644165039062 344.171142578125 460.8111572265625 
410
2 773.135498046875 68.42237854003906 972.8552856445312 455.73138427734375 
3 135.07167053222656 159.2337646484375 344.49951171875 460.64581298828125 
411
2 761.4641723632812 68.31230163574219 942.1639404296875 455.93023681640625 
3 135.284912109375 159.2147216796875 344.5831298828125 460.51666259765625 
3 0.4206514358520508 860.9586181640625 79.16209411621094 967.1659545898438 
412
2 750.6635131835938 68.83602905273438 938.9889526367188 455.35943603515625 
3 135.49203491210938 159.2022705078125 344.5859680175781 460.53778076171875 
413
2 740.1502075195312 71.08366394042969 938.2996826171875 454.1656494140625 
3 135.57174682617188 159.14749145507812 344.61236572265625 460.47137451171875 
414
2 726.9959106445312 73.49783325195312 938.6961059570312 453.619140625 
3 135.82330322265625 159.09381103515625 344.7015075683594 460.31475830078125 
415
2 711.4359130859375 75.78248596191406 939.4417724609375 454.3587341308594 
3 136.1910858154297 159.10354614257812 345.044677734375 460.610107421875 
3 0.4239683151245117 860.5355224609375 79.10441589355469 967.1295776367188 
416
2 699.104736328125 77.31953430175781 939.6392211914062 454.7652587890625 
3 136.03262329101562 159.112548828125 345.0234680175781 460.72735595703125 
417
2 686.125732421875 79.32095336914062 938.9266357421875 454.8765563964844 
3 135.70266723632812 159.2859344482422 344.9443359375 460.8963623046875 
418
2 674.0501098632812 80.39451599121094 937.0963134765625 451.30535888671875 
3 135.1697998046875 159.27369689941406 344.98187255859375 461.060791015625 
419
2 665.1258544921875 80.56010437011719 931.24365234375 451.45013427734375 
3 134.7755584716797 159.6393585205078 345.0990295410156 460.998779296875 
420
2 656.4510498046875 79.68727111816406 915.7217407226562 448.10882568359375 
3 133.81109619140625 159.9559326171875 345.09893798828125 460.974609375 
421
2 650.046875 79.37382507324219 894.9105224609375 444.87896728515625 
3 132.81781005859375 160.72442626953125 344.650390625 460.9136047363281 
422
2 645.923583984375 77.12440490722656 872.1044921875 437.2306823730469 
3 131.03599548339844 161.25650024414062 344.627685546875 461.1993408203125 
423
2 641.5396118164062 74.72543334960938 849.079345703125 430.2887878417969 
3 130.21458435058594 161.5814208984375 344.6846618652344 461.13446044921875 
424
2 633.2263793945312 70.55490112304688 831.37841796875 423.6093444824219 
3 128.68417358398438 161.74099731445312 344.7971496582031 461.2578125 
425
2 621.6354370117188 68.68191528320312 809.52587890625 411.8568115234375 
3 126.98509979248047 161.54745483398438 344.96307373046875 461.2588806152344 
426
2 613.1741333007812 68.1865234375 794.3839111328125 419.7518615722656 
3 125.705810546875 161.77923583984375 344.9693908691406 462.23272705078125 
427
2 601.3453369140625 68.35917663574219 794.6221923828125 415.9552001953125 
3 123.66194915771484 162.0072784423828 344.7987060546875 462.701416015625 
428
2 591.8207397460938 69.646240234375 793.941650390625 412.3878173828125 
3 122.26271057128906 162.39517211914062 344.883056640625 463.2579040527344 
429
2 583.7904663085938 72.17192077636719 792.722412109375 409.79217529296875 
3 118.99939727783203 163.43881225585938 344.5956115722656 462.5355224609375 
430
2 570.9981079101562 75.84828186035156 792.687744140625 407.06829833984375 
3 117.73204040527344 164.88299560546875 344.6591796875 463.6689453125 
431
2 561.402099609375 79.30302429199219 792.2178955078125 405.7846984863281 
3 115.33172607421875 166.2589874267578 344.7524719238281 464.46966552734375 
432
2 551.7741088867188 81.94671630859375 792.0697021484375 405.9751281738281 
3 113.04234313964844 166.29922485351562 344.86163330078125 464.6192321777344 
433
2 544.2227783203125 84.26466369628906 787.5048217773438 402.2816162109375 
3 111.26622009277344 166.80502319335938 344.96661376953125 465.55364990234375 
434
3 109.0825424194336 167.23516845703125 345.0127868652344 464.74481201171875 
2 524.182861328125 85.51460266113281 786.5142822265625 402.7596435546875 
435
3 107.48173522949219 168.702392578125 345.28985595703125 464.6093444824219 
2 514.7196044921875 86.18592834472656 778.3353881835938 401.0545959472656 
436
3 106.57301330566406 169.89315795898438 345.4070739746094 465.08831787109375 
2 507.28326416015625 86.70388793945312 767.279296875 399.5361328125 
437
2 494.935302734375 86.34855651855469 752.88720703125 398.33978271484375 
3 103.57847595214844 169.728515625 345.5467529296875 464.8953552246094 
438
2 489.9852294921875 86.20851135253906 734.0467529296875 396.5377197265625 
3 102.34281158447266 170.21774291992188 345.5399169921875 464.8885192871094 
439
2 480.5285949707031 85.19700622558594 711.5722045898438 396.23406982421875 
3 100.327880859375 170.71939086914062 345.6811218261719 464.78179931640625 
440
2 472.9062805175781 83.58251953125 687.9491577148438 395.424072265625 
3 99.07913208007812 171.20376586914062 345.6845397949219 465.4686279296875 
441
2 462.64385986328125 82.40988159179688 665.5787963867188 396.1576232910156 
3 97.7342529296875 171.97659301757812 345.61126708984375 465.41241455078125 
442
3 94.9232177734375 172.7551727294922 345.7365417480469 465.27691650390625 
2 454.9995422363281 81.05886840820312 645.7566528320312 395.390869140625 
443
3 94.14715576171875 173.45802307128906 345.7221984863281 464.733154296875 
2 451.23388671875 82.63250732421875 641.2098999023438 395.5470886230469 
444
2 440.7300109863281 84.51475524902344 641.0142822265625 394.30694580078125 
3 93.43392944335938 173.56822204589844 345.71856689453125 464.6824035644531 
445
3 90.90792846679688 173.8435516357422 346.1074523925781 464.89837646484375 
2 433.7882385253906 86.065185546875 640.87255859375 395.0223083496094 
446
3 89.97705078125 174.08946228027344 345.98016357421875 464.63909912109375 
2 426.582275390625 90.14328002929688 641.6182250976562 395.1673583984375 
447
2 419.14276123046875 91.65487670898438 641.7008666992188 395.65240478515625 
3 89.56179809570312 174.37313842773438 345.6573791503906 465.1230773925781 
448
2 411.82330322265625 93.16072082519531 640.3247680664062 396.14971923828125 
3 89.36114501953125 174.30307006835938 345.82171630859375 464.7518310546875 
449
3 89.12725830078125 174.65603637695312 345.79522705078125 465.4554138183594 
2 406.40899658203125 99.63290405273438 638.8434448242188 395.7317199707031 
450
2 399.3955993652344 101.40603637695312 635.1965942382812 395.32427978515625 
3 88.78067016601562 174.98858642578125 345.9081115722656 465.7208251953125 
451
3 393.6157531738281 101.46983337402344 624.4703369140625 391.6114196777344 
3 88.4722900390625 175.00677490234375 346.1020202636719 465.303466796875 
452
3 386.87554931640625 100.46333312988281 613.3453369140625 391.851806640625 
3 88.21969604492188 175.39401245117188 346.1815185546875 465.749267578125 
453
3 377.6717834472656 100.17292785644531 597.142333984375 389.06591796875 
3 88.18913269042969 175.38153076171875 346.00811767578125 465.9287109375 
454
3 371.73004150390625 99.16020202636719 582.3983154296875 383.62835693359375 
3 88.22911071777344 175.30250549316406 345.9642639160156 465.9403991699219 
455
3 363.7519836425781 99.38531494140625 563.6272583007812 380.466064453125 
3 88.23445129394531 175.16241455078125 345.74456787109375 466.0242614746094 
456
3 354.215576171875 99.00616455078125 548.2427978515625 380.14520263671875 
3 88.28860473632812 175.3206787109375 345.62994384765625 465.58154296875 
3 0.3998451232910156 861.234619140625 79.66805267333984 967.5269775390625 
457
3 335.8407287597656 96.72386169433594 541.174560546875 379.7745361328125 
3 88.38217163085938 175.50399780273438 345.4768371582031 465.352294921875 
458
3 335.219970703125 99.80513000488281 540.548095703125 383.4976806640625 
3 88.22372436523438 175.49261474609375 345.7090148925781 465.3583679199219 
459
3 330.30340576171875 101.82992553710938 540.1441650390625 387.531005859375 
3 88.27326965332031 175.35687255859375 345.9984130859375 464.83074951171875 
460
3 318.8013610839844 103.31678771972656 540.468994140625 393.3857116699219 
3 88.45849609375 175.90679931640625 346.300537109375 463.37860107421875 
461
3 311.21673583984375 106.0867919921875 540.425537109375 397.18707275390625 
3 88.67391967773438 175.30984497070312 346.0837097167969 464.15264892578125 
462
3 303.13916015625 110.48443603515625 539.431396484375 396.98553466796875 
3 88.62063598632812 174.42892456054688 345.74700927734375 464.6475830078125 
463
3 296.60443115234375 112.9185791015625 538.4550170898438 395.03314208984375 
3 88.98126220703125 174.0087127685547 345.96484375 464.1875 
464
3 285.53411865234375 117.00241088867188 536.7067260742188 395.90924072265625 
3 89.506591796875 173.92300415039062 346.3686828613281 464.4998779296875 
465
3 89.43325805664062 173.6309051513672 346.48431396484375 464.420166015625 
3 272.0516052246094 119.33430480957031 532.5594482421875 397.1617431640625 
466
3 265.88372802734375 121.9664306640625 523.6911010742188 396.6769714355469 
3 90.140380859375 173.51893615722656 346.0411376953125 464.873046875 
467
3 90.0145263671875 172.76722717285156 346.19891357421875 464.95025634765625 
3 255.19961547851562 125.30792236328125 510.53472900390625 396.7829284667969 
468
3 89.93740844726562 172.718017578125 346.2955017089844 464.8666076660156 
3 246.82040405273438 127.47883605957031 496.67950439453125 397.3369140625 
469
3 235.2704620361328 128.74411010742188 475.55413818359375 397.6304626464844 
3 87.88868713378906 172.29454040527344 346.314208984375 464.8992004394531 
470
3 229.02708435058594 128.68479919433594 452.03253173828125 398.51068115234375 
3 89.00184631347656 172.42466735839844 345.7144775390625 465.48822021484375 
471
3 95.41061401367188 172.36683654785156 344.1309509277344 465.3277587890625 
3 216.93663024902344 130.24813842773438 428.3356628417969 398.9959716796875 
472
3 96.338623046875 171.83364868164062 344.47698974609375 464.8643493652344 
3 207.87020874023438 132.59410095214844 410.44952392578125 397.4141845703125 
473
3 96.69160461425781 171.44473266601562 344.76043701171875 465.10296630859375 
3 203.0596923828125 135.110107421875 403.3624267578125 397.58319091796875 
474
3 97.05904388427734 171.14035034179688 344.707763671875 464.8769836425781 
3 223.0659942626953 158.47813415527344 402.8564758300781 398.4177551269531 
475
3 181.06103515625 139.24652099609375 401.13702392578125 398.3761901855469 
3 98.80342864990234 170.86434936523438 344.4759826660156 465.1557312011719 
3 181.05679321289062 138.18185424804688 402.6124267578125 397.6051025390625 
3 0.4047088623046875 860.8355712890625 79.90016174316406 967.6893310546875 
476
3 171.23489379882812 143.35385131835938 401.91082763671875 399.1238708496094 
3 101.466552734375 170.50311279296875 344.08074951171875 465.5481872558594 
3 0.39627742767333984 860.7578125 79.92228698730469 967.687255859375 
477
3 100.84902954101562 170.37503051757812 344.5274963378906 465.05963134765625 
3 163.2445831298828 146.96022033691406 401.82861328125 396.8851623535156 
3 0.39760398864746094 860.7720336914062 79.83352661132812 967.68408203125 
478
3 101.06277465820312 170.79739379882812 345.0569763183594 463.510498046875 
3 154.6236114501953 150.64903259277344 400.6618957519531 395.6003112792969 
479
3 101.40217590332031 171.51402282714844 344.97271728515625 463.4002685546875 
3 148.00790405273438 154.45187377929688 401.0936584472656 397.513671875 
3 0.4085245132446289 860.7139282226562 79.73150634765625 967.6401977539062 
480
3 102.36009216308594 170.93890380859375 344.70819091796875 463.2964172363281 
3 145.13241577148438 159.07894897460938 401.298583984375 399.10565185546875 
3 0.4059791564941406 860.6920166015625 79.76600646972656 967.6710205078125 
481
3 103.84069061279297 166.10101318359375 346.9677734375 461.86639404296875 
3 0.40572357177734375 860.9418334960938 79.86201477050781 967.6934204101562 
482
3 104.35385131835938 166.39215087890625 346.65521240234375 459.41632080078125 
3 0.41286754608154297 860.94287109375 79.84654235839844 967.6893310546875 
483
3 104.6246337890625 168.42001342773438 345.7912292480469 461.3240661621094 
3 0.4028053283691406 860.7371826171875 79.82470703125 967.6197509765625 
484
3 104.78546142578125 170.110595703125 347.0504150390625 458.6090087890625 
3 0.38771629333496094 860.7603759765625 79.78713989257812 967.6265258789062 
485
3 98.93275451660156 170.6692657470703 348.1798095703125 459.0531311035156 
3 0.39461708068847656 861.065185546875 79.74343872070312 967.6513671875 
486
3 91.37466430664062 170.9166717529297 345.1343688964844 459.2780456542969 
3 0.3914031982421875 861.0579223632812 79.73388671875 967.6219482421875 
487
3 83.18112182617188 170.42306518554688 345.809814453125 461.2029113769531 
3 0.399261474609375 860.9002685546875 79.69855499267578 967.607177734375 
488
3 75.71530151367188 169.82373046875 345.395751953125 460.4237060546875 
489
3 68.7020263671875 169.48951721191406 345.6281433105469 461.92413330078125 
3 0.3982086181640625 860.77685546875 79.9559097290039 967.6619873046875 
490
3 65.8155517578125 169.45620727539062 345.2550048828125 461.23883056640625 
3 0.40869903564453125 860.925537109375 80.02745819091797 967.8025512695312 
491
3 103.8171615600586 169.8317108154297 345.68585205078125 461.11907958984375 
3 0.4037036895751953 860.8894653320312 79.84263610839844 967.841552734375 
492
3 95.97845458984375 169.99142456054688 345.69110107421875 460.2724914550781 
3 0.40796756744384766 860.9049072265625 79.90194702148438 967.8594360351562 
493
3 91.6170654296875 170.46597290039062 345.61187744140625 460.265625 
3 0.4160003662109375 860.8098754882812 79.9245376586914 967.877197265625 
494
3 92.07508850097656 169.9258270263672 345.6443176269531 461.0901184082031 
3 28.516868591308594 186.9216766357422 198.2545928955078 425.8621826171875 
3 0.41708946228027344 860.4876708984375 79.62269592285156 967.8026123046875 
495
3 104.73403930664062 169.92245483398438 345.6646728515625 461.6408386230469 
3 21.402999877929688 191.21768188476562 199.16162109375 433.4198303222656 
3 0.40590381622314453 860.49072265625 79.7168960571289 967.740478515625 
3 23.426834106445312 191.52085876464844 187.46865844726562 425.2330017089844 
496
3 109.65284729003906 169.47171020507812 344.89154052734375 461.256591796875 
3 14.429153442382812 196.67901611328125 201.19046020507812 436.5371398925781 
497
3 109.1099853515625 169.19744873046875 344.90765380859375 461.6771240234375 
3 4.59130859375 199.65011596679688 201.36636352539062 437.1080627441406 
498
3 110.51776885986328 168.58755493164062 345.03948974609375 460.54254150390625 
3 0.7996826171875 204.13050842285156 199.66079711914062 433.51702880859375 
499
3 109.4283447265625 168.8341064453125 344.9567565917969 460.90093994140625 
3 45.68359375 241.19061279296875 211.73492431640625 437.4287109375 
500
3 110.39395141601562 168.6814727783203 345.0778503417969 460.8038635253906 
3 0.6974334716796875 214.10986328125 213.68252563476562 442.83624267578125 
501
3 110.29762268066406 168.71414184570312 344.8475341796875 461.6101989746094 
502
3 109.35810852050781 168.44699096679688 345.0230712890625 462.86907958984375 
3 0.11994171142578125 222.1026611328125 201.78399658203125 454.4508056640625 
503
3 110.34332275390625 168.15914916992188 344.9954833984375 462.8805236816406 
3 0.8120956420898438 229.66781616210938 184.74856567382812 441.4262390136719 
504
3 109.80963897705078 168.13223266601562 345.07061767578125 463.5213928222656 
3 0.2680931091308594 239.33697509765625 148.7703857421875 451.2592468261719 
505
3 109.88558959960938 168.46783447265625 344.7919921875 463.68377685546875 
3 0.6012725830078125 251.97982788085938 138.4707489013672 442.6265869140625 
506
3 109.73207092285156 168.2966766357422 344.843017578125 463.87322998046875 
3 0.2742462158203125 254.03118896484375 135.52154541015625 444.1441955566406 
3 0.11708831787109375 300.76806640625 31.22463607788086 455.5615234375 
507
3 109.5477066040039 167.83773803710938 344.97076416015625 463.7330322265625 
3 0.5407867431640625 258.3999938964844 128.87200927734375 454.9438171386719 
508
3 110.00123596191406 168.11956787109375 344.709228515625 463.2021789550781 
3 0.6480255126953125 262.5253601074219 127.86990356445312 450.5807189941406 
509
3 109.52224731445312 168.09634399414062 344.80889892578125 463.46551513671875 
3 0.0 265.1808776855469 126.36700439453125 451.9783020019531 
