0
1
2
3
4
5
6
7
8
9
10
11
12
13
14
15
3 296.6289978027344 87.13126373291016 409.9161682128906 179.42550659179688 
16
3 298.60595703125 84.76506042480469 416.8480224609375 179.00967407226562 
17
3 299.6927490234375 80.92487335205078 418.7725830078125 179.52259826660156 
18
3 301.59051513671875 85.13211059570312 415.4010314941406 179.79312133789062 
19
3 303.5682373046875 83.9201889038086 416.5391845703125 179.68685913085938 
20
3 304.78839111328125 82.83509826660156 417.3538818359375 180.66915893554688 
21
3 304.4483947753906 80.33330535888672 420.5224609375 180.06524658203125 
22
3 304.922119140625 81.05473327636719 422.5298156738281 179.635986328125 
23
3 305.2810363769531 81.01150512695312 424.35235595703125 180.1473388671875 
24
3 306.1665344238281 81.347900390625 432.7579345703125 181.67788696289062 
25
3 306.3701171875 81.0396957397461 431.509521484375 181.93280029296875 
26
3 307.1767883300781 80.40508270263672 432.3203125 183.08197021484375 
27
3 308.425537109375 81.03819274902344 437.9361572265625 182.35025024414062 
28
3 309.0707092285156 80.68653869628906 439.4216003417969 183.57833862304688 
29
3 309.65863037109375 81.11970520019531 440.720458984375 183.16229248046875 
30
3 311.4025573730469 79.96894836425781 437.67236328125 183.52938842773438 
31
3 311.1624755859375 77.79054260253906 439.37322998046875 183.62289428710938 
32
3 309.74188232421875 78.58314514160156 436.6453857421875 183.8061065673828 
33
3 311.40838623046875 74.13802337646484 436.6091003417969 183.97857666015625 
34
35
36
37
38
39
40
41
42
3 321.44805908203125 67.95680236816406 452.08551025390625 153.49412536621094 
43
3 322.4635009765625 72.2613525390625 455.82843017578125 155.01437377929688 
44
45
46
47
48
49
50
51
52
53
54
55
56
57
3 334.2669372558594 62.23329162597656 486.6581726074219 171.08544921875 
58
3 338.663330078125 64.10528564453125 488.29833984375 164.95391845703125 
59
60
61
3 341.7253112792969 62.79728698730469 493.2301940917969 162.65750122070312 
62
3 342.91680908203125 61.74491882324219 498.4107971191406 168.12875366210938 
63
3 344.674072265625 62.23253631591797 503.59649658203125 167.13116455078125 
64
3 346.6056823730469 61.56199645996094 507.60626220703125 178.7821502685547 
65
66
3 354.3974609375 56.37419128417969 514.7390747070312 161.10986328125 
67
3 353.8541259765625 56.162818908691406 516.7735595703125 184.40484619140625 
68
3 356.5384216308594 52.596961975097656 520.6663208007812 163.72500610351562 
69
3 359.97381591796875 55.17418670654297 523.669189453125 153.5267333984375 
70
3 360.6549987792969 53.99164581298828 531.7503051757812 178.03268432617188 
71
3 363.1000061035156 49.20741271972656 540.925048828125 176.9625244140625 
3 2235.47021484375 99.97996520996094 2256.13623046875 133.12644958496094 
72
3 366.92767333984375 47.362823486328125 543.5017700195312 172.80166625976562 
73
3 374.05364990234375 45.24090576171875 546.947998046875 157.4911346435547 
74
3 376.4267578125 46.27052307128906 552.7019653320312 149.98031616210938 
75
3 378.479248046875 46.40008544921875 554.9796142578125 150.70001220703125 
76
3 385.3998107910156 44.21345520019531 564.4974365234375 180.59190368652344 
77
3 384.7958984375 43.86711883544922 567.572509765625 177.09466552734375 
78
3 396.4483642578125 39.32392883300781 573.683349609375 159.67559814453125 
79
3 401.86798095703125 38.44801330566406 578.6760864257812 159.5308837890625 
80
3 406.4969482421875 37.147247314453125 579.2916870117188 150.49142456054688 
81
3 411.7137451171875 37.258827209472656 584.1527099609375 187.5552215576172 
82
3 417.41644287109375 38.33416748046875 592.0765991210938 147.2660369873047 
3 414.555419921875 38.38311004638672 593.7539672851562 189.67703247070312 
83
3 422.44866943359375 34.842376708984375 600.30224609375 151.75210571289062 
84
85
3 432.0021057128906 33.01350402832031 621.513427734375 183.5970916748047 
86
3 433.74530029296875 37.83796691894531 623.0443115234375 184.79067993164062 
87
3 436.41204833984375 35.81163024902344 628.426025390625 186.49798583984375 
88
3 439.15478515625 32.48350524902344 637.447998046875 188.86476135253906 
89
3 439.94927978515625 31.95196533203125 640.88818359375 190.2579803466797 
90
3 443.9073181152344 30.784271240234375 645.6004028320312 188.21768188476562 
91
3 450.0544738769531 31.818939208984375 646.8802490234375 189.23606872558594 
92
3 453.6072998046875 29.679931640625 652.92626953125 192.20870971679688 
93
3 457.3494567871094 28.21917724609375 663.0158081054688 186.44989013671875 
94
3 459.13641357421875 28.18017578125 667.352294921875 193.10227966308594 
95
3 465.1775207519531 33.09907531738281 673.8695678710938 193.21588134765625 
96
3 466.8996276855469 37.43977355957031 680.395751953125 195.26870727539062 
97
3 475.9130554199219 30.519577026367188 684.2079467773438 196.42068481445312 
98
3 481.53680419921875 32.642852783203125 693.2352905273438 198.6485595703125 
99
3 488.9296569824219 28.670372009277344 693.7091064453125 194.77920532226562 
100
3 491.174560546875 28.291061401367188 698.3403930664062 196.93824768066406 
101
3 496.01873779296875 26.846893310546875 704.8784790039062 200.14529418945312 
102
3 512.6619873046875 24.853179931640625 707.8386840820312 204.46304321289062 
103
3 519.7449340820312 25.41992950439453 712.766845703125 204.818359375 
104
3 520.1596069335938 27.38488006591797 739.7391967773438 201.25640869140625 
105
3 531.1239624023438 24.891372680664062 733.4330444335938 198.5326385498047 
106
3 534.7952880859375 32.50148010253906 740.5011596679688 204.05120849609375 
107
3 541.6412353515625 18.688140869140625 744.9423828125 204.2705535888672 
108
3 544.4671630859375 21.98863983154297 766.5572509765625 203.97000122070312 
109
3 545.01171875 20.31104278564453 767.4261474609375 203.40773010253906 
3 545.3449096679688 21.48430633544922 768.19921875 203.83282470703125 
110
3 546.3578491210938 21.793243408203125 786.8139038085938 206.591796875 
111
3 549.2085571289062 31.294647216796875 786.97509765625 206.04336547851562 
3 550.86474609375 30.2840576171875 782.4854736328125 204.78224182128906 
112
3 556.9957275390625 26.666107177734375 792.2227783203125 206.1156005859375 
113
3 569.2219848632812 16.98766326904297 823.8125 210.88531494140625 
114
3 578.1170654296875 17.130706787109375 829.6585083007812 209.84588623046875 
115
3 585.0975341796875 13.696243286132812 843.4093627929688 212.18142700195312 
116
3 593.9310302734375 13.171592712402344 856.3158569335938 219.34217834472656 
117
3 606.4844970703125 17.431243896484375 864.8634033203125 212.71942138671875 
118
3 616.7637329101562 13.891799926757812 873.6273193359375 213.74659729003906 
119
3 630.822509765625 12.583076477050781 884.0054931640625 215.45823669433594 
120
121
3 658.22314453125 13.578956604003906 903.198974609375 225.06707763671875 
122
3 672.1473388671875 22.291954040527344 910.6465454101562 220.921630859375 
123
124
125
126
127
128
3 720.0514526367188 20.937591552734375 973.5562133789062 230.98709106445312 
129
130
131
132
133
134
135
136
137
138
139
3 930.5181274414062 35.46495056152344 1035.1004638671875 223.4649658203125 
140
141
142
3 978.3225708007812 37.47557830810547 1117.5028076171875 225.61672973632812 
143
144
145
146
147
148
149
150
2 906.17919921875 103.14080810546875 1121.8486328125 402.6426086425781 
151
2 938.4807739257812 69.26071166992188 1267.387451171875 399.57391357421875 
152
2 945.5377197265625 36.88240051269531 1178.736572265625 407.6522216796875 
2 945.5220947265625 28.00177001953125 1299.723388671875 408.4626770019531 
153
2 972.9480590820312 28.32275390625 1321.348876953125 403.92218017578125 
154
2 983.834228515625 31.650390625 1234.53857421875 409.2872009277344 
155
2 1007.583740234375 30.355621337890625 1262.7979736328125 409.0006408691406 
156
2 1026.6595458984375 22.174072265625 1292.2579345703125 411.4681396484375 
157
2 1046.5782470703125 28.057220458984375 1319.236083984375 411.0919189453125 
158
2 1066.812255859375 30.433914184570312 1348.4168701171875 412.0771179199219 
159
2 1087.9586181640625 22.671051025390625 1378.1558837890625 410.8994445800781 
160
2 1108.8260498046875 30.931365966796875 1403.9910888671875 420.23291015625 
161
2 1132.721923828125 24.220840454101562 1432.135986328125 416.9492492675781 
162
2 1145.5252685546875 26.261703491210938 1458.13916015625 415.16607666015625 
163
2 1176.12841796875 27.019912719726562 1483.662841796875 423.6947937011719 
164
2 1201.4716796875 25.889144897460938 1509.172119140625 416.0330505371094 
165
2 1172.1824951171875 24.76202392578125 1531.953857421875 423.17828369140625 
166
2 1212.2176513671875 27.2518310546875 1552.817138671875 426.4964904785156 
167
2 1220.6282958984375 31.0504150390625 1572.292236328125 422.4000549316406 
168
2 1244.1337890625 31.339385986328125 1592.1429443359375 424.41864013671875 
169
2 1315.2913818359375 34.4327392578125 1609.458740234375 432.6522521972656 
170
2 1338.0838623046875 35.543914794921875 1630.7423095703125 427.1396484375 
171
2 1366.995849609375 35.28973388671875 1647.98095703125 411.932861328125 
172
2 1389.8819580078125 37.85304260253906 1664.7337646484375 403.3509216308594 
173
2 1418.85791015625 38.041778564453125 1682.1300048828125 384.9674072265625 
174
2 1378.7008056640625 41.62071228027344 1699.6856689453125 390.128173828125 
175
2 1398.484619140625 54.865386962890625 1714.366455078125 382.4084777832031 
2 1482.88427734375 54.87359619140625 1715.28662109375 336.5588073730469 
176
2 1420.688232421875 52.890625 1732.6048583984375 393.4580383300781 
2 1507.39697265625 55.392669677734375 1732.69580078125 342.76177978515625 
177
2 1536.5328369140625 58.467041015625 1748.069580078125 335.7071838378906 
178
2 1460.174072265625 55.65362548828125 1764.072509765625 368.66925048828125 
2 1564.2730712890625 58.31243896484375 1764.5113525390625 338.53631591796875 
179
2 1496.070068359375 99.15716552734375 1780.08154296875 364.42333984375 
180
2 1488.085693359375 49.245269775390625 1796.25341796875 355.4593811035156 
181
2 1506.1226806640625 55.16227722167969 1815.166015625 352.7157897949219 
182
2 1528.173583984375 51.422515869140625 1829.779296875 353.8426513671875 
3 1400.22021484375 0.6243705749511719 1434.891357421875 52.00861358642578 
183
184
2 1624.2457275390625 80.88835144042969 1859.5107421875 358.56585693359375 
185
186
2 1657.2489013671875 85.991943359375 1888.6185302734375 367.28436279296875 
187
188
3 1478.993408203125 0.292938232421875 1511.3702392578125 60.04576110839844 
2 1620.6009521484375 97.69187927246094 1918.659912109375 380.91558837890625 
189
2 1637.6038818359375 59.30924987792969 1935.77197265625 380.8719787597656 
190
2 1662.3663330078125 60.49151611328125 1950.9796142578125 373.7605895996094 
191
2 1714.457763671875 132.74169921875 1962.9754638671875 369.9518127441406 
192
193
194
195
196
2 1817.4854736328125 69.75552368164062 2047.205322265625 362.8387145996094 
197
2 1819.81494140625 67.17668151855469 2061.917236328125 363.8242492675781 
198
2 1820.2894287109375 71.15866088867188 2070.2548828125 370.91070556640625 
199
2 1847.33447265625 68.1900634765625 2104.66748046875 369.2138977050781 
200
2 1860.8668212890625 70.61566162109375 2051.959228515625 371.0548095703125 
201
2 1868.8563232421875 70.40858459472656 2065.207763671875 380.773193359375 
202
2 1875.176513671875 72.26748657226562 2079.3486328125 390.30908203125 
203
2 1882.80712890625 73.20915222167969 2088.489501953125 388.2157897949219 
204
2 1893.0972900390625 73.82107543945312 2096.63623046875 389.424560546875 
205
2 1894.947265625 74.21392822265625 2105.8994140625 364.6427917480469 
206
2 1908.9803466796875 73.0267333984375 2113.4833984375 370.69085693359375 
207
2 1870.5263671875 77.6732177734375 2122.201171875 387.0138244628906 
208
2 1920.205322265625 88.86958312988281 2127.372314453125 384.86614990234375 
209
2 1917.890625 89.37307739257812 2136.27880859375 385.01800537109375 
210
2 1919.025390625 90.2186279296875 2140.720947265625 383.9473876953125 
211
3 1935.990478515625 83.30178833007812 2146.775390625 381.9918212890625 
212
3 1941.578369140625 92.0899658203125 2149.38232421875 380.62896728515625 
213
3 1939.0308837890625 84.06172180175781 2154.3779296875 377.0884704589844 
214
3 1944.8944091796875 82.49018859863281 2159.965576171875 375.2188720703125 
215
3 1951.6162109375 82.3046875 2164.05419921875 373.0438232421875 
216
3 1959.9095458984375 80.68060302734375 2171.830078125 370.7579345703125 
217
3 1961.2637939453125 78.63247680664062 2176.264404296875 361.57720947265625 
218
3 1959.3114013671875 80.67593383789062 2180.228759765625 360.3120422363281 
219
3 1970.1898193359375 86.57965087890625 2183.566162109375 358.86566162109375 
220
3 1978.183349609375 88.80390930175781 2184.575927734375 354.0308837890625 
221
3 1995.567626953125 80.9149169921875 2186.041015625 353.5103759765625 
222
3 1990.167724609375 80.50514221191406 2187.9462890625 351.0925598144531 
3 2008.9189453125 80.52783203125 2187.254638671875 306.99249267578125 
223
3 2008.0048828125 81.3589859008789 2189.733642578125 344.00177001953125 
224
3 2012.8389892578125 97.87620544433594 2192.44677734375 341.5670166015625 
225
3 2009.390380859375 95.65896606445312 2194.608642578125 343.809814453125 
226
3 2011.0919189453125 89.60009765625 2197.011962890625 338.36480712890625 
227
3 1989.6798095703125 92.70780944824219 2198.868896484375 334.73004150390625 
228
3 2022.9244384765625 96.74577331542969 2201.20947265625 333.8019104003906 
229
3 2016.5552978515625 94.3363037109375 2202.581787109375 335.0388488769531 
230
3 2029.694091796875 93.04574584960938 2204.212890625 331.7308044433594 
231
3 2034.010009765625 87.42374420166016 2205.837646484375 330.600341796875 
3 1857.6326904296875 18.04058074951172 1913.0518798828125 135.00782775878906 
232
3 2038.3590087890625 88.06388854980469 2206.80908203125 332.2960510253906 
233
3 2038.81884765625 87.03657531738281 2207.690673828125 327.5467529296875 
234
3 2043.9346923828125 85.11127471923828 2208.639892578125 324.673583984375 
235
3 2053.91357421875 82.0312728881836 2209.9951171875 324.2545166015625 
236
3 2049.419921875 81.8340835571289 2211.703369140625 321.2494201660156 
237
3 2051.378173828125 78.42472076416016 2213.435546875 320.45611572265625 
238
3 2054.474853515625 79.74725341796875 2214.067626953125 317.6965637207031 
239
3 2053.674072265625 82.52262115478516 2215.57666015625 314.25347900390625 
240
3 2056.450927734375 79.78086853027344 2215.275146484375 311.061767578125 
241
3 2057.02392578125 76.60456848144531 2216.767578125 303.78961181640625 
3 2056.760498046875 76.9306640625 2216.3046875 303.3771667480469 
242
3 2056.284912109375 77.9158706665039 2215.152587890625 304.8863830566406 
243
3 2057.899169921875 78.17352294921875 2217.233642578125 298.7137756347656 
244
3 2060.764892578125 77.2621841430664 2214.942626953125 296.4884033203125 
3 2063.291259765625 76.632080078125 2210.47216796875 212.61398315429688 
245
3 2064.544921875 74.36642456054688 2215.162109375 291.86907958984375 
3 2064.140869140625 74.00689697265625 2214.828125 293.8558044433594 
246
3 2054.663330078125 74.83419036865234 2211.9013671875 288.9171142578125 
247
3 2061.363525390625 72.10836029052734 2211.083984375 281.078125 
248
3 2065.6962890625 72.23454284667969 2209.935791015625 273.0909118652344 
249
3 2062.697265625 73.20458984375 2207.1787109375 272.6302795410156 
250
3 2048.04052734375 71.21958923339844 2208.998291015625 271.3599853515625 
251
3 2043.2762451171875 70.3746109008789 2210.078369140625 271.8879699707031 
252
3 2037.3431396484375 69.90029907226562 2207.010009765625 276.189208984375 
253
3 2038.314208984375 69.26903533935547 2211.25244140625 275.45416259765625 
254
3 2041.4454345703125 69.26997375488281 2210.56396484375 272.0298767089844 
255
3 2040.48779296875 71.18985748291016 2208.94775390625 273.36865234375 
256
3 2045.2822265625 73.00834655761719 2210.073486328125 267.83892822265625 
257
3 2041.0054931640625 69.7563247680664 2209.447021484375 266.6723327636719 
258
3 2033.9903564453125 68.72328186035156 2209.0068359375 262.2774658203125 
259
3 2031.8529052734375 70.24153137207031 2207.071044921875 261.07855224609375 
260
3 2039.7459716796875 64.94986724853516 2207.753173828125 253.26861572265625 
261
3 2034.3397216796875 64.80097961425781 2207.337646484375 254.48388671875 
262
3 2034.77587890625 65.55015563964844 2206.822509765625 250.7611083984375 
263
3 2035.929443359375 63.36151885986328 2204.4443359375 250.655517578125 
264
3 2040.97021484375 63.351043701171875 2197.941650390625 245.87322998046875 
265
266
3 2054.773193359375 64.06761169433594 2185.981201171875 242.28936767578125 
267
268
269
270
271
272
273
274
275
276
277
3 2305.411376953125 98.76968383789062 2330.464599609375 143.952880859375 
278
279
3 2292.93505859375 92.81150817871094 2320.02978515625 145.34634399414062 
280
3 2287.074462890625 89.4752197265625 2312.66943359375 141.73275756835938 
281
3 2281.73486328125 89.4480972290039 2307.185302734375 143.7601776123047 
3 2244.283203125 92.19537353515625 2264.607666015625 134.84434509277344 
282
3 2276.18603515625 88.51792907714844 2305.361083984375 144.74441528320312 
283
3 2271.205078125 85.29202270507812 2296.543212890625 141.15213012695312 
284
3 2269.568603515625 86.54298400878906 2291.61962890625 130.7845916748047 
285
286
3 2260.353515625 82.57372283935547 2282.840576171875 128.800537109375 
287
288
289
290
291
292
293
294
295
296
297
298
299
300
301
302
303
304
305
306
307
308
309
310
311
312
313
3 2157.112060546875 56.153106689453125 2176.017578125 97.76664733886719 
314
3 2151.597900390625 54.45582580566406 2172.261474609375 96.934814453125 
315
3 2148.355224609375 53.47319793701172 2167.015625 94.82073974609375 
316
3 2144.029541015625 51.56465148925781 2162.392578125 92.26155090332031 
317
3 2140.59619140625 52.170684814453125 2158.977783203125 88.12727355957031 
318
3 2137.9306640625 50.20475769042969 2156.568115234375 88.15258026123047 
319
3 1900.1209716796875 25.368572235107422 2013.355712890625 150.89942932128906 
3 2134.51611328125 53.51795959472656 2153.17431640625 88.38004302978516 
320
3 2130.517333984375 53.19549560546875 2150.90087890625 87.45864868164062 
321
3 1892.7646484375 25.078857421875 2010.0870361328125 157.37582397460938 
322
323
3 2118.4169921875 46.65138244628906 2141.529296875 101.33187866210938 
3 1887.2845458984375 25.227798461914062 1994.5487060546875 148.17184448242188 
324
3 2116.8232421875 46.13325500488281 2138.706787109375 102.23477172851562 
3 1886.8350830078125 27.270397186279297 1992.1453857421875 147.07940673828125 
325
3 2113.6455078125 46.4779052734375 2135.173583984375 103.66282653808594 
326
3 1887.013916015625 28.443862915039062 1996.6826171875 146.30804443359375 
3 2111.29296875 47.14540100097656 2132.47265625 101.56747436523438 
327
328
329
330
331
332
333
334
335
336
337
338
339
3 1877.9072265625 26.625564575195312 1974.670654296875 133.5662078857422 
340
341
3 1876.461669921875 28.129898071289062 1968.2994384765625 133.10736083984375 
342
343
344
345
3 1873.2396240234375 24.5743408203125 1961.437744140625 129.1633758544922 
346
3 1873.6361083984375 24.621593475341797 1959.64111328125 129.24227905273438 
347
348
3 1867.4930419921875 25.533889770507812 1955.5059814453125 125.30908203125 
349
3 1873.770263671875 25.357398986816406 1955.667236328125 125.48750305175781 
350
3 1873.5174560546875 27.54151153564453 1954.5670166015625 127.64105224609375 
351
3 1872.9749755859375 31.20428466796875 1953.5872802734375 126.52813720703125 
352
3 1871.1363525390625 26.74215316772461 1952.6610107421875 124.78555297851562 
353
3 1856.416748046875 30.91431427001953 1950.2957763671875 125.41607666015625 
3 1843.81591796875 28.915740966796875 1950.42724609375 125.85299682617188 
354
3 1844.5421142578125 23.8084716796875 1949.3653564453125 125.0548095703125 
355
3 1847.10009765625 23.947227478027344 1948.609375 123.89630126953125 
356
3 1857.002685546875 23.764389038085938 1949.15234375 124.3760986328125 
357
3 1849.217529296875 23.455032348632812 1947.49755859375 124.72036743164062 
358
3 1859.5882568359375 22.40258026123047 1949.042724609375 125.2235107421875 
359
3 1861.49658203125 22.074134826660156 1950.683837890625 124.41183471679688 
360
3 1860.4287109375 21.830810546875 1951.157958984375 122.62823486328125 
361
3 1861.9166259765625 21.203231811523438 1950.6861572265625 120.80245971679688 
362
3 1862.6402587890625 21.83849334716797 1951.2713623046875 121.43997192382812 
363
3 1863.0413818359375 22.478805541992188 1951.44091796875 122.72142028808594 
364
365
366
367
368
369
370
3 1861.44580078125 20.439483642578125 1945.7060546875 120.59361267089844 
371
372
373
374
375
376
377
378
379
380
381
382
383
384
385
386
387
388
389
