0
1
2
3
4
5
6
7
8
9
10
11
12
13
14
15
16
17
18
19
20
21
3 1599.023193359375 40.259185791015625 1640.4490966796875 146.10513305664062 
22
23
3 1554.4073486328125 38.37171936035156 1595.6644287109375 141.5328369140625 
24
25
3 2519.20263671875 129.450439453125 2559.043701171875 235.8934326171875 
26
3 1486.298828125 34.05638122558594 1528.7130126953125 134.13743591308594 
27
28
29
30
31
32
33
34
35
36
37
38
39
40
41
42
3 2053.47119140625 0.0 2071.5380859375 30.621627807617188 
43
44
45
46
47
48
3 1002.3543090820312 32.630958557128906 1046.9993896484375 135.41632080078125 
3 2057.40869140625 44.53337860107422 2090.646240234375 100.17959594726562 
49
50
51
52
53
54
55
56
57
58
59
60
61
62
63
64
65
3 2493.2236328125 302.5227355957031 2559.054443359375 440.92095947265625 
66
3 2479.707763671875 254.2041015625 2559.19873046875 429.7215576171875 
67
3 2465.044189453125 227.32720947265625 2559.22314453125 427.8829345703125 
68
3 2449.615478515625 229.40219116210938 2559.029541015625 419.8687438964844 
69
3 2436.93505859375 198.57521057128906 2559.209716796875 413.818359375 
70
3 2423.81787109375 189.19122314453125 2559.3955078125 409.19232177734375 
71
3 2408.81982421875 185.27923583984375 2559.384765625 403.7457275390625 
72
3 2396.2109375 177.63156127929688 2558.899658203125 396.55352783203125 
73
3 2383.4052734375 173.83396911621094 2558.802001953125 394.41387939453125 
74
3 2371.23291015625 169.21914672851562 2555.5322265625 390.072509765625 
75
3 2359.58349609375 165.50213623046875 2541.77880859375 382.507080078125 
76
3 2346.31103515625 160.84481811523438 2526.94921875 379.825927734375 
77
3 2333.439697265625 156.63467407226562 2513.880859375 376.76849365234375 
78
3 2321.35205078125 152.178466796875 2501.2880859375 370.3296203613281 
79
3 2309.132568359375 148.50320434570312 2488.11083984375 368.40673828125 
80
3 2298.241943359375 144.0833282470703 2475.781494140625 363.9734191894531 
81
3 2285.67529296875 140.45346069335938 2462.974853515625 360.78387451171875 
82
3 2275.531494140625 136.55909729003906 2451.57421875 355.97857666015625 
83
3 2263.593017578125 134.60775756835938 2437.7421875 351.716064453125 
84
3 2252.633056640625 129.74441528320312 2423.957763671875 348.7525329589844 
85
3 2243.22802734375 126.77362060546875 2409.43212890625 348.22698974609375 
3 419.952392578125 95.73347473144531 477.555908203125 212.7869110107422 
86
3 2234.243896484375 122.19940185546875 2397.43359375 341.00433349609375 
87
3 2224.041015625 120.08717346191406 2384.3173828125 339.02734375 
88
3 2213.46044921875 117.50016784667969 2373.0224609375 335.7284240722656 
89
3 2205.726806640625 113.91813659667969 2362.96875 332.1900634765625 
3 2205.34619140625 114.22467041015625 2362.019775390625 332.78955078125 
90
3 2195.471923828125 110.5791015625 2351.1787109375 332.4349670410156 
91
3 2186.284912109375 107.7830810546875 2341.3544921875 328.2735290527344 
92
3 2177.586181640625 105.5418701171875 2330.20947265625 326.1349792480469 
93
3 2168.626953125 104.50843811035156 2317.733642578125 322.3838806152344 
94
3 2160.717529296875 101.82534790039062 2309.18017578125 318.62847900390625 
3 2160.45458984375 103.1612548828125 2310.040771484375 317.41845703125 
95
3 2151.052734375 100.39593505859375 2299.2236328125 316.3837890625 
96
3 2144.66943359375 97.36868286132812 2287.798583984375 315.4725341796875 
3 2144.24267578125 97.59437561035156 2287.632080078125 315.43609619140625 
97
3 2135.556640625 95.22396850585938 2279.973388671875 312.61279296875 
98
3 2125.977783203125 93.9556884765625 2267.139892578125 311.92352294921875 
99
3 2119.271240234375 90.7414779663086 2255.2353515625 309.1824951171875 
100
3 2110.5625 89.86367797851562 2245.8125 305.5673828125 
101
3 2102.587158203125 87.27021026611328 2236.052978515625 303.83038330078125 
102
3 2091.239990234375 85.3931884765625 2227.0009765625 301.2330627441406 
103
3 2087.44482421875 81.71988677978516 2217.782470703125 297.2565612792969 
104
3 2078.65185546875 81.00763702392578 2209.3623046875 298.2242736816406 
105
3 2072.04736328125 80.57467651367188 2201.952880859375 292.680419921875 
106
3 2062.35400390625 78.0970458984375 2191.5205078125 291.48602294921875 
107
3 2055.378662109375 75.15979766845703 2182.14599609375 286.604248046875 
3 303.0137939453125 73.87852478027344 341.0669860839844 166.2162628173828 
108
3 2048.011474609375 72.47030639648438 2176.36962890625 283.29608154296875 
109
3 2039.1524658203125 72.68939208984375 2165.435546875 283.6917724609375 
110
3 2030.54833984375 70.42891693115234 2158.52197265625 279.5368957519531 
111
3 2023.199462890625 69.73336791992188 2148.724365234375 280.9424133300781 
3 301.03985595703125 47.72212219238281 391.42767333984375 200.8950958251953 
112
3 2015.318359375 68.6378173828125 2141.63818359375 277.3363952636719 
113
3 2007.8870849609375 68.481201171875 2132.513916015625 276.50531005859375 
3 1654.8177490234375 0.0 1692.4500732421875 81.315673828125 
114
3 1999.33642578125 65.73273468017578 2125.21240234375 269.7143859863281 
115
3 1992.9261474609375 64.67822265625 2116.171142578125 269.578857421875 
116
3 1984.404296875 61.10935974121094 2109.056640625 269.41192626953125 
117
3 1976.2987060546875 63.26542663574219 2098.7158203125 263.7937316894531 
118
3 1969.1922607421875 60.29255676269531 2088.04443359375 261.0555419921875 
119
3 1961.1282958984375 58.04083251953125 2080.023193359375 257.97076416015625 
120
3 1951.3919677734375 58.076751708984375 2073.90869140625 255.6021728515625 
121
3 1944.6817626953125 57.62129211425781 2063.61572265625 255.97232055664062 
122
3 1936.517333984375 54.56675720214844 2056.28173828125 250.11697387695312 
123
3 1929.6427001953125 53.0130615234375 2047.7257080078125 249.2857666015625 
124
3 1922.9771728515625 51.15470886230469 2041.1790771484375 249.22589111328125 
125
3 1914.9404296875 51.843902587890625 2032.69580078125 247.47918701171875 
126
3 1908.54443359375 50.39838409423828 2025.325927734375 245.44091796875 
127
3 1899.3480224609375 50.585548400878906 2016.4736328125 244.49365234375 
128
3 1893.1239013671875 46.4268798828125 2008.2686767578125 240.46002197265625 
129
3 1885.102294921875 45.0220947265625 1999.18505859375 238.71047973632812 
130
3 1879.574462890625 41.98175811767578 1991.3568115234375 236.25485229492188 
131
3 1871.0335693359375 40.298065185546875 1983.1568603515625 234.14315795898438 
132
3 1865.2841796875 38.213470458984375 1975.7120361328125 232.82437133789062 
133
3 1858.3118896484375 38.92218780517578 1967.3369140625 232.60125732421875 
134
3 1851.7464599609375 35.04102325439453 1961.388916015625 228.74212646484375 
135
3 1845.1776123046875 31.757781982421875 1950.277587890625 227.7135009765625 
136
3 1838.3486328125 29.237083435058594 1944.821044921875 221.87017822265625 
3 1515.356201171875 0.0 1543.8443603515625 61.935791015625 
137
3 1833.844970703125 30.45440673828125 1935.6002197265625 223.96823120117188 
138
3 1827.5496826171875 26.858917236328125 1928.0125732421875 218.60855102539062 
139
3 1821.514892578125 24.640213012695312 1920.9063720703125 219.00148010253906 
140
3 1815.7615966796875 23.39922332763672 1913.9281005859375 218.8696746826172 
141
3 1805.86572265625 22.331283569335938 1908.526611328125 216.6164093017578 
142
3 1802.79248046875 19.1851806640625 1903.0682373046875 216.72640991210938 
143
3 1797.6595458984375 19.225479125976562 1897.9044189453125 213.57977294921875 
144
3 1791.03173828125 19.35418701171875 1894.1942138671875 211.36721801757812 
145
3 1785.82763671875 18.018112182617188 1890.3475341796875 212.7681884765625 
146
3 1781.059326171875 17.24957275390625 1885.6397705078125 210.42514038085938 
3 0.06263542175292969 135.94253540039062 39.484535217285156 233.00640869140625 
147
3 1772.354248046875 15.344108581542969 1880.8096923828125 208.3869171142578 
148
3 1768.469482421875 13.477134704589844 1876.41259765625 207.1292724609375 
149
3 1761.8370361328125 11.872177124023438 1871.2113037109375 205.06527709960938 
150
3 1755.8836669921875 11.558792114257812 1866.9869384765625 204.23814392089844 
151
3 1752.0491943359375 11.519668579101562 1863.654052734375 202.6341552734375 
152
3 1745.372314453125 10.976203918457031 1859.8388671875 201.2164764404297 
153
3 1739.6923828125 9.611709594726562 1853.5869140625 200.34698486328125 
154
3 1734.151123046875 9.168502807617188 1849.863525390625 198.25502014160156 
155
3 1727.7501220703125 7.303802490234375 1842.958740234375 197.04367065429688 
156
3 1722.074462890625 6.0216522216796875 1838.053466796875 195.95004272460938 
157
3 1716.4024658203125 6.212944030761719 1831.627197265625 193.39491271972656 
158
3 1710.5657958984375 1.4733657836914062 1825.6788330078125 191.70086669921875 
159
3 1704.9730224609375 1.71490478515625 1819.9326171875 192.258056640625 
160
3 1698.2152099609375 1.5460586547851562 1813.7554931640625 189.0076904296875 
161
3 1693.049072265625 0.0 1807.062744140625 187.4019775390625 
162
3 1687.1524658203125 0.0 1800.6319580078125 186.0304718017578 
163
3 1680.695556640625 0.0 1794.902587890625 185.1119842529297 
164
3 1673.8533935546875 0.7131500244140625 1789.1580810546875 184.26168823242188 
165
3 1667.8702392578125 0.0 1780.48583984375 184.5289306640625 
166
3 1660.502685546875 0.0 1772.4014892578125 181.67349243164062 
167
3 1652.8226318359375 0.0 1766.15234375 180.17730712890625 
168
3 1645.22998046875 0.0 1759.0322265625 178.52401733398438 
169
3 1638.8232421875 0.0 1751.671875 177.89569091796875 
170
3 1631.7601318359375 0.0 1742.94091796875 177.65518188476562 
171
3 1624.009521484375 0.0 1737.3253173828125 176.60125732421875 
172
3 1615.336181640625 0.0 1727.46337890625 173.63995361328125 
173
3 1609.1962890625 0.28569793701171875 1721.08447265625 171.36221313476562 
174
3 1599.4178466796875 0.0 1712.1341552734375 171.74945068359375 
175
3 1592.172607421875 0.0 1704.9288330078125 169.41036987304688 
176
3 1583.9971923828125 0.0 1696.75390625 168.68569946289062 
177
3 1575.6094970703125 0.0 1688.8165283203125 166.8853302001953 
178
3 1565.6385498046875 0.0 1679.1231689453125 166.47523498535156 
179
3 1561.3114013671875 0.0 1671.872802734375 165.41497802734375 
180
3 1551.0323486328125 0.0 1663.179443359375 163.24417114257812 
181
3 1542.8994140625 0.0 1654.9329833984375 162.13031005859375 
182
3 1534.556884765625 0.0 1646.967529296875 160.72979736328125 
183
3 1528.1851806640625 0.0 1638.59619140625 159.9585723876953 
184
3 1518.5125732421875 0.0 1630.9671630859375 159.8538360595703 
185
3 1510.24462890625 0.0 1621.0716552734375 159.15185546875 
186
3 1501.2501220703125 0.0 1613.0296630859375 157.14962768554688 
187
3 1491.98486328125 0.0 1604.4012451171875 157.01229858398438 
188
3 1485.025146484375 0.0 1595.763671875 154.906494140625 
189
3 1474.4989013671875 0.0 1586.9912109375 154.31137084960938 
190
3 1468.1942138671875 0.0 1579.2012939453125 152.564208984375 
191
3 1460.8704833984375 0.0 1570.384521484375 152.24752807617188 
192
3 1451.771240234375 0.0 1561.96826171875 152.11688232421875 
193
3 1442.8472900390625 0.0 1552.0804443359375 151.05853271484375 
194
3 1435.7823486328125 0.0 1544.6102294921875 149.743408203125 
195
3 1426.4407958984375 0.3205413818359375 1536.875732421875 150.37062072753906 
196
3 1420.3206787109375 0.0 1529.0361328125 149.2811737060547 
197
3 1411.2559814453125 0.2088165283203125 1519.877685546875 149.2489776611328 
198
3 1404.8773193359375 0.0 1511.700927734375 148.71458435058594 
199
3 1394.656005859375 0.0 1502.2564697265625 146.60379028320312 
200
3 1387.116455078125 0.0 1493.7164306640625 145.61328125 
201
3 1377.996337890625 0.0 1485.877685546875 145.9378204345703 
202
3 1372.44775390625 0.0 1478.06787109375 145.27444458007812 
203
3 1361.095458984375 0.0 1471.45751953125 145.49935913085938 
204
3 1353.92578125 0.01717376708984375 1463.7840576171875 145.70172119140625 
205
3 1346.9107666015625 0.0 1456.4134521484375 145.0415802001953 
206
3 1341.06005859375 0.0 1448.7041015625 143.65969848632812 
207
3 1334.0830078125 0.0 1439.84521484375 141.44808959960938 
208
3 1323.717529296875 0.0 1432.2159423828125 141.32679748535156 
209
3 1315.535888671875 0.0 1424.504638671875 141.1635284423828 
210
3 1309.7862548828125 0.0 1416.333984375 140.074951171875 
211
3 1299.816650390625 0.0 1407.0228271484375 139.97537231445312 
212
3 1290.9871826171875 0.0 1399.4215087890625 138.75616455078125 
213
3 1284.667724609375 0.0 1392.181884765625 138.29421997070312 
214
3 1272.7034912109375 0.0 1385.3521728515625 137.2731170654297 
215
3 1274.1064453125 0.0 1377.201416015625 137.2305450439453 
216
3 1249.2470703125 0.0 1371.02001953125 137.24169921875 
217
3 1258.0582275390625 0.0 1364.3118896484375 137.9271697998047 
218
3 1239.539794921875 0.0 1357.145751953125 135.30441284179688 
219
3 1232.538330078125 0.0 1348.8834228515625 133.6129150390625 
220
3 1224.296875 0.0 1340.7152099609375 133.5889129638672 
221
3 1219.761962890625 0.0 1334.3123779296875 134.27671813964844 
222
3 1221.6038818359375 0.0 1326.9559326171875 134.267578125 
223
3 1206.337646484375 0.0 1319.24169921875 134.17422485351562 
224
3 1198.1650390625 0.0 1311.0296630859375 132.58444213867188 
225
3 1192.637451171875 0.0 1304.62109375 132.5014190673828 
226
3 1188.207763671875 0.0 1297.507568359375 131.0028076171875 
227
3 1181.1278076171875 0.0 1291.4736328125 130.11856079101562 
228
3 1175.1490478515625 0.0 1285.1092529296875 129.33822631835938 
229
3 1170.86572265625 0.0 1276.9783935546875 129.30722045898438 
230
3 1172.4708251953125 0.0 1269.653564453125 130.3685302734375 
231
3 1166.31689453125 0.0 1262.359130859375 128.9791259765625 
232
3 1159.4598388671875 0.0 1253.73388671875 129.48599243164062 
233
3 1159.947509765625 0.0 1244.5108642578125 125.56723022460938 
234
3 1135.59033203125 0.0 1238.6865234375 126.63453674316406 
235
3 1130.4395751953125 0.0 1230.778564453125 126.094970703125 
236
3 1141.739990234375 0.0 1224.0377197265625 124.656005859375 
237
238
239
3 1117.6431884765625 0.0 1200.5406494140625 125.70481872558594 
240
3 1099.5469970703125 0.0 1194.7073974609375 123.62887573242188 
241
3 1108.7034912109375 0.09825897216796875 1186.9161376953125 123.47531127929688 
242
3 1087.267333984375 0.0 1179.5760498046875 124.87600708007812 
243
3 1092.5220947265625 0.0 1171.2138671875 124.45742797851562 
244
3 1084.5042724609375 0.0 1163.275390625 124.28355407714844 
245
3 1072.7314453125 0.0 1155.771484375 123.81521606445312 
246
3 1062.9593505859375 0.0 1148.1766357421875 123.78175354003906 
247
3 1053.947265625 0.0 1141.558349609375 122.1778564453125 
248
3 1054.4232177734375 0.2524261474609375 1133.6751708984375 122.22119140625 
249
3 1046.9971923828125 0.0 1127.5970458984375 122.545166015625 
250
3 1036.6143798828125 0.0 1118.0189208984375 122.87294006347656 
251
3 1026.035400390625 0.0 1110.5394287109375 123.3720703125 
252
3 1020.942626953125 0.0 1101.005859375 123.04359436035156 
253
3 1014.8593139648438 0.0 1094.012451171875 121.00881958007812 
254
3 1007.8084106445312 0.0 1087.943359375 121.58006286621094 
255
3 1001.10693359375 0.0 1080.240966796875 122.455810546875 
256
3 994.1329956054688 0.0 1071.59619140625 123.22830200195312 
257
258
3 979.0800170898438 0.0757293701171875 1055.9415283203125 122.40347290039062 
259
260
3 965.1109619140625 0.22735595703125 1042.68798828125 122.25552368164062 
261
3 959.91650390625 0.0 1035.5330810546875 122.20278930664062 
262
263
3 945.4999389648438 0.0 1021.214111328125 123.27091979980469 
264
3 939.0603637695312 0.0 1014.2850952148438 123.93064880371094 
265
3 931.5765991210938 0.0 1006.0865478515625 123.79518127441406 
266
3 925.9820556640625 0.0 1000.333251953125 123.79949951171875 
267
3 919.5684814453125 0.0 995.3046875 122.91087341308594 
268
3 914.4969482421875 0.0 988.641845703125 123.29794311523438 
269
3 907.581787109375 0.0 980.6193237304688 124.7568359375 
270
271
272
3 885.11279296875 0.0 955.5869750976562 124.0087890625 
273
3 878.9661254882812 0.0 951.894287109375 126.38197326660156 
274
3 874.2518920898438 0.0 946.31640625 123.99700927734375 
275
3 867.59130859375 0.0 940.2388916015625 124.69486999511719 
276
277
3 853.29150390625 0.0 925.6192016601562 125.7276611328125 
278
3 845.3418579101562 0.0 921.8466186523438 126.08198547363281 
279
3 839.9010620117188 0.0 910.8818359375 125.86221313476562 
280
3 834.3661499023438 0.0 905.60693359375 125.79463195800781 
281
282
3 822.0161743164062 0.0 893.3985595703125 126.65754699707031 
283
3 813.7327880859375 0.0 885.7147827148438 127.61534118652344 
284
3 806.461181640625 0.0 877.4235229492188 127.21739196777344 
285
3 801.173095703125 0.0 871.1920776367188 128.14315795898438 
286
3 795.9593505859375 0.0 864.404052734375 128.35150146484375 
287
3 790.105712890625 0.0 859.8623657226562 127.69696044921875 
288
3 784.4415283203125 0.0 854.5025634765625 129.20578002929688 
289
3 777.8417358398438 0.0 846.7070922851562 129.67355346679688 
290
3 770.4526977539062 0.12134552001953125 839.39599609375 129.99461364746094 
291
3 764.48291015625 0.0 831.1419067382812 130.38507080078125 
292
3 757.0184936523438 0.0 826.0493774414062 130.7812042236328 
293
3 752.3734741210938 0.0 822.35302734375 130.872802734375 
294
3 747.4931030273438 0.08347320556640625 815.8126220703125 132.04808044433594 
295
3 740.5751342773438 0.10074615478515625 809.2097778320312 130.97581481933594 
296
3 733.969970703125 0.0 802.4598388671875 132.8043975830078 
297
3 726.6357421875 0.0 793.3468017578125 133.26687622070312 
298
3 720.18701171875 0.0 788.6328125 132.66983032226562 
299
3 716.7532348632812 0.6446762084960938 781.5726318359375 132.99798583984375 
300
3 710.9458618164062 0.8616485595703125 776.8079223632812 133.38272094726562 
301
3 704.6309204101562 0.0 773.4442138671875 134.36386108398438 
302
3 697.6627197265625 0.0 765.0040283203125 135.4964599609375 
303
3 691.5703125 0.0 757.5322265625 136.47994995117188 
304
3 684.755615234375 0.121856689453125 751.0335693359375 135.3546600341797 
305
3 679.8377075195312 0.2591552734375 745.9392700195312 135.0334014892578 
306
3 672.2421264648438 0.0 740.0823974609375 135.8671417236328 
307
3 666.3156127929688 0.0 733.781005859375 136.77020263671875 
308
3 659.3240966796875 0.0 725.8812866210938 136.86715698242188 
309
3 652.6141967773438 0.5281219482421875 718.5391235351562 138.49337768554688 
310
3 644.8307495117188 1.9764404296875 711.7684326171875 138.4578399658203 
311
3 637.623046875 0.34771728515625 706.1970825195312 137.78790283203125 
312
3 633.1185913085938 0.8360137939453125 700.8406982421875 137.58424377441406 
313
3 627.855224609375 2.1950531005859375 693.8646850585938 139.43505859375 
314
3 621.6402587890625 2.8809890747070312 687.658447265625 141.01136779785156 
315
3 614.2793579101562 7.9734039306640625 680.8875122070312 142.7395477294922 
316
3 607.0654296875 6.764747619628906 674.9970092773438 143.60400390625 
317
3 599.035400390625 7.1518402099609375 668.8374633789062 143.7974853515625 
318
3 594.42724609375 6.8305816650390625 660.063232421875 143.47442626953125 
319
3 586.6361083984375 6.691200256347656 654.3753662109375 144.82192993164062 
320
3 580.5624389648438 10.205169677734375 649.4418334960938 145.06822204589844 
321
3 573.2118530273438 10.35723876953125 643.1594848632812 146.37313842773438 
322
3 566.5138549804688 10.447639465332031 635.4789428710938 147.862548828125 
323
3 558.6016845703125 13.518852233886719 627.6839599609375 148.42662048339844 
324
3 552.9583740234375 13.73398208618164 618.6053466796875 149.18218994140625 
325
3 545.3974609375 14.164081573486328 614.4385986328125 150.83412170410156 
326
3 539.4701538085938 15.365852355957031 610.95751953125 150.425048828125 
327
3 535.363037109375 16.89087677001953 603.4069213867188 151.6534423828125 
328
329
3 518.4544677734375 18.111770629882812 588.4323120117188 154.1151580810547 
330
3 512.0899658203125 20.846420288085938 582.302001953125 154.7454071044922 
331
3 505.2333679199219 20.368362426757812 576.5548095703125 155.70516967773438 
332
3 500.368408203125 21.254981994628906 571.2562255859375 157.64959716796875 
333
3 493.6669006347656 21.336898803710938 564.872802734375 157.2761993408203 
334
3 489.79937744140625 23.890411376953125 558.8167724609375 158.38104248046875 
335
3 483.8408203125 27.17023468017578 552.8014526367188 159.61253356933594 
336
337
3 469.1158447265625 30.0562744140625 538.7947998046875 162.27810668945312 
338
3 463.5788269042969 29.972549438476562 534.6527099609375 162.50881958007812 
339
3 459.5251770019531 30.485183715820312 529.8995361328125 162.25460815429688 
340
3 453.4248962402344 31.422271728515625 523.5419921875 162.21885681152344 
341
3 448.0445556640625 32.62040710449219 518.7206420898438 165.578369140625 
342
3 441.03436279296875 33.937950134277344 516.6761474609375 166.44985961914062 
343
3 435.6617431640625 37.252197265625 507.8468017578125 168.27719116210938 
344
3 430.4047546386719 36.96587371826172 499.378662109375 167.9798126220703 
345
3 426.5138244628906 37.66265869140625 495.4852294921875 169.02601623535156 
346
3 421.4915466308594 38.38603210449219 490.2535705566406 169.79238891601562 
347
3 414.5289001464844 40.4781494140625 486.67791748046875 170.76852416992188 
348
349
3 404.4059143066406 44.276031494140625 472.85015869140625 175.03021240234375 
350
351
3 391.9556884765625 46.737640380859375 462.5735168457031 177.059814453125 
352
3 387.0798034667969 48.15583801269531 459.3575134277344 178.50579833984375 
353
3 383.0188903808594 48.663978576660156 455.49957275390625 176.3857879638672 
354
3 380.42169189453125 49.46080780029297 452.7002868652344 176.12196350097656 
3 2502.0751953125 521.1639404296875 2558.89453125 641.4991455078125 
355
3 374.8268127441406 48.959861755371094 448.812255859375 178.43687438964844 
356
3 2487.14111328125 505.74493408203125 2558.92529296875 637.5208740234375 
3 368.4674072265625 52.9261474609375 440.94000244140625 178.97198486328125 
357
3 362.31011962890625 54.97972869873047 434.9338073730469 180.59506225585938 
3 2478.5029296875 494.58453369140625 2558.873046875 634.95556640625 
358
359
360
361
362
3 341.1252746582031 64.89376068115234 411.304443359375 183.9409942626953 
363
364
3 330.17877197265625 66.33552551269531 401.2424011230469 186.1102752685547 
365
366
367
368
369
3 308.3992004394531 76.85475158691406 378.44378662109375 193.42567443847656 
370
371
3 2374.5078125 366.8890380859375 2559.08544921875 625.0263671875 
3 300.60552978515625 77.2334976196289 370.7016296386719 194.08978271484375 
372
373
3 291.87982177734375 78.68547821044922 361.7590026855469 196.08319091796875 
374
3 288.4263000488281 78.86996459960938 358.9527587890625 197.1794891357422 
375
3 286.35888671875 77.98151397705078 354.95068359375 198.4517822265625 
376
3 284.5449523925781 79.31661987304688 354.26409912109375 198.32931518554688 
377
378
3 281.5011291503906 80.4936752319336 351.3634033203125 200.2563934326172 
379
380
3 277.67694091796875 79.1630859375 348.8145751953125 201.22698974609375 
381
3 276.4695129394531 79.83658599853516 346.54071044921875 201.51307678222656 
382
383
3 872.37353515625 0.0 935.2587890625 139.01763916015625 
384
3 273.85430908203125 77.5633544921875 345.6548156738281 201.34500122070312 
385
3 273.4359130859375 76.72019958496094 344.1124267578125 201.42807006835938 
386
3 271.1720275878906 76.8180923461914 343.9921875 201.55197143554688 
387
3 271.3697204589844 76.46089172363281 344.1404113769531 201.57534790039062 
388
3 271.1546936035156 76.24410247802734 344.2782897949219 201.6729736328125 
389
3 271.2646484375 75.60369110107422 345.3104553222656 202.07839965820312 
390
391
392
393
3 873.2717895507812 0.0 936.851318359375 137.20413208007812 
394
3 873.4176025390625 0.0 938.6161499023438 137.32025146484375 
395
3 875.0445556640625 0.0 939.0172729492188 138.21778869628906 
396
3 875.6688232421875 0.0 939.1350708007812 138.31219482421875 
397
3 875.7662963867188 0.0 939.5582275390625 138.60276794433594 
398
3 875.6551513671875 0.0 939.2339477539062 138.637939453125 
399
3 876.0399780273438 0.0 938.604248046875 138.78309631347656 
400
3 876.2989501953125 0.0 938.473388671875 138.9168243408203 
401
3 876.5808715820312 0.0 938.4560546875 138.950439453125 
402
3 876.616455078125 0.0 938.8087768554688 138.9147491455078 
403
3 277.0969543457031 71.53016662597656 352.5979919433594 199.17138671875 
3 876.637451171875 0.0 939.7359619140625 138.94903564453125 
404
3 277.1492919921875 71.25079345703125 353.09075927734375 199.16355895996094 
405
3 277.3186950683594 71.05687713623047 352.95855712890625 199.0798797607422 
406
3 277.105712890625 70.92608642578125 353.42852783203125 199.04498291015625 
407
3 277.24053955078125 70.9388427734375 353.1841125488281 199.0380859375 
408
3 277.20123291015625 71.04429626464844 353.0563049316406 198.92245483398438 
409
3 876.6873779296875 0.0 939.1339721679688 138.8890380859375 
410
3 876.7522583007812 0.0 938.5154418945312 139.03897094726562 
411
3 876.4970703125 0.0 938.654296875 138.66390991210938 
412
3 874.8824462890625 0.0 939.6434936523438 137.87168884277344 
3 275.1398620605469 70.77344512939453 347.4725646972656 199.12860107421875 
413
3 274.46868896484375 70.35375213623047 347.2459716796875 199.46202087402344 
3 874.1012573242188 0.0 938.0897216796875 137.7940216064453 
414
3 274.2974853515625 70.76148986816406 347.1987609863281 199.468994140625 
3 873.365478515625 0.0 935.241943359375 138.2965087890625 
415
3 273.52410888671875 70.95877075195312 346.11444091796875 199.56263732910156 
416
3 272.0367126464844 70.56793212890625 344.78973388671875 200.31930541992188 
417
3 270.6768798828125 70.77134704589844 344.6477355957031 201.28924560546875 
418
3 269.3086853027344 72.20175170898438 344.92987060546875 202.26174926757812 
419
3 269.44989013671875 75.20709228515625 341.21533203125 202.87252807617188 
420
3 266.72943115234375 74.78912353515625 340.73529052734375 202.95286560058594 
421
3 265.69354248046875 74.44723510742188 338.7662048339844 202.43002319335938 
422
3 263.40789794921875 74.2591323852539 337.03265380859375 203.4275360107422 
423
3 262.2751770019531 74.58060455322266 336.1446228027344 204.08969116210938 
424
425
426
427
428
429
430
431
3 843.1970825195312 0.0 906.3662109375 144.43603515625 
432
3 841.735107421875 0.0 905.9647827148438 99.20242309570312 
433
434
3 237.95745849609375 81.31510925292969 312.06854248046875 211.05352783203125 
435
3 834.6724853515625 0.0 897.605224609375 144.6823272705078 
436
3 234.27679443359375 81.46663665771484 307.17901611328125 211.85580444335938 
437
3 829.2186279296875 0.0 894.361328125 144.6108856201172 
3 231.0104522705078 82.62946319580078 305.75262451171875 212.5684814453125 
438
3 826.4246826171875 0.0 892.3803100585938 144.9810333251953 
3 230.0238800048828 82.65521240234375 302.590576171875 213.32730102539062 
439
3 825.1604614257812 0.0 891.7900390625 145.6479949951172 
440
3 822.3953857421875 0.096893310546875 887.0704956054688 145.44424438476562 
441
442
443
444
445
3 812.2968139648438 0.0 880.1585693359375 145.6676025390625 
446
3 810.81787109375 0.0 876.7688598632812 144.6783447265625 
447
3 809.694580078125 0.0 874.4990844726562 109.89231872558594 
448
3 808.7464599609375 0.0 873.9020385742188 107.63232421875 
449
450
451
452
453
454
455
3 192.11935424804688 89.01915740966797 275.652587890625 219.38800048828125 
456
457
458
459
460
461
462
463
464
465
466
467
468
469
3 188.64260864257812 89.60478973388672 273.94232177734375 221.821533203125 
470
3 188.77081298828125 89.87802124023438 273.6806945800781 222.078125 
471
3 191.4754638671875 89.85813903808594 273.7594909667969 222.06802368164062 
472
473
474
475
3 57.27765655517578 120.5072021484375 115.66991424560547 203.71609497070312 
476
3 57.479637145996094 120.45712280273438 116.57653045654297 203.69021606445312 
3 795.6300048828125 0.0 873.4848022460938 102.64454650878906 
477
3 57.287559509277344 120.44166564941406 115.79193115234375 203.79336547851562 
3 795.5523071289062 0.0 873.5929565429688 102.57679748535156 
478
3 795.3798217773438 0.0 873.9541015625 102.49308776855469 
479
3 795.3927001953125 0.0 873.5777587890625 102.67300415039062 
