0
1
2
3
4
5
6
7
8
9
10
11
12
13
14
15
16
17
18
19
20
21
22
23
24
25
26
27
28
29
30
31
32
33
34
35
36
37
38
39
40
41
42
43
44
45
46
47
48
49
50
51
52
53
54
55
56
57
58
59
60
61
62
63
64
65
66
67
68
69
70
71
72
73
74
75
76
77
78
79
80
81
82
83
84
85
86
87
88
89
90
91
92
93
94
95
96
97
98
99
100
101
102
103
104
105
106
107
108
109
110
111
112
113
114
115
116
117
118
119
120
121
122
123
124
125
126
127
128
129
130
131
132
133
134
135
136
137
138
139
140
141
142
143
144
145
146
147
148
149
150
151
152
153
154
155
156
157
158
159
160
161
162
163
164
165
166
167
168
169
170
171
172
173
174
175
176
177
178
179
180
181
182
183
184
185
186
187
188
189
190
191
192
193
194
195
196
197
198
199
200
201
202
203
204
205
206
207
208
209
210
211
212
213
214
215
216
217
218
219
220
221
222
223
224
225
226
227
228
229
230
231
232
233
234
235
236
237
238
239
240
241
242
243
244
245
246
247
248
249
250
251
252
253
254
255
256
257
258
259
260
261
262
263
264
265
266
267
268
269
270
271
272
273
274
275
276
277
278
279
280
281
282
283
284
3 1484.281494140625 1.3193359375 1619.46630859375 85.37909698486328 
285
3 1462.2843017578125 1.2761650085449219 1593.8453369140625 80.76629638671875 
286
3 1434.7115478515625 1.4019355773925781 1568.26611328125 82.2025375366211 
287
3 1410.030029296875 0.4842529296875 1542.70458984375 82.01826477050781 
288
289
3 1359.217041015625 0.69818115234375 1488.1806640625 77.4746322631836 
290
291
3 1307.417236328125 0.5280799865722656 1437.86376953125 76.39238739013672 
3 2406.774658203125 133.9904327392578 2456.603271484375 202.50437927246094 
292
3 1280.67822265625 0.6288337707519531 1410.997802734375 80.690185546875 
293
3 1253.3551025390625 0.5440673828125 1380.5369873046875 78.52564239501953 
294
295
3 1196.7747802734375 1.1271171569824219 1327.5325927734375 82.35177612304688 
296
3 1171.0712890625 0.839691162109375 1306.2724609375 83.648681640625 
297
3 1143.2744140625 0.6991424560546875 1275.391845703125 85.60020446777344 
298
3 1114.855224609375 2.031543731689453 1257.3837890625 89.03810119628906 
299
300
301
302
303
304
305
306
307
308
309
310
311
312
313
314
315
316
317
318
319
3 2402.078125 109.50212097167969 2421.18310546875 157.57879638671875 
320
321
322
323
324
325
326
327
328
329
330
331
332
333
334
335
336
337
338
339
340
341
342
343
344
345
346
3 2378.078369140625 7.367946624755859 2416.66064453125 53.344322204589844 
347
348
349
350
351
352
353
354
355
356
357
358
359
