0
1
2
3
4
5
6
7
8
9
10
11
12
13
14
15
16
17
18
19
20
21
22
23
24
25
26
27
28
29
30
31
32
33
34
35
36
37
38
39
3 947.8533325195312 581.043212890625 1056.3961181640625 718.3653564453125 
40
41
3 945.7996215820312 585.7777709960938 1058.018798828125 718.7509155273438 
42
3 971.08056640625 587.387939453125 1059.088623046875 718.6128540039062 
43
3 970.3594970703125 589.3373413085938 1060.8763427734375 718.667724609375 
44
3 946.2047729492188 591.5112915039062 1062.07080078125 718.9466552734375 
45
3 972.330322265625 593.4566650390625 1063.7030029296875 718.7725219726562 
46
3 972.9732666015625 594.7849731445312 1065.5408935546875 719.0142211914062 
47
3 973.6309814453125 596.8623657226562 1066.876220703125 718.8951416015625 
48
3 973.4281005859375 597.7053833007812 1067.892578125 718.9147338867188 
49
3 973.2574462890625 599.7319946289062 1069.8465576171875 719.0423583984375 
50
3 979.9686889648438 599.564697265625 1070.59033203125 719.3554077148438 
51
3 977.0735473632812 600.8477172851562 1071.7283935546875 718.9283447265625 
52
3 975.7128295898438 601.3790893554688 1072.973388671875 718.97509765625 
53
3 975.1435546875 600.8045043945312 1074.131103515625 718.9241333007812 
54
3 974.9882202148438 602.300048828125 1075.21630859375 719.0216064453125 
55
3 976.3245239257812 602.2825317382812 1075.6865234375 719.1286010742188 
56
3 977.9013061523438 602.12451171875 1075.716796875 719.086181640625 
57
3 979.1423950195312 602.1734008789062 1075.957763671875 719.1356811523438 
58
3 979.5744018554688 602.0426635742188 1076.551513671875 719.0531005859375 
59
3 977.3231201171875 602.2186279296875 1076.871826171875 719.0518188476562 
60
3 976.603515625 601.7941284179688 1077.0321044921875 719.320068359375 
61
3 977.5852661132812 601.332763671875 1077.2291259765625 719.30615234375 
62
3 976.85595703125 601.33154296875 1077.1309814453125 719.1127319335938 
63
3 976.7062377929688 600.635986328125 1077.0579833984375 719.0798950195312 
64
3 976.6954345703125 601.0393676757812 1076.944091796875 719.00390625 
65
3 976.3914184570312 600.1913452148438 1076.53662109375 719.0340576171875 
66
3 977.259765625 600.3563232421875 1076.6939697265625 718.9502563476562 
67
3 977.39599609375 599.570068359375 1077.316162109375 719.076904296875 
68
3 980.8150634765625 598.4393310546875 1077.401123046875 719.446533203125 
69
3 978.6627197265625 597.695556640625 1076.8779296875 719.4904174804688 
70
3 979.6963500976562 597.2952880859375 1076.1656494140625 719.3063354492188 
71
3 979.6385498046875 597.261962890625 1075.9525146484375 719.3377075195312 
72
3 978.4427490234375 597.441162109375 1075.747802734375 719.3630981445312 
73
3 981.7741088867188 596.768310546875 1075.4205322265625 719.47314453125 
74
3 980.144775390625 596.318359375 1075.6925048828125 719.3507690429688 
75
3 982.7014770507812 596.8997192382812 1075.0157470703125 719.4638061523438 
76
3 983.4210205078125 597.7520751953125 1074.955322265625 719.4845581054688 
77
3 981.3643798828125 596.83154296875 1075.045654296875 719.4239501953125 
78
3 979.1365966796875 597.1881103515625 1075.392578125 719.2391967773438 
79
3 978.4791259765625 596.8350219726562 1075.4315185546875 719.3089599609375 
3 979.9588012695312 596.6350708007812 1075.2261962890625 719.4976196289062 
80
3 979.0491943359375 596.6306762695312 1075.50244140625 719.2894287109375 
3 980.5521240234375 596.213623046875 1075.27783203125 719.5601196289062 
81
3 981.7589111328125 596.4097900390625 1075.2469482421875 719.5160522460938 
82
3 978.2536010742188 595.5069580078125 1075.677001953125 719.1890258789062 
83
3 976.7006225585938 596.44384765625 1075.7503662109375 719.129150390625 
84
3 978.4905395507812 595.5626220703125 1075.63818359375 719.1943969726562 
3 979.884033203125 594.9518432617188 1075.4586181640625 719.440673828125 
85
3 978.1856079101562 594.8526000976562 1076.057373046875 719.1627197265625 
86
3 976.2928466796875 596.3145141601562 1076.1593017578125 719.2064819335938 
87
3 977.2471313476562 594.56640625 1076.451904296875 719.192138671875 
88
3 977.9710083007812 595.586669921875 1076.679931640625 719.2753295898438 
89
3 978.4598388671875 594.7936401367188 1077.284423828125 719.2655029296875 
90
3 981.6148681640625 594.756103515625 1077.3055419921875 719.4307250976562 
91
3 980.9383544921875 595.0997314453125 1077.797119140625 719.3653564453125 
92
3 981.2835083007812 596.2940673828125 1078.084716796875 719.28955078125 
93
3 981.174560546875 596.1618041992188 1078.3717041015625 719.3228759765625 
94
3 982.337158203125 596.391357421875 1078.4136962890625 719.2750854492188 
95
3 981.945068359375 596.5288696289062 1078.9705810546875 719.277587890625 
96
3 983.1095581054688 596.8134765625 1079.2113037109375 719.3023681640625 
97
3 979.98583984375 595.4262084960938 1079.4361572265625 719.2939453125 
98
3 981.6119384765625 596.6978759765625 1079.63671875 719.3551025390625 
99
3 979.7333374023438 594.947509765625 1079.7591552734375 719.2586669921875 
100
3 982.4786987304688 596.528076171875 1080.34228515625 719.0670166015625 
101
3 984.2184448242188 596.1138916015625 1080.5552978515625 719.1368408203125 
102
3 984.2913818359375 596.5637817382812 1080.5574951171875 719.2230224609375 
103
3 985.7613525390625 596.6627197265625 1080.5787353515625 719.1319580078125 
104
3 984.77099609375 596.9069213867188 1081.0477294921875 719.1900024414062 
105
3 985.4256591796875 596.5214233398438 1081.1256103515625 719.0990600585938 
106
3 984.8103637695312 596.6375732421875 1081.5445556640625 719.0372924804688 
107
3 983.240234375 596.5637817382812 1081.5926513671875 719.1336059570312 
108
3 985.6731567382812 596.72900390625 1081.9248046875 719.109619140625 
109
3 984.2268676757812 596.5185546875 1081.8990478515625 719.1220703125 
110
3 985.0855102539062 596.1784057617188 1082.0611572265625 719.1097412109375 
111
3 984.9631958007812 596.1128540039062 1082.108642578125 719.1162109375 
112
3 979.486572265625 596.4910278320312 1082.177734375 719.113037109375 
113
3 987.8687133789062 596.08740234375 1081.9705810546875 719.13720703125 
114
3 985.2647705078125 595.2760009765625 1082.122802734375 719.1726684570312 
115
3 983.6869506835938 596.6504516601562 1082.33251953125 719.20361328125 
116
3 987.7484130859375 595.147216796875 1082.937744140625 719.2161865234375 
117
3 983.5579833984375 596.9967041015625 1082.9625244140625 719.1661376953125 
118
3 987.1475830078125 595.301513671875 1082.89306640625 719.1707763671875 
119
3 984.852294921875 595.6130981445312 1083.05029296875 719.2374877929688 
120
3 986.7486572265625 595.3395385742188 1083.300048828125 719.193603515625 
121
3 986.3876953125 596.0285034179688 1083.1788330078125 719.1859741210938 
122
3 981.3981323242188 596.8966064453125 1083.56396484375 719.0918579101562 
123
3 984.0079956054688 595.739990234375 1083.4163818359375 719.12451171875 
124
3 977.2299194335938 597.0783081054688 1083.917724609375 719.25830078125 
125
3 976.5599365234375 595.761962890625 1083.676513671875 719.1339111328125 
126
3 975.0308227539062 597.0594482421875 1083.979248046875 719.1632080078125 
127
3 975.5069580078125 596.8853759765625 1084.0980224609375 719.1510009765625 
128
3 976.3041381835938 595.0936279296875 1084.2421875 719.0740966796875 
129
3 975.568115234375 596.8218383789062 1084.2467041015625 719.1871337890625 
130
3 980.7882080078125 595.1277465820312 1084.728759765625 719.1446533203125 
131
3 974.6393432617188 594.9910888671875 1084.4622802734375 719.2896118164062 
132
3 975.2786254882812 594.4593505859375 1084.7237548828125 719.2007446289062 
133
3 975.844970703125 594.4440307617188 1084.7625732421875 719.2108154296875 
134
3 975.5541381835938 594.945068359375 1085.04833984375 719.18408203125 
135
3 976.529296875 594.4210815429688 1086.1253662109375 719.1495971679688 
136
3 975.3992919921875 593.9636840820312 1086.2176513671875 719.14697265625 
137
3 974.8710327148438 594.0270385742188 1086.387939453125 719.136474609375 
138
3 982.00732421875 591.6026611328125 1087.45458984375 719.1339111328125 
139
3 980.0657348632812 592.8082275390625 1087.93798828125 719.1773681640625 
140
3 979.00830078125 592.231689453125 1088.468994140625 719.1787109375 
141
3 983.0911865234375 592.7344970703125 1089.2391357421875 719.2105712890625 
142
3 981.2762451171875 590.3681030273438 1089.784423828125 719.193115234375 
143
3 980.8372802734375 591.4390869140625 1090.9256591796875 719.2744140625 
144
3 981.6829833984375 589.8815307617188 1091.7076416015625 719.2401733398438 
145
3 980.6796875 589.9853515625 1092.01904296875 719.150390625 
146
3 980.4946899414062 590.3064575195312 1092.421630859375 719.11181640625 
147
3 982.708740234375 588.7239379882812 1092.9896240234375 719.0947265625 
148
3 980.4415893554688 589.7514038085938 1093.7379150390625 719.0574951171875 
149
3 982.5985717773438 586.7316284179688 1094.4283447265625 719.07470703125 
150
3 984.905029296875 589.894287109375 1094.1685791015625 719.1563720703125 
151
3 983.7483520507812 589.589599609375 1094.7762451171875 719.0874633789062 
152
3 984.2586059570312 589.6555786132812 1095.157958984375 719.0836181640625 
153
3 983.904052734375 588.440185546875 1095.40625 719.0444946289062 
154
3 983.1890869140625 588.285888671875 1095.80419921875 719.0587768554688 
155
3 983.8262329101562 588.3797607421875 1096.2501220703125 719.040283203125 
156
3 983.4564208984375 588.4657592773438 1096.2923583984375 719.1264038085938 
157
3 981.1502685546875 586.81787109375 1096.40576171875 719.0611572265625 
158
3 983.6549072265625 588.976318359375 1096.872314453125 719.1080932617188 
159
3 980.4791259765625 586.1089477539062 1096.8201904296875 719.10888671875 
160
3 985.0110473632812 587.400634765625 1097.0655517578125 719.102294921875 
161
3 981.6114501953125 588.9024658203125 1097.345947265625 719.126708984375 
162
3 982.7030639648438 587.7427978515625 1097.8126220703125 719.061767578125 
163
3 985.805908203125 589.924560546875 1098.1434326171875 719.1165771484375 
164
3 984.5621948242188 588.1307373046875 1097.8834228515625 718.9088134765625 
165
3 984.5454711914062 588.7406616210938 1098.3006591796875 719.3133544921875 
166
3 983.8263549804688 587.32763671875 1098.0865478515625 719.2021484375 
167
3 984.3123779296875 588.5801391601562 1097.9197998046875 719.1915893554688 
168
3 982.9108276367188 588.809814453125 1097.4801025390625 719.2615966796875 
169
3 986.3031616210938 588.645263671875 1097.3778076171875 719.1466064453125 
170
3 987.9826049804688 588.6797485351562 1096.744140625 718.94482421875 
171
3 984.772705078125 588.3436279296875 1096.464111328125 719.1690673828125 
172
3 988.013916015625 588.4548950195312 1095.8587646484375 718.850830078125 
173
3 987.2960205078125 587.8765869140625 1095.0069580078125 719.070068359375 
174
3 987.8050537109375 588.2572631835938 1094.25439453125 719.1092529296875 
175
3 981.2952880859375 587.363525390625 1092.7177734375 719.0244140625 
176
3 981.9375610351562 587.6261596679688 1092.5655517578125 719.1741943359375 
177
3 980.6007690429688 586.9611206054688 1092.56298828125 719.0663452148438 
178
3 983.5170288085938 587.686767578125 1092.7591552734375 718.9900512695312 
179
3 980.2393798828125 585.7443237304688 1092.6805419921875 718.8886108398438 
180
3 984.35400390625 586.8440551757812 1092.5634765625 719.0203857421875 
181
3 978.814697265625 585.5942993164062 1092.8681640625 718.9451904296875 
182
3 982.5478515625 586.3878784179688 1093.0042724609375 718.9337158203125 
183
3 978.9908447265625 584.8934326171875 1093.0474853515625 719.0455932617188 
184
3 982.8602294921875 585.421630859375 1093.1220703125 718.9172973632812 
185
3 981.53076171875 584.8070068359375 1093.1279296875 718.9357299804688 
186
3 981.1261596679688 584.541748046875 1093.4503173828125 718.8675537109375 
187
3 980.1551513671875 585.5328369140625 1093.822265625 718.9785766601562 
188
3 977.22119140625 584.2581176757812 1094.3914794921875 718.7095947265625 
189
3 977.048828125 584.8306884765625 1094.704345703125 718.77490234375 
190
3 975.3468627929688 584.4141235351562 1094.669189453125 718.7237548828125 
191
3 976.1175537109375 584.5912475585938 1094.91552734375 718.8284301757812 
192
3 977.2880859375 584.3525390625 1095.1827392578125 718.7218627929688 
193
3 980.4804077148438 582.3164672851562 1095.724365234375 718.8359985351562 
194
3 980.4749755859375 582.6075439453125 1095.895751953125 718.6980590820312 
195
3 979.934814453125 582.361572265625 1096.3441162109375 718.7161254882812 
196
3 976.5234375 582.422119140625 1096.593017578125 718.7271118164062 
197
3 982.5473022460938 582.885009765625 1096.8125 718.7584838867188 
198
3 978.1239013671875 582.0311889648438 1096.8948974609375 718.7074584960938 
199
3 981.8192749023438 583.2757568359375 1097.4974365234375 718.790771484375 
200
3 978.5758666992188 582.016845703125 1100.7086181640625 718.6082763671875 
201
3 977.6597900390625 581.8822021484375 1098.9364013671875 718.6854248046875 
202
3 979.3060302734375 582.5531616210938 1097.3023681640625 718.6918334960938 
203
3 976.2529296875 582.8870849609375 1097.985595703125 718.7108154296875 
204
3 976.0003662109375 585.567626953125 1098.9525146484375 718.7277221679688 
205
3 979.121826171875 585.0553588867188 1100.201171875 718.7518920898438 
206
3 978.1503295898438 585.497802734375 1101.3992919921875 718.8478393554688 
207
3 981.7244873046875 585.560791015625 1102.134765625 718.812255859375 
208
3 979.9434814453125 585.6694946289062 1103.435302734375 718.832275390625 
209
3 979.4896850585938 586.7532958984375 1103.2401123046875 718.871337890625 
210
3 980.626953125 585.20703125 1103.0574951171875 718.9088134765625 
211
3 982.137939453125 586.7921142578125 1103.0001220703125 718.9937744140625 
212
3 984.6106567382812 586.4613037109375 1102.77294921875 718.8751220703125 
213
3 984.29931640625 584.9056396484375 1102.6923828125 718.980224609375 
214
3 985.3279418945312 586.4344482421875 1102.6483154296875 718.7628173828125 
215
3 983.3714599609375 585.7521362304688 1102.5286865234375 719.0367431640625 
216
3 985.2274169921875 587.9130249023438 1102.01708984375 718.9189453125 
217
3 987.0089721679688 586.0330810546875 1102.0899658203125 718.8612060546875 
218
3 984.0806274414062 587.091552734375 1102.2742919921875 719.1044921875 
219
3 985.7579956054688 587.6392822265625 1102.3631591796875 718.8192138671875 
220
3 986.06982421875 587.514404296875 1102.73583984375 719.1145629882812 
221
3 981.0318603515625 588.6229248046875 1103.007080078125 719.1327514648438 
222
3 986.2239379882812 587.6915283203125 1103.4342041015625 719.0989379882812 
223
3 985.180419921875 588.0993041992188 1103.6824951171875 719.1695556640625 
224
3 986.3518676757812 588.837158203125 1103.9893798828125 719.0429077148438 
225
3 985.04931640625 587.5105590820312 1104.9608154296875 719.130615234375 
226
3 983.496826171875 589.3902587890625 1104.7310791015625 719.0755615234375 
227
3 985.5284423828125 587.515869140625 1105.099609375 718.9642944335938 
228
3 980.5296630859375 589.2363891601562 1104.87548828125 718.955810546875 
229
3 983.6874389648438 589.3160400390625 1105.257080078125 718.8641357421875 
230
3 982.7356567382812 589.2779541015625 1105.206787109375 718.91650390625 
231
3 980.8883056640625 589.476318359375 1105.264892578125 718.8710327148438 
232
3 983.90673828125 589.227783203125 1105.1253662109375 718.8806762695312 
233
3 980.9090576171875 589.8755493164062 1105.2044677734375 718.9656372070312 
234
3 983.90576171875 589.2703247070312 1105.398681640625 719.0032348632812 
235
3 980.015869140625 589.9949951171875 1105.0487060546875 719.0387573242188 
236
3 987.509765625 589.1319580078125 1105.4051513671875 719.0060424804688 
237
3 984.7721557617188 590.5840454101562 1105.2027587890625 718.90673828125 
238
3 986.4688110351562 590.90966796875 1105.26123046875 718.8901977539062 
239
3 986.986328125 589.2149658203125 1105.667236328125 719.0276489257812 
240
3 986.4921264648438 591.3775024414062 1105.2940673828125 718.8421630859375 
241
3 987.6502075195312 589.1267700195312 1105.341064453125 718.8049926757812 
3 987.7962646484375 589.2326049804688 1105.310791015625 718.8970947265625 
242
3 989.0017700195312 589.4659423828125 1104.8953857421875 718.9439086914062 
243
3 990.0616455078125 589.7726440429688 1104.0599365234375 718.7910766601562 
244
3 984.4459228515625 588.3193969726562 1104.3131103515625 718.9816284179688 
245
3 983.5574340820312 588.9135131835938 1102.777099609375 718.943603515625 
246
3 983.0772094726562 586.9332885742188 1102.522705078125 719.011962890625 
247
3 981.7037353515625 586.624755859375 1100.947509765625 719.0037841796875 
248
3 982.9444580078125 585.7489013671875 1100.3616943359375 718.8836059570312 
249
3 982.5045166015625 584.8915405273438 1099.1171875 718.8753051757812 
250
3 982.0858154296875 584.1763916015625 1097.492431640625 718.8197631835938 
251
3 981.1184692382812 580.387451171875 1097.14013671875 719.0484008789062 
252
3 979.2325439453125 579.162353515625 1095.1683349609375 718.8875732421875 
253
3 984.408447265625 578.286865234375 1094.436279296875 719.2921142578125 
254
3 985.43310546875 575.80078125 1093.8975830078125 719.3047485351562 
255
3 980.2012329101562 576.1285400390625 1092.775634765625 719.1854858398438 
256
3 976.7505493164062 572.1607666015625 1092.634521484375 718.975830078125 
257
3 977.0964965820312 571.8626098632812 1091.5986328125 718.98193359375 
258
3 979.1751708984375 569.6557006835938 1090.9776611328125 718.989013671875 
259
3 981.0879516601562 568.1871948242188 1089.614013671875 719.1604614257812 
260
3 984.1629028320312 566.0262451171875 1087.949951171875 719.1814575195312 
261
3 982.04150390625 566.43115234375 1085.75146484375 718.91455078125 
262
3 977.4140014648438 564.2540283203125 1084.39697265625 718.9463500976562 
263
3 977.4765625 563.9119873046875 1082.8604736328125 718.9005737304688 
264
3 974.686279296875 562.2349853515625 1081.30029296875 718.769287109375 
265
3 976.25830078125 562.1234130859375 1079.515869140625 718.9093627929688 
266
3 976.1854248046875 561.4376831054688 1078.0296630859375 718.9356079101562 
267
3 975.4972534179688 557.1587524414062 1076.8590087890625 718.7681274414062 
3 974.554443359375 531.0803833007812 1076.9088134765625 718.2774658203125 
268
3 974.6366577148438 537.561767578125 1075.169921875 718.5216674804688 
269
270
3 964.3743896484375 530.932373046875 1070.0128173828125 718.0072021484375 
271
3 960.0474243164062 530.8658447265625 1067.98095703125 718.1361083984375 
272
3 957.9425048828125 530.3513793945312 1065.1593017578125 718.6643676757812 
273
3 957.4965209960938 530.8761596679688 1061.601318359375 718.96728515625 
274
3 956.8091430664062 530.6903076171875 1059.8026123046875 718.7675170898438 
275
3 955.9844360351562 531.6470336914062 1058.24951171875 718.740966796875 
276
277
278
279
280
281
282
283
284
285
286
287
288
289
290
291
292
293
294
3 917.804931640625 487.2579650878906 1021.0670776367188 691.8038330078125 
295
3 915.2935791015625 483.713623046875 1021.65576171875 691.2645874023438 
296
3 909.7578125 440.106689453125 1021.2316284179688 697.0180053710938 
297
3 908.7453002929688 431.1924743652344 1021.1629028320312 696.35107421875 
298
3 908.7456665039062 428.75689697265625 1017.4754638671875 700.214111328125 
299
3 907.8464965820312 408.36376953125 1012.7257080078125 592.9766235351562 
3 907.1278076171875 411.27264404296875 1014.28564453125 711.7777099609375 
300
3 908.4059448242188 423.07147216796875 1010.0477294921875 591.2517700195312 
301
3 906.1953735351562 420.4088439941406 1006.5573120117188 591.7478637695312 
302
3 901.2088012695312 421.7191162109375 1002.343017578125 594.9568481445312 
303
3 901.0234985351562 471.072265625 998.2903442382812 593.5694580078125 
3 900.4100341796875 420.21295166015625 998.129150390625 594.3502807617188 
304
3 897.1380004882812 415.5218200683594 995.1863403320312 592.9723510742188 
305
3 894.48095703125 416.3401794433594 991.1190795898438 593.0247192382812 
306
3 891.2623291015625 405.36322021484375 986.9832763671875 593.6812133789062 
307
3 888.5042114257812 403.7890319824219 983.7564086914062 594.5263671875 
308
3 884.1632080078125 411.993408203125 979.7095336914062 593.6560668945312 
309
3 881.7113647460938 410.63800048828125 977.2012939453125 595.340087890625 
310
3 879.3014526367188 410.87451171875 973.686767578125 595.8140258789062 
311
3 874.9299926757812 409.2688903808594 970.4592895507812 597.3785400390625 
312
3 872.2252197265625 414.52203369140625 966.5374145507812 598.5136108398438 
313
3 872.470947265625 445.58746337890625 963.3255615234375 596.3881225585938 
314
3 866.2935180664062 443.17181396484375 959.078369140625 597.7484130859375 
315
3 866.876953125 444.3774719238281 955.35546875 593.1435546875 
316
3 868.9845581054688 440.595458984375 951.03271484375 588.625732421875 
317
3 853.1023559570312 441.41546630859375 947.7974853515625 589.4080810546875 
318
3 848.7347412109375 439.23052978515625 943.8668823242188 580.815185546875 
319
3 845.6328125 437.7463684082031 940.329833984375 579.666259765625 
320
3 844.6460571289062 434.53753662109375 937.1674194335938 576.3695068359375 
3 843.863037109375 434.4151916503906 937.2429809570312 625.81787109375 
321
3 843.0858764648438 431.38287353515625 933.6864013671875 623.3445434570312 
3 843.58203125 431.2426452636719 933.3099365234375 572.5940551757812 
322
3 846.4027709960938 428.3534240722656 931.2131958007812 571.00537109375 
3 845.8982543945312 428.71484375 931.3912963867188 623.4447631835938 
323
3 848.2472534179688 425.7491760253906 927.9584350585938 566.8425903320312 
3 847.8447875976562 425.20513916015625 927.96142578125 566.3125610351562 
3 846.863037109375 424.7566833496094 928.1810302734375 624.7192993164062 
324
3 845.5906982421875 422.49005126953125 923.5487670898438 625.1204223632812 
3 847.3327026367188 422.4001159667969 923.711181640625 563.9378662109375 
325
3 842.2731323242188 420.8377990722656 920.4060668945312 626.03125 
326
3 842.30419921875 417.9110107421875 916.6162719726562 625.505859375 
327
3 841.0323486328125 417.2489318847656 912.397705078125 627.2281494140625 
328
3 837.8402709960938 413.759765625 907.6751098632812 625.37939453125 
329
3 830.2229614257812 415.237060546875 903.86962890625 626.5784912109375 
3 830.316162109375 415.02032470703125 903.60595703125 562.4287109375 
330
3 828.0535278320312 412.5675964355469 899.2271728515625 626.2904663085938 
3 828.47509765625 412.13226318359375 898.579833984375 563.01123046875 
331
3 826.78125 412.21136474609375 894.861572265625 626.2625122070312 
3 827.92626953125 412.1493835449219 894.2090454101562 563.5679321289062 
332
3 823.3744506835938 412.81378173828125 890.6558837890625 567.3583374023438 
3 822.5654907226562 412.8358154296875 891.21826171875 627.9624633789062 
333
3 816.7483520507812 409.57403564453125 886.5910034179688 566.4450073242188 
334
3 810.67333984375 410.07080078125 882.7404174804688 569.588134765625 
335
3 809.1689453125 407.4349365234375 879.1417846679688 568.5211791992188 
336
3 807.342041015625 405.6953125 876.0492553710938 569.0313720703125 
337
3 805.913818359375 403.97491455078125 873.0709838867188 568.9498291015625 
338
3 800.8152465820312 401.31427001953125 870.4852294921875 568.0888671875 
339
3 795.9417114257812 399.7958679199219 869.58544921875 568.8001708984375 
340
3 790.7947998046875 398.07330322265625 869.3108520507812 568.9612426757812 
341
3 785.8460083007812 396.05621337890625 867.624755859375 568.8203125 
342
0 782.3370971679688 395.1944580078125 867.1663208007812 568.6707153320312 
343
0 784.4034423828125 393.5890197753906 866.0897216796875 568.2498779296875 
344
0 779.8846435546875 393.2801818847656 865.6110229492188 567.6005249023438 
345
0 777.589599609375 393.0502624511719 863.4309692382812 566.527587890625 
346
0 775.9518432617188 394.4192199707031 862.1030883789062 568.2505493164062 
347
0 770.9056396484375 391.9752197265625 860.6853637695312 567.4857788085938 
348
0 774.65869140625 393.2856750488281 859.56640625 568.8126220703125 
349
0 765.8922729492188 390.5851745605469 857.8947143554688 569.4202880859375 
350
0 775.5986328125 389.458984375 856.6366577148438 570.2567138671875 
351
0 774.8938598632812 387.90374755859375 856.3798217773438 570.3685913085938 
352
0 775.8054809570312 384.87774658203125 855.5059204101562 570.307373046875 
353
0 765.2533569335938 384.75103759765625 852.45166015625 568.2380981445312 
354
355
3 788.1045532226562 382.02978515625 850.7498168945312 560.7604370117188 
356
357
3 783.8001708984375 380.2154541015625 848.7926635742188 562.00341796875 
358
3 782.8245239257812 378.86431884765625 848.2233276367188 562.9270629882812 
359
0 781.0020751953125 377.7008056640625 847.4545288085938 561.3489990234375 
360
0 781.4707641601562 378.9491882324219 845.1504516601562 561.829345703125 
361
0 772.4395751953125 374.5180969238281 843.883544921875 558.6109619140625 
362
0 769.7919311523438 375.24847412109375 841.9434204101562 558.6284790039062 
363
0 766.70166015625 373.74786376953125 840.3975830078125 556.9821166992188 
364
0 764.4856567382812 371.83941650390625 838.5905151367188 552.889892578125 
365
0 764.7744140625 373.07940673828125 838.2223510742188 553.1016235351562 
366
0 777.7965698242188 372.9258728027344 836.672119140625 555.1920166015625 
367
3 776.9342651367188 372.3255310058594 835.8278198242188 546.169189453125 
368
3 776.91162109375 369.13763427734375 835.48291015625 538.5675659179688 
369
3 777.0581665039062 366.951904296875 836.1817016601562 533.0995483398438 
370
3 776.9461059570312 366.23846435546875 836.7353515625 532.175048828125 
371
3 776.3549194335938 364.14044189453125 839.0567626953125 528.0946655273438 
372
3 774.1439208984375 365.10284423828125 838.9864501953125 529.1885375976562 
373
3 774.2042846679688 363.9463195800781 839.5133666992188 528.4075927734375 
374
3 775.7633056640625 364.28143310546875 839.9085693359375 527.3098754882812 
375
3 776.19921875 365.0062255859375 839.4634399414062 528.1832275390625 
376
3 776.8011474609375 364.338134765625 840.309326171875 525.605712890625 
377
3 776.70849609375 365.3658447265625 840.713134765625 525.7886352539062 
378
3 776.7158203125 358.44378662109375 840.8890380859375 525.1127319335938 
379
3 776.3497314453125 352.2142333984375 841.538330078125 529.2688598632812 
380
3 778.004638671875 346.55780029296875 843.4640502929688 528.4238891601562 
381
3 779.04150390625 347.0103759765625 844.1270751953125 522.2715454101562 
382
3 780.173828125 346.6760559082031 844.8661499023438 515.728271484375 
383
3 779.1760864257812 348.4103088378906 845.5204467773438 515.6253051757812 
384
3 779.281005859375 348.4388427734375 846.5870971679688 516.5176391601562 
385
3 786.3070068359375 349.7483825683594 847.8175048828125 505.7186279296875 
386
3 787.760498046875 350.9061279296875 847.52001953125 505.1063232421875 
387
3 787.4393310546875 348.9854736328125 847.6682739257812 505.3773193359375 
388
3 788.1920776367188 350.6699523925781 847.443603515625 504.97467041015625 
389
3 788.260498046875 349.8645935058594 845.5951538085938 504.9488525390625 
390
3 788.9963989257812 350.27777099609375 844.5934448242188 503.8447265625 
391
3 789.984375 349.93817138671875 843.52490234375 504.248291015625 
392
3 790.412109375 347.88482666015625 844.2163696289062 502.6488037109375 
393
3 791.76953125 348.0129089355469 842.881103515625 503.18310546875 
3 791.9359130859375 347.93133544921875 842.4293823242188 502.79351806640625 
394
3 793.00146484375 347.3631591796875 840.0895385742188 502.840087890625 
395
3 793.92822265625 345.3248291015625 838.9131469726562 501.5032958984375 
396
3 795.26513671875 343.9510192871094 837.3818969726562 496.3951416015625 
397
3 795.9749755859375 343.7867431640625 837.0452880859375 492.2625732421875 
398
3 794.4957275390625 340.93194580078125 836.4998779296875 489.4677734375 
399
3 793.5819091796875 341.40753173828125 841.3531494140625 488.63751220703125 
400
3 792.7483520507812 340.9956970214844 847.353271484375 483.55963134765625 
401
3 791.8365478515625 341.0027770996094 851.8176879882812 484.6514892578125 
402
3 792.141357421875 340.23736572265625 836.5099487304688 483.1190185546875 
403
3 791.9264526367188 340.1978454589844 836.086181640625 483.91455078125 
404
3 791.8126220703125 339.7930603027344 836.303466796875 432.8988952636719 
405
3 792.124755859375 340.3207092285156 854.7539672851562 434.8326721191406 
3 791.7399291992188 339.8862609863281 854.3514404296875 479.8979187011719 
406
3 792.3087158203125 340.17620849609375 836.8912353515625 480.548583984375 
407
3 792.4367065429688 339.90802001953125 837.84765625 481.48809814453125 
408
3 792.656982421875 338.854248046875 846.4136962890625 480.88037109375 
409
3 793.5126953125 338.21136474609375 839.6339721679688 478.24273681640625 
3 793.4332275390625 338.4512939453125 839.6436767578125 478.9764709472656 
410
3 794.6187744140625 337.8240051269531 835.673095703125 473.58087158203125 
411
3 793.8218383789062 336.9211120605469 835.3169555664062 470.9670715332031 
412
3 791.9891967773438 334.872802734375 835.676025390625 471.257080078125 
413
3 790.1444702148438 335.35443115234375 835.8399047851562 470.9883728027344 
3 764.1705322265625 335.354736328125 835.7605590820312 470.7413330078125 
414
3 789.2916259765625 333.0348205566406 835.22802734375 469.4326171875 
3 764.1928100585938 332.9508972167969 835.3319091796875 468.7259216308594 
415
3 778.0718994140625 335.1639404296875 835.2510986328125 471.0868225097656 
416
3 781.2218627929688 332.76837158203125 834.75048828125 457.5691833496094 
417
3 777.0618896484375 333.8016662597656 835.1442260742188 463.7874450683594 
418
3 771.8148803710938 332.5830383300781 833.8193359375 466.6582946777344 
419
3 775.6851196289062 332.59552001953125 832.4280395507812 463.8542785644531 
420
3 774.9189453125 332.3602294921875 830.4051513671875 459.7391662597656 
421
3 770.0391845703125 331.212890625 825.4307861328125 458.52593994140625 
422
3 775.820068359375 330.7341613769531 823.864013671875 457.228271484375 
423
3 776.0430297851562 331.1031188964844 821.6027221679688 456.6712951660156 
424
3 776.1791381835938 328.96148681640625 820.672119140625 456.35845947265625 
425
3 774.2350463867188 329.97021484375 819.5463256835938 457.0954284667969 
426
3 773.1732788085938 328.91845703125 817.796142578125 456.59307861328125 
427
3 772.6926879882812 329.38201904296875 817.4957885742188 457.70574951171875 
428
3 772.102294921875 327.6927185058594 815.7887573242188 458.58837890625 
429
3 772.2012939453125 327.8019104003906 813.8228149414062 456.6639404296875 
430
3 772.8582763671875 329.8356018066406 813.4937133789062 457.08489990234375 
431
3 773.9097900390625 330.16693115234375 812.2957763671875 455.4580078125 
432
3 773.6322021484375 332.389404296875 812.2736206054688 456.5369567871094 
433
3 770.8092041015625 329.91265869140625 811.5370483398438 456.05633544921875 
434
3 768.94287109375 331.2027587890625 815.4761962890625 456.3425598144531 
435
3 765.7359008789062 330.03692626953125 812.2511596679688 454.6282043457031 
436
3 764.1248779296875 329.71942138671875 809.0858764648438 451.8532409667969 
437
3 763.14453125 330.39947509765625 808.1073608398438 450.063232421875 
438
3 762.2996826171875 330.6827392578125 806.9144287109375 449.5413818359375 
439
3 762.3447265625 330.12738037109375 806.771484375 445.7959899902344 
440
3 762.5097045898438 331.82110595703125 806.849365234375 456.8775329589844 
441
3 762.1510009765625 329.3143310546875 805.6640014648438 452.4018859863281 
442
3 762.1104125976562 331.6588439941406 804.6820678710938 450.51129150390625 
443
3 761.9186401367188 330.7153625488281 803.26171875 434.1355285644531 
444
3 761.8137817382812 331.56036376953125 803.513671875 435.10015869140625 
445
3 761.835693359375 331.87506103515625 804.2749633789062 436.0148620605469 
446
447
3 761.0206298828125 333.2615966796875 805.3346557617188 443.0517578125 
448
3 759.836181640625 333.0605163574219 804.1411743164062 442.8330993652344 
449
3 756.7947387695312 335.3374938964844 803.4037475585938 445.9593505859375 
450
3 755.11376953125 333.6708984375 804.34814453125 447.57818603515625 
451
3 754.8209838867188 337.92657470703125 806.4365844726562 448.6073913574219 
452
3 758.8372192382812 336.90008544921875 805.8271484375 446.8597412109375 
453
3 753.5426635742188 338.91448974609375 807.2462768554688 452.50390625 
454
3 759.3956298828125 339.8164978027344 807.8590698242188 454.72784423828125 
455
3 760.9608154296875 339.2877502441406 808.9384765625 453.8583068847656 
456
3 761.9691772460938 338.80596923828125 807.601806640625 451.6955261230469 
457
3 762.4091186523438 338.2342529296875 810.3238525390625 453.333740234375 
458
3 762.0634765625 336.3775634765625 805.255615234375 454.5562744140625 
459
3 759.0678100585938 338.881591796875 803.982421875 455.9065856933594 
460
3 757.7206420898438 336.7351379394531 804.1278076171875 454.5137634277344 
461
3 759.3462524414062 339.0328369140625 802.5918579101562 458.48309326171875 
462
3 761.4140625 337.20745849609375 802.2979125976562 456.2617492675781 
463
3 762.637451171875 338.0764465332031 801.358642578125 455.62152099609375 
464
3 762.6939086914062 337.63909912109375 801.467041015625 456.8931579589844 
465
3 762.703857421875 337.0879821777344 800.8806762695312 453.33160400390625 
466
3 762.433349609375 338.1895751953125 801.6173706054688 456.19781494140625 
467
3 760.9908447265625 335.7789306640625 800.9097900390625 454.0924987792969 
468
3 759.284912109375 335.9465637207031 801.0257568359375 450.9783630371094 
469
3 756.0282592773438 335.6253356933594 800.7296142578125 449.6822814941406 
470
3 752.3092651367188 334.5013122558594 801.0821533203125 450.3538818359375 
471
3 761.46484375 335.653076171875 802.0811767578125 454.41033935546875 
472
3 761.3486328125 334.00775146484375 800.9842529296875 448.1153259277344 
473
3 760.8159790039062 336.1039733886719 801.2547607421875 456.43548583984375 
474
3 760.3060302734375 333.7431335449219 801.06591796875 456.037353515625 
475
3 759.8428344726562 333.75347900390625 802.20947265625 453.8089599609375 
476
3 759.6386108398438 334.7137756347656 801.013671875 455.37255859375 
477
3 760.0797119140625 334.6002197265625 801.400634765625 454.11468505859375 
478
3 760.1653442382812 335.8484802246094 804.3187255859375 452.2360534667969 
479
3 760.6050415039062 335.2048645019531 801.5452270507812 450.7364501953125 
480
3 760.0885620117188 336.3689270019531 801.781005859375 453.2962951660156 
481
3 752.206787109375 335.3842468261719 801.2643432617188 453.01373291015625 
482
3 753.6743774414062 336.913818359375 801.4891967773438 447.4181823730469 
483
3 757.8626098632812 335.7514343261719 801.7205810546875 451.481689453125 
484
3 757.0546264648438 336.939697265625 802.503173828125 452.610595703125 
485
3 757.4840087890625 337.1045227050781 802.7487182617188 451.3684997558594 
486
3 757.3137817382812 337.29046630859375 802.2203369140625 453.8253479003906 
487
3 757.8880615234375 335.4193115234375 801.6033325195312 451.1953125 
488
3 756.22265625 337.98406982421875 804.740966796875 455.4193115234375 
489
3 753.4530029296875 334.61151123046875 807.8336181640625 448.529541015625 
490
3 752.5074462890625 336.0218811035156 807.0433349609375 452.4117126464844 
491
3 750.7412719726562 334.68994140625 803.6577758789062 448.2439880371094 
492
3 758.208251953125 335.4940185546875 800.9073486328125 453.0643615722656 
493
3 758.8607788085938 334.9929504394531 802.4093627929688 451.22247314453125 
494
3 758.5501098632812 335.2422180175781 801.3078002929688 450.783447265625 
495
3 758.9295654296875 334.9703369140625 806.8237915039062 447.41156005859375 
496
3 758.5638427734375 334.89794921875 804.1905517578125 450.9114990234375 
497
3 757.7132568359375 334.70880126953125 805.0350341796875 450.6667175292969 
498
3 757.064453125 333.24517822265625 804.8421020507812 449.7701721191406 
499
3 757.0706176757812 333.1318359375 801.7431030273438 450.8058166503906 
500
3 750.0419311523438 333.7548522949219 805.48046875 448.10809326171875 
501
3 749.2479858398438 331.73272705078125 805.019775390625 448.41802978515625 
502
3 750.7407836914062 332.00665283203125 800.4429321289062 448.89044189453125 
503
3 751.4795532226562 330.77490234375 803.223388671875 448.0724792480469 
504
3 752.506591796875 329.45574951171875 798.7236328125 445.16192626953125 
505
3 752.545654296875 329.7778625488281 794.9646606445312 445.950927734375 
506
3 753.410888671875 326.3506774902344 800.2767944335938 445.0960388183594 
507
3 754.3610229492188 327.1536560058594 798.631591796875 447.1927490234375 
508
3 755.0003662109375 325.4893798828125 797.7377319335938 444.1383972167969 
509
3 755.42431640625 326.2276306152344 795.95751953125 444.8512268066406 
510
3 756.44482421875 324.62939453125 794.5028686523438 443.440185546875 
511
3 756.3385009765625 325.2873840332031 793.3682861328125 444.37188720703125 
512
3 756.24169921875 324.61309814453125 790.9087524414062 446.1302490234375 
513
3 756.604736328125 324.4217529296875 789.422119140625 446.0058898925781 
514
3 756.2109985351562 324.16876220703125 789.1160278320312 444.9173278808594 
515
3 755.9599609375 322.4031677246094 789.24853515625 442.27801513671875 
516
3 754.453857421875 321.51800537109375 791.3187866210938 440.861328125 
517
3 753.4092407226562 320.8022766113281 792.7722778320312 445.5107116699219 
518
3 753.0435180664062 320.1656494140625 793.2520141601562 438.8768615722656 
519
3 752.37255859375 319.9983825683594 793.9318237304688 438.1446838378906 
520
3 751.7052001953125 318.5454406738281 793.5927124023438 435.9586181640625 
521
3 751.7379760742188 317.8897705078125 793.1222534179688 434.6020202636719 
522
3 751.1103515625 318.36651611328125 792.8331909179688 433.16400146484375 
523
3 750.908203125 318.13006591796875 792.451171875 430.95831298828125 
524
3 750.1376953125 318.9034423828125 792.0089111328125 432.2626037597656 
525
3 751.4490966796875 318.92401123046875 791.6420288085938 432.3798828125 
526
3 751.9044799804688 320.81488037109375 792.123779296875 433.4915771484375 
527
3 754.0054321289062 318.2574157714844 790.7418212890625 432.3418884277344 
528
3 754.41845703125 320.7718811035156 791.5542602539062 433.04840087890625 
529
3 753.8368530273438 319.30029296875 793.133544921875 431.72821044921875 
530
3 753.86083984375 319.7296447753906 795.0466918945312 431.9226989746094 
531
3 753.3352661132812 319.5241394042969 796.1104125976562 430.52197265625 
532
3 753.4089965820312 319.2052001953125 796.8602905273438 430.0599365234375 
533
3 751.9281005859375 316.88531494140625 797.736328125 430.62725830078125 
534
3 752.0035400390625 318.5157470703125 798.5462036132812 430.75531005859375 
535
3 752.0934448242188 315.03021240234375 800.6524658203125 426.939208984375 
536
3 753.07080078125 316.910400390625 800.87451171875 429.1553955078125 
537
3 752.2320556640625 314.83026123046875 801.1891479492188 425.8277893066406 
538
3 752.94873046875 316.24530029296875 800.7293701171875 428.3119812011719 
539
3 751.2122802734375 314.85626220703125 800.3977661132812 426.90777587890625 
540
3 750.9296264648438 315.32891845703125 798.51416015625 426.96575927734375 
541
3 750.4586791992188 314.55438232421875 799.05712890625 427.0090026855469 
542
3 750.2801513671875 314.6689147949219 796.9002685546875 426.3429260253906 
543
3 750.1739501953125 316.1679992675781 796.0358276367188 427.1756591796875 
544
3 750.3640747070312 315.37255859375 793.5307006835938 426.31304931640625 
545
3 749.6563720703125 315.39105224609375 792.05615234375 422.9414367675781 
546
3 749.5921020507812 315.09771728515625 790.6400756835938 424.3175354003906 
547
3 748.7628173828125 312.3663330078125 789.2891235351562 425.47564697265625 
548
3 748.0067749023438 313.2439880371094 789.150634765625 426.1947021484375 
549
3 746.9074096679688 309.9622497558594 787.9937744140625 423.91839599609375 
550
3 744.9081420898438 311.0665588378906 785.7216186523438 409.9515686035156 
551
3 744.0574340820312 311.0713195800781 784.1332397460938 417.8601379394531 
552
3 743.0911865234375 309.4687805175781 782.5330810546875 414.68292236328125 
553
3 741.2540893554688 309.65350341796875 780.9415893554688 415.02496337890625 
554
3 739.4304809570312 309.0113220214844 780.2213134765625 414.85491943359375 
555
3 738.4751586914062 308.42041015625 778.8681030273438 413.62603759765625 
556
3 736.6767578125 307.09332275390625 778.1223754882812 413.8377380371094 
557
3 735.553466796875 308.1533203125 776.2741088867188 413.5859680175781 
558
3 734.5179443359375 308.8033142089844 775.386474609375 411.5343017578125 
559
3 732.444580078125 307.89276123046875 774.7835083007812 412.3487548828125 
560
3 732.5066528320312 309.02105712890625 773.443359375 409.4267883300781 
561
562
3 732.0756225585938 307.27392578125 771.3977661132812 394.2380065917969 
563
3 728.2272338867188 305.899658203125 770.4459228515625 407.14569091796875 
564
3 728.2045288085938 304.3450622558594 768.517578125 406.34765625 
565
3 727.1688842773438 305.14111328125 767.8984375 404.96368408203125 
566
3 726.7679443359375 303.4774169921875 766.5064697265625 405.45281982421875 
567
3 726.7384033203125 302.63360595703125 765.5692138671875 400.75714111328125 
568
3 726.2890625 303.078125 764.558837890625 403.8900146484375 
569
570
3 723.3970336914062 303.521728515625 762.1778564453125 392.4329833984375 
571
3 722.8385620117188 302.9206848144531 760.7451782226562 398.4434814453125 
572
3 721.563720703125 302.796875 759.5874633789062 392.5637512207031 
573
3 720.6908569335938 302.87109375 759.034423828125 401.273193359375 
574
3 719.2279052734375 303.259765625 758.1705932617188 385.57562255859375 
575
3 718.5235595703125 302.5897521972656 756.3173217773438 385.29949951171875 
576
3 717.1648559570312 301.4929504394531 755.7296752929688 391.10223388671875 
577
3 717.2941284179688 302.4377136230469 754.0611572265625 378.4275207519531 
578
3 718.4352416992188 300.1522216796875 752.0593872070312 382.66387939453125 
579
3 717.4739379882812 299.929931640625 752.95458984375 382.9708251953125 
580
3 716.39990234375 298.9979553222656 752.1115112304688 372.5927734375 
581
3 715.3532104492188 297.4024658203125 752.0187377929688 386.88043212890625 
582
3 717.6264038085938 298.9490966796875 753.5763549804688 382.4089050292969 
583
3 716.4428100585938 297.6236267089844 753.7265625 384.33795166015625 
584
3 715.6673583984375 298.9766845703125 753.739501953125 380.3672790527344 
585
3 715.0798950195312 297.697998046875 753.7845458984375 379.549560546875 
586
587
588
3 715.5322265625 299.1991271972656 753.3364868164062 375.4573974609375 
589
3 713.6728515625 297.91717529296875 754.016845703125 383.2021179199219 
590
3 714.5708618164062 297.6905212402344 753.6446533203125 370.5798034667969 
591
3 714.7904052734375 296.9910888671875 753.6060180664062 375.7133483886719 
592
3 714.38232421875 296.2059326171875 754.2120971679688 386.00030517578125 
593
3 714.23876953125 294.6409912109375 749.9937133789062 375.295654296875 
594
3 715.4779052734375 295.5127868652344 751.8792114257812 383.8537902832031 
595
3 715.3170166015625 292.24920654296875 753.4963989257812 372.8123779296875 
596
3 714.621337890625 293.8607482910156 752.9951171875 370.90087890625 
597
3 714.251953125 293.0511779785156 753.4725341796875 373.8411560058594 
598
599
3 714.2318115234375 293.25103759765625 755.4680786132812 373.6967468261719 
600
3 716.3546142578125 292.45721435546875 754.2743530273438 385.7110595703125 
601
602
603
604
605
606
607
608
609
610
611
612
613
614
3 714.25537109375 290.3749694824219 739.37353515625 344.74932861328125 
615
616
617
3 713.0679321289062 290.052490234375 739.7733154296875 356.57794189453125 
618
3 712.814453125 289.7598571777344 740.1660766601562 354.9615478515625 
619
620
621
622
623
624
625
626
627
628
629
630
631
632
633
634
635
636
637
638
639
640
641
642
643
644
645
646
647
648
649
650
651
652
653
654
655
656
657
658
659
660
661
662
663
664
665
666
667
668
669
670
671
672
673
674
675
676
677
678
679
680
681
682
683
684
685
686
687
688
689
690
691
692
693
694
695
696
697
698
699
700
701
702
703
704
705
706
707
708
709
710
711
712
713
714
715
716
717
718
719
720
721
722
3 727.7278442382812 271.0662841796875 746.8591918945312 308.1853942871094 
723
3 727.9275512695312 271.22918701171875 747.0174560546875 308.0532531738281 
724
3 728.45166015625 271.55462646484375 747.6943359375 308.6540832519531 
725
726
727
728
729
730
731
732
733
734
735
736
737
738
739
740
741
742
743
744
745
746
747
748
749
750
751
752
753
754
755
756
757
758
759
760
761
762
763
764
765
766
767
768
769
770
771
772
773
774
775
776
777
778
779
780
781
782
783
784
785
786
787
788
789
790
791
792
793
794
795
796
797
798
799
800
801
802
803
804
805
806
807
808
809
810
811
812
813
814
815
816
817
818
819
3 42.5322151184082 444.0803527832031 86.9484634399414 507.2181396484375 
820
821
822
823
824
825
826
827
828
829
830
831
832
833
834
835
836
837
838
839
840
841
842
