0
3 671.3101196289062 2.291553497314453 705.059814453125 69.12005615234375 
3 762.078125 11.148017883300781 794.0652465820312 64.46490478515625 
3 800.4662475585938 6.961040496826172 836.0914306640625 59.827964782714844 
1
3 672.169189453125 7.3603973388671875 704.6214599609375 68.96112823486328 
3 762.1351928710938 11.153472900390625 793.7953491210938 64.47085571289062 
3 800.4989013671875 7.478851318359375 836.1441650390625 59.97174072265625 
2
3 672.5272216796875 8.69476318359375 705.06591796875 69.22856140136719 
3 762.14794921875 11.141704559326172 793.3833618164062 65.2355728149414 
3 800.519775390625 7.938804626464844 836.0635986328125 60.05891418457031 
3
3 674.6011352539062 1.1707763671875 705.0646362304688 69.37386322021484 
3 800.536865234375 6.826545715332031 836.0342407226562 59.99418640136719 
3 762.0902099609375 11.138641357421875 793.26220703125 66.26693725585938 
4
3 676.239990234375 3.0432510375976562 705.6683349609375 70.11433410644531 
3 800.9429321289062 8.26751708984375 835.9728393554688 60.0557861328125 
3 762.0908813476562 11.693923950195312 793.1128540039062 66.98228454589844 
5
3 676.2786254882812 7.200946807861328 706.0517578125 69.81329345703125 
3 801.3250732421875 9.293331146240234 835.9779663085938 60.137550354003906 
3 761.9266357421875 11.500797271728516 793.5382690429688 67.3769302368164 
6
3 674.7695922851562 4.706443786621094 705.6380004882812 69.25239562988281 
3 761.9664306640625 11.487892150878906 793.98828125 67.66504669189453 
3 801.9844360351562 10.426902770996094 835.963134765625 60.03997802734375 
7
3 676.1619262695312 3.9356460571289062 707.60302734375 69.03012084960938 
3 761.9539184570312 10.054595947265625 795.027587890625 68.18644714355469 
3 802.25390625 9.867412567138672 836.68896484375 59.94036865234375 
8
3 677.46484375 7.885612487792969 709.4651489257812 69.14732360839844 
3 762.4935302734375 5.418243408203125 795.4320678710938 67.47767639160156 
3 2006.935791015625 0.898712158203125 2032.7427978515625 65.47611999511719 
3 803.1119384765625 8.364299774169922 837.7407836914062 60.142181396484375 
9
3 679.2333374023438 8.006771087646484 709.0167846679688 69.13471984863281 
3 764.4434204101562 9.963459014892578 795.6314697265625 75.10047912597656 
3 408.6751708984375 72.46736145019531 436.12481689453125 127.29786682128906 
10
3 681.2764892578125 9.199600219726562 710.7613525390625 68.33302307128906 
11
3 685.1463012695312 7.024330139160156 712.9081420898438 68.19917297363281 
3 769.124755859375 8.52838134765625 801.1383666992188 78.40272521972656 
12
3 685.5704345703125 6.4058990478515625 716.9718627929688 67.36964416503906 
3 772.5750732421875 9.624214172363281 803.8579711914062 65.10890197753906 
3 2290.2373046875 53.312416076660156 2373.387939453125 148.88197326660156 
13
3 690.3125610351562 10.170520782470703 721.9478759765625 66.6722640991211 
3 776.2047119140625 10.700115203857422 808.1621704101562 64.55023956298828 
3 615.6605834960938 35.159515380859375 638.8770141601562 72.42970275878906 
14
3 778.7591552734375 10.995643615722656 811.8291625976562 64.74441528320312 
3 695.07470703125 10.21368408203125 724.4581298828125 65.64878845214844 
15
3 781.4596557617188 10.460651397705078 815.3694458007812 77.77474975585938 
3 700.0814208984375 7.5752716064453125 728.7711791992188 65.09333038330078 
16
3 702.6057739257812 3.396625518798828 732.6187133789062 64.52243041992188 
3 786.1019287109375 10.192432403564453 819.1826171875 66.43592071533203 
3 2029.0 0.0 2059.387451171875 69.8908462524414 
17
3 705.01220703125 1.8404159545898438 735.1092529296875 64.81422424316406 
3 2307.751953125 57.805946350097656 2393.45263671875 160.21145629882812 
3 789.0267333984375 8.201950073242188 821.4362182617188 68.92438507080078 
18
3 710.7196044921875 2.973796844482422 739.4308471679688 64.40650177001953 
3 791.99658203125 6.314796447753906 825.2677612304688 73.9752197265625 
19
3 714.7445068359375 3.435230255126953 744.35888671875 63.00969696044922 
3 797.4461669921875 3.059112548828125 830.4486694335938 62.613861083984375 
3 837.7398681640625 0.9734687805175781 873.7166748046875 54.95946502685547 
20
3 717.6619262695312 4.827144622802734 748.9436645507812 61.65846252441406 
3 802.8763427734375 2.5977935791015625 834.5086059570312 60.973480224609375 
3 840.4658203125 0.7366371154785156 878.9049072265625 54.30751037597656 
21
3 805.8674926757812 3.672527313232422 838.2081298828125 61.261199951171875 
3 723.3167114257812 2.453411102294922 752.3352661132812 60.57518005371094 
3 2527.781005859375 103.11044311523438 2559.02587890625 184.1613311767578 
22
3 726.1333618164062 1.4845733642578125 753.678466796875 57.95570373535156 
3 806.644287109375 0.427276611328125 841.7060546875 55.528297424316406 
3 847.6206665039062 1.2404594421386719 884.5048217773438 52.02287292480469 
23
3 732.080322265625 1.9475326538085938 757.372314453125 57.79944610595703 
3 852.02685546875 0.8478240966796875 887.9171752929688 51.72370910644531 
3 811.7963256835938 2.3284912109375 846.718017578125 54.95039367675781 
24
3 737.0838623046875 1.8450851440429688 764.6897583007812 57.898170471191406 
3 818.7100219726562 0.8849678039550781 851.2086181640625 56.49403381347656 
3 857.0362548828125 2.3173599243164062 893.8275756835938 51.05657958984375 
25
3 744.1611328125 1.4784393310546875 770.60009765625 59.34931945800781 
3 824.4176025390625 1.9282646179199219 857.845947265625 60.27265167236328 
26
3 750.0811157226562 0.7924156188964844 778.5003662109375 60.63958740234375 
3 832.5313720703125 2.6441993713378906 865.9522094726562 66.6798095703125 
3 873.729248046875 2.8869247436523438 909.3123168945312 53.224273681640625 
27
3 841.6453857421875 4.833038330078125 876.0369262695312 60.83201599121094 
3 758.5872802734375 1.2192001342773438 787.4046630859375 58.48036193847656 
3 883.17578125 5.192790985107422 916.9371948242188 53.466461181640625 
3 486.0512390136719 58.69123840332031 518.1029052734375 112.67814636230469 
28
3 852.6173095703125 4.416866302490234 883.6943969726562 59.82994079589844 
3 766.982421875 2.054412841796875 797.9944458007812 60.74922180175781 
3 892.2374877929688 3.1844406127929688 926.463623046875 53.64680480957031 
3 2367.989501953125 79.28810119628906 2455.9443359375 175.05410766601562 
29
3 861.1456298828125 1.9313545227050781 893.9168090820312 61.42792510986328 
3 780.2693481445312 2.537811279296875 805.0703735351562 57.48640441894531 
3 903.1197509765625 2.1540145874023438 937.0487060546875 53.26838684082031 
30
3 788.0217895507812 0.0 816.8341674804688 56.00859069824219 
3 2389.470458984375 80.93870544433594 2479.103271484375 176.7194061279297 
3 871.9945068359375 1.1987838745117188 904.2781372070312 56.219261169433594 
3 0.11237621307373047 191.3594970703125 16.284297943115234 241.6444091796875 
31
3 796.778076171875 0.0 825.9251098632812 51.18816375732422 
3 2398.75146484375 82.43738555908203 2490.429443359375 183.490478515625 
3 0.07174015045166016 186.77679443359375 25.162979125976562 237.271484375 
32
33
3 2383.287109375 85.31785583496094 2501.71044921875 183.70001220703125 
3 808.0646362304688 0.0 837.3148803710938 52.958953857421875 
3 893.5176391601562 0.5413398742675781 924.6541748046875 55.66993713378906 
34
3 900.3689575195312 0.0 932.0886840820312 52.903533935546875 
3 813.400146484375 0.0 845.4808349609375 51.19709777832031 
3 939.3702392578125 0.08277511596679688 974.484375 47.82117462158203 
35
36
37
3 840.9031982421875 0.0 869.2324829101562 48.427886962890625 
3 570.450439453125 39.4957275390625 600.2926635742188 100.09364318847656 
38
39
3 2472.7236328125 103.52433776855469 2558.810546875 229.23333740234375 
40
41
42
43
44
45
46
47
48
49
50
51
52
53
54
55
56
57
58
59
60
61
62
63
64
65
66
67
68
69
70
71
72
73
3 232.9822998046875 123.025146484375 261.1043395996094 169.2991943359375 
74
3 235.7769775390625 121.83100891113281 263.2215576171875 170.7279052734375 
75
76
77
78
79
80
81
82
83
84
85
86
87
3 249.3690643310547 122.00440979003906 283.1289367675781 166.39309692382812 
88
89
90
91
92
93
94
3 1091.8331298828125 0.0 1121.056396484375 58.89061737060547 
3 1002.9091796875 0.0 1029.109130859375 39.923980712890625 
3 248.45809936523438 125.83073425292969 283.3469543457031 171.48635864257812 
95
96
3 245.58901977539062 125.63034057617188 284.39337158203125 171.2681427001953 
97
3 1091.2415771484375 0.0 1120.4910888671875 58.44725799560547 
98
99
100
101
3 1091.9910888671875 0.0 1122.8525390625 43.53404235839844 
102
103
104
3 243.29408264160156 126.26849365234375 278.768798828125 190.84909057617188 
3 1087.293701171875 0.0 1117.8748779296875 44.27411651611328 
105
106
3 1087.000244140625 0.1435394287109375 1117.2884521484375 42.71702575683594 
107
108
109
110
111
112
113
3 264.4721374511719 118.78530883789062 295.18096923828125 169.45016479492188 
114
3 265.0302734375 117.61190795898438 299.2158508300781 168.932861328125 
115
3 265.86212158203125 117.4034423828125 299.521728515625 169.47348022460938 
116
117
118
3 1117.5618896484375 0.0 1149.8782958984375 44.07902526855469 
119
120
121
122
123
124
125
126
127
3 1212.4783935546875 0.0 1240.40576171875 45.77092742919922 
128
3 1224.7847900390625 0.0 1252.9515380859375 40.846343994140625 
129
130
131
132
133
134
3 470.8511047363281 75.35789489746094 494.0821533203125 121.76333618164062 
135
136
137
138
139
140
141
142
143
144
3 581.171875 53.435150146484375 607.0802612304688 101.39698791503906 
145
3 589.7651977539062 50.22444152832031 618.6295776367188 96.9239501953125 
146
3 597.515380859375 49.89263153076172 623.6397705078125 97.65304565429688 
147
148
149
150
151
3 623.9353637695312 45.99739074707031 650.0496215820312 93.14193725585938 
152
3 627.8085327148438 45.562835693359375 654.2845458984375 92.3966064453125 
153
3 632.6747436523438 47.73478698730469 658.2763061523438 92.49690246582031 
154
3 636.9920654296875 46.747291564941406 662.9541015625 91.83173370361328 
155
156
157
158
159
3 652.8456420898438 42.666839599609375 680.1234741210938 86.56478881835938 
160
3 655.2859497070312 41.637474060058594 681.4130249023438 90.0145034790039 
161
3 659.2427978515625 41.37095642089844 684.8897705078125 87.40507507324219 
162
3 660.141845703125 42.03617858886719 685.8262939453125 89.06903839111328 
163
3 661.4395141601562 41.58723449707031 687.5502319335938 87.23725128173828 
164
3 662.5037841796875 40.99339294433594 689.1417846679688 89.17411804199219 
165
3 663.7979125976562 40.37500762939453 689.3927001953125 90.55802917480469 
166
167
168
169
170
171
172
173
174
175
176
3 0.5209121704101562 684.6471557617188 126.97518920898438 810.3766479492188 
177
3 0.4232635498046875 673.4266967773438 128.1458282470703 809.330322265625 
178
3 0.17144012451171875 610.2823486328125 132.15689086914062 810.2545166015625 
3 0.14754104614257812 650.5436401367188 131.51284790039062 810.026123046875 
179
3 0.16364288330078125 585.4813842773438 135.56948852539062 813.1102905273438 
180
3 0.14311981201171875 585.5808715820312 137.47158813476562 807.8976440429688 
181
3 0.124298095703125 559.5745849609375 141.52279663085938 831.54443359375 
182
3 0.15575408935546875 550.2976684570312 143.8969268798828 830.4560546875 
183
3 0.3492469787597656 542.4757080078125 146.48193359375 835.225830078125 
184
3 0.2715950012207031 521.5269775390625 148.3773193359375 834.3147583007812 
185
3 0.28572845458984375 517.6018676757812 171.13107299804688 833.5789794921875 
186
3 0.3546142578125 507.0091552734375 197.35946655273438 828.4235229492188 
187
3 0.487579345703125 500.6182861328125 221.31674194335938 819.8778076171875 
188
3 0.5416259765625 497.25006103515625 222.5765838623047 810.0001220703125 
189
3 0.6221160888671875 492.0792236328125 266.6503601074219 810.651611328125 
190
3 0.5902328491210938 486.070068359375 285.4330139160156 810.1146850585938 
3 1619.8848876953125 0.29114532470703125 1641.7484130859375 49.27207946777344 
3 715.7281494140625 31.54596710205078 745.3964233398438 75.52635192871094 
191
3 0.5081253051757812 480.21893310546875 306.2025451660156 809.5833129882812 
192
3 0.508453369140625 474.42291259765625 313.27288818359375 814.258544921875 
193
3 0.562255859375 453.7317810058594 316.07861328125 814.661865234375 
194
3 0.541717529296875 441.1148376464844 316.0765686035156 813.4800415039062 
3 1634.3671875 1.0581436157226562 1657.2347412109375 51.469818115234375 
195
3 0.62261962890625 430.1482849121094 314.3547058105469 813.535888671875 
196
3 0.633209228515625 417.2623291015625 317.1863708496094 812.6851806640625 
197
3 0.42803955078125 406.7642822265625 321.31390380859375 810.51904296875 
198
3 0.29022216796875 396.776123046875 322.0022888183594 808.8843994140625 
199
3 0.0877838134765625 390.212890625 328.8394775390625 810.571533203125 
3 1456.4071044921875 0.24349212646484375 1480.0380859375 75.07369995117188 
200
3 1.39874267578125 382.9532470703125 358.73583984375 807.207275390625 
201
0 13.329559326171875 378.31268310546875 398.36468505859375 807.5153198242188 
202
0 31.7874755859375 373.4087829589844 443.318359375 804.9024658203125 
3 1461.2137451171875 0.6943359375 1486.34375 67.76174926757812 
203
0 47.31903076171875 370.83447265625 446.26507568359375 805.4343872070312 
3 1464.25830078125 0.6378097534179688 1490.1373291015625 75.35684204101562 
204
0 67.89839172363281 369.7969970703125 478.43310546875 805.5914306640625 
3 1465.649658203125 1.0519981384277344 1489.51806640625 64.934326171875 
205
0 89.66215515136719 366.87152099609375 505.3125 802.7005004882812 
3 1630.1099853515625 2.3472976684570312 1658.887451171875 51.060630798339844 
206
0 110.73150634765625 366.41522216796875 521.525390625 803.8890380859375 
207
0 132.43734741210938 365.54962158203125 536.460693359375 799.916748046875 
3 1635.1015625 2.37725830078125 1661.6103515625 51.81355285644531 
3 1471.306884765625 0.051212310791015625 1497.0501708984375 75.3682861328125 
208
0 154.5864715576172 361.8636474609375 551.5061645507812 797.7935791015625 
3 1637.4007568359375 3.127593994140625 1664.3607177734375 51.462120056152344 
3 1687.4783935546875 0.978240966796875 1706.913330078125 54.31767272949219 
209
0 176.47987365722656 357.23907470703125 607.3563232421875 790.2280883789062 
3 1475.4759521484375 1.1585655212402344 1500.8531494140625 75.8458480834961 
3 1639.548828125 3.9070396423339844 1667.9071044921875 51.191253662109375 
210
0 199.3656463623047 350.5548400878906 617.7943725585938 789.849609375 
3 1478.798583984375 0.6568641662597656 1502.05078125 74.728271484375 
3 1642.3114013671875 3.5779571533203125 1670.872314453125 51.81658935546875 
211
0 218.31263732910156 344.4464111328125 618.40478515625 769.813232421875 
212
0 234.90728759765625 337.2298583984375 619.9588623046875 764.9873657226562 
3 1483.4959716796875 0.5564918518066406 1507.7154541015625 76.32110595703125 
213
0 250.46946716308594 329.8609619140625 621.335205078125 747.287353515625 
3 1486.2177734375 1.1732101440429688 1510.423583984375 69.06428527832031 
214
0 265.79180908203125 322.95880126953125 626.2578735351562 754.212158203125 
3 0.0 150.03143310546875 23.028831481933594 211.84078979492188 
215
0 280.06121826171875 315.13287353515625 629.1749267578125 731.5090942382812 
216
0 293.6072082519531 308.20599365234375 629.1126708984375 731.07080078125 
3 1655.1650390625 2.197521209716797 1683.5286865234375 55.11949920654297 
217
0 311.6792297363281 302.55999755859375 628.582763671875 727.0321655273438 
218
0 330.3160400390625 299.4573974609375 628.8154907226562 727.955078125 
219
0 349.2745666503906 296.6458740234375 678.6473388671875 724.0848388671875 
220
0 370.1741638183594 295.1006164550781 727.6358642578125 724.5076904296875 
221
0 394.7361755371094 297.0614013671875 794.4857177734375 724.20947265625 
3 1724.2928466796875 0.0 1753.162841796875 57.99159240722656 
222
1 418.06597900390625 298.31134033203125 836.6918334960938 721.6216430664062 
3 1666.4180908203125 3.6615562438964844 1693.3743896484375 55.7159423828125 
223
1 439.4634094238281 298.9132995605469 854.2389526367188 720.2745361328125 
3 1730.028564453125 0.5541915893554688 1760.92431640625 59.08457946777344 
3 1669.8077392578125 3.52838134765625 1699.559814453125 55.650909423828125 
3 1838.7574462890625 0.0 1856.00927734375 40.43310546875 
3 1864.583984375 0.7300376892089844 1880.6502685546875 27.92328643798828 
3 1705.621337890625 0.7975234985351562 1729.123046875 44.86553192138672 
224
1 464.433349609375 299.01202392578125 866.0017700195312 718.3793334960938 
3 1735.33740234375 0.3769493103027344 1764.4534912109375 59.844093322753906 
225
1 489.9357604980469 297.1160583496094 867.7420654296875 712.673583984375 
3 1508.021484375 0.5253334045410156 1534.179443359375 79.32007598876953 
3 1740.9180908203125 1.0914306640625 1767.5621337890625 59.884552001953125 
3 1675.0113525390625 2.6959800720214844 1705.7242431640625 56.82154846191406 
226
1 514.2923583984375 293.612060546875 858.2579956054688 708.71923828125 
3 1509.0125732421875 0.0 1537.6861572265625 74.18900299072266 
3 805.8385620117188 24.791107177734375 829.9594116210938 67.35111999511719 
227
1 534.91748046875 290.6435546875 865.1688842773438 705.3309326171875 
3 1512.59912109375 0.38819122314453125 1538.0196533203125 80.38317108154297 
228
1 554.7135009765625 285.229736328125 873.1614990234375 706.7593383789062 
3 1682.4033203125 1.6098556518554688 1712.7686767578125 57.22956085205078 
3 1755.95849609375 1.4502639770507812 1780.0784912109375 60.13762664794922 
3 1515.646484375 0.294403076171875 1542.0023193359375 69.71640014648438 
229
1 571.404541015625 280.7305908203125 859.54931640625 704.9027709960938 
3 1682.8424072265625 1.6513595581054688 1714.971435546875 55.1119384765625 
230
1 583.2199096679688 273.1217346191406 894.83056640625 709.711669921875 
3 1686.5274658203125 2.156951904296875 1716.31884765625 57.61676025390625 
3 1754.98291015625 1.6683502197265625 1786.73486328125 60.60340881347656 
231
1 603.4666137695312 264.8050842285156 887.6669921875 706.219482421875 
3 1686.88525390625 1.7124214172363281 1718.61669921875 55.884727478027344 
232
1 619.910400390625 257.7833557128906 897.1859130859375 708.9212036132812 
3 1687.3443603515625 1.41339111328125 1720.326904296875 56.71240234375 
3 1761.9879150390625 2.8973541259765625 1797.5538330078125 96.66073608398438 
233
1 635.106201171875 252.06390380859375 898.2805786132812 707.7272338867188 
3 1689.54150390625 1.7215538024902344 1720.8082275390625 57.228485107421875 
3 1762.1683349609375 3.0068740844726562 1793.1842041015625 58.67750549316406 
234
1 648.5645751953125 246.25054931640625 912.3265991210938 707.0734252929688 
3 1689.7021484375 1.6846694946289062 1720.875 58.36079406738281 
3 1764.0244140625 3.0708541870117188 1796.89111328125 94.35118103027344 
235
1 660.1434326171875 245.57421875 955.1851806640625 709.1785888671875 
3 1689.5433349609375 1.7245330810546875 1720.6195068359375 57.11064147949219 
3 1765.3897705078125 2.590961456298828 1798.16259765625 93.37884521484375 
236
1 679.0314331054688 243.94696044921875 986.9066162109375 708.7491455078125 
3 1766.16015625 3.2544326782226562 1798.5986328125 93.91993713378906 
3 1689.3607177734375 1.7479019165039062 1720.7037353515625 56.71430969238281 
3 1523.378662109375 0.0 1550.4830322265625 71.05716705322266 
237
1 699.8630981445312 244.8450927734375 1073.7359619140625 709.686767578125 
3 1767.5157470703125 3.8212242126464844 1798.9967041015625 94.40437316894531 
3 1689.5635986328125 2.0023880004882812 1720.7122802734375 58.153099060058594 
238
3 1767.721923828125 3.8019485473632812 1799.683837890625 95.669921875 
1 721.1038818359375 246.28778076171875 1114.642578125 709.455322265625 
3 1688.224365234375 2.0343666076660156 1720.5096435546875 57.38926696777344 
239
1 742.294921875 248.24249267578125 1090.2415771484375 709.3663940429688 
3 1767.9698486328125 5.033638000488281 1799.23876953125 96.33091735839844 
3 1687.273681640625 1.9381980895996094 1719.408203125 56.601409912109375 
240
1 761.7960815429688 249.4290771484375 983.8099365234375 711.2771606445312 
3 1767.7733154296875 5.364097595214844 1799.0391845703125 96.89468383789062 
3 1687.3067626953125 4.0752105712890625 1718.01611328125 56.065650939941406 
241
3 1767.5416259765625 4.672454833984375 1798.5657958984375 96.32583618164062 
1 783.9410400390625 249.83255004882812 1161.824951171875 710.6866455078125 
3 1687.7442626953125 5.232780456542969 1716.5015869140625 56.057464599609375 
242
1 790.5106201171875 248.17935180664062 1166.7156982421875 708.529296875 
3 1767.757568359375 3.8267135620117188 1798.9071044921875 94.12100219726562 
3 1686.1705322265625 3.8628082275390625 1715.6917724609375 57.663848876953125 
3 1519.5009765625 0.0 1546.962890625 72.24951934814453 
243
1 792.9205932617188 245.52764892578125 1166.9197998046875 705.6190185546875 
3 1769.0706787109375 3.846385955810547 1798.953125 95.32147216796875 
3 1518.2471923828125 0.0 1545.978759765625 79.11061096191406 
3 1684.03125 3.5959091186523438 1715.5460205078125 57.47004699707031 
244
1 794.7053833007812 242.71173095703125 1165.4932861328125 695.91650390625 
3 1768.6588134765625 3.084095001220703 1799.25634765625 96.81422424316406 
3 1682.9825439453125 2.911640167236328 1714.7674560546875 55.33849334716797 
3 1518.1688232421875 0.12702560424804688 1541.575927734375 79.17604064941406 
245
1 812.254150390625 236.70672607421875 1164.515869140625 690.732666015625 
3 1767.5557861328125 2.40423583984375 1799.4227294921875 94.56011962890625 
3 1681.6446533203125 1.80859375 1713.0484619140625 58.462860107421875 
246
1 875.0665283203125 230.1209716796875 1155.6153564453125 681.8892211914062 
3 1767.753662109375 3.1616783142089844 1799.5880126953125 94.72122192382812 
3 1513.48974609375 0.0 1540.5234375 79.21549987792969 
3 1681.3154296875 1.9228706359863281 1713.3739013671875 56.40557861328125 
247
1 853.36474609375 225.25372314453125 1140.0013427734375 686.6519165039062 
3 1766.364013671875 3.5379295349121094 1799.836669921875 95.08673095703125 
248
1 889.3299560546875 218.94970703125 1161.91015625 693.5146484375 
3 1765.82080078125 1.9789276123046875 1798.9029541015625 92.19819641113281 
249
1 919.594970703125 213.41650390625 1159.3675537109375 697.9559936523438 
3 1764.9066162109375 3.172565460205078 1797.1868896484375 90.50563049316406 
250
1 934.863037109375 209.71673583984375 1156.2802734375 694.093994140625 
3 1761.365234375 3.8283424377441406 1795.9359130859375 92.0633544921875 
251
1 946.4617919921875 205.78689575195312 1172.0718994140625 701.6626586914062 
3 1760.30517578125 2.843303680419922 1794.8037109375 90.54791259765625 
3 1504.8236083984375 0.449127197265625 1531.6251220703125 76.23107147216797 
252
1 957.1458129882812 204.47625732421875 1194.71142578125 700.8549194335938 
3 1759.0465087890625 1.93536376953125 1792.4390869140625 91.04085540771484 
3 1665.6927490234375 3.9315643310546875 1691.664306640625 53.324424743652344 
253
1 968.545654296875 207.6466064453125 1223.82470703125 711.5538330078125 
254
1 982.0494384765625 211.33770751953125 1236.6461181640625 701.5354614257812 
255
1 998.1256103515625 216.0804443359375 1327.418212890625 717.3779296875 
3 1751.0634765625 0.7076148986816406 1782.647705078125 64.07009887695312 
256
1 1014.6824951171875 222.42535400390625 1367.620849609375 720.3685913085938 
257
1 1025.178955078125 227.4798583984375 1407.55859375 720.98876953125 
258
0 1017.39697265625 231.4798583984375 1405.9029541015625 725.476806640625 
259
0 1019.6870727539062 235.20245361328125 1410.5025634765625 729.1738891601562 
260
1 1085.704833984375 236.52789306640625 1381.733154296875 716.4595947265625 
3 1634.2012939453125 2.3112754821777344 1662.6044921875 50.27324676513672 
261
1 1027.197509765625 237.201171875 1392.20263671875 717.4443359375 
262
1 1046.1783447265625 235.1773681640625 1383.14453125 716.8622436523438 
3 1622.85888671875 1.7989883422851562 1653.2669677734375 49.09114074707031 
263
1 1081.887939453125 231.38232421875 1380.3876953125 719.925537109375 
3 1721.2628173828125 0.13674163818359375 1752.625244140625 54.96759033203125 
264
1 1106.7935791015625 226.08209228515625 1382.4163818359375 717.93115234375 
3 1715.8546142578125 0.0 1748.1771240234375 54.75646209716797 
3 1610.1531982421875 1.0685806274414062 1641.780517578125 46.7384033203125 
265
1 1126.54345703125 218.22015380859375 1393.442626953125 717.4998779296875 
3 1709.2052001953125 0.0 1741.6038818359375 50.571990966796875 
266
1 1162.153564453125 211.61001586914062 1405.5213623046875 718.0855102539062 
267
1 1170.8828125 205.39260864257812 1416.9517822265625 717.768310546875 
3 1698.4144287109375 0.7306671142578125 1730.1326904296875 53.876312255859375 
268
1 1178.767333984375 201.55889892578125 1426.6513671875 719.2537841796875 
3 1691.66943359375 0.16602325439453125 1723.050537109375 52.937843322753906 
269
1 1188.6988525390625 199.1446533203125 1439.0677490234375 717.5916748046875 
270
1 1197.0909423828125 199.33306884765625 1451.681396484375 718.0369873046875 
271
0 1205.94189453125 201.99642944335938 1467.49072265625 724.7128295898438 
272
1 1216.8084716796875 205.42367553710938 1493.344482421875 721.6986694335938 
273
1 1213.3985595703125 209.4954833984375 1560.1884765625 720.8784790039062 
274
1 1206.0887451171875 214.06393432617188 1584.4537353515625 721.4556884765625 
275
0 1198.126220703125 218.772705078125 1551.11328125 726.0242919921875 
3 661.4075317382812 38.174827575683594 683.00439453125 85.70722961425781 
276
0 1192.203857421875 221.58880615234375 1544.5653076171875 725.8807983398438 
277
0 1188.601318359375 223.72515869140625 1560.6209716796875 726.92626953125 
278
0 1182.46533203125 223.6549072265625 1576.970947265625 733.1668090820312 
3 633.8801879882812 44.321510314941406 658.4880981445312 89.96048736572266 
279
0 1186.78857421875 223.16387939453125 1592.2440185546875 745.834716796875 
280
0 1215.4609375 221.85089111328125 1606.596923828125 736.8323974609375 
3 615.5379638671875 47.87640380859375 644.223388671875 93.11282348632812 
281
0 1239.099853515625 219.869140625 1618.650390625 734.4005126953125 
282
1 1269.3536376953125 216.29666137695312 1632.7314453125 721.4830932617188 
283
0 1273.029296875 214.12936401367188 1644.48828125 736.1990966796875 
284
0 1316.169189453125 210.29608154296875 1659.7257080078125 752.770751953125 
285
0 1371.128662109375 208.19479370117188 1670.325927734375 761.7427368164062 
286
0 1390.33154296875 209.7806396484375 1683.361083984375 754.1245727539062 
287
0 1388.729248046875 211.20620727539062 1697.187255859375 782.6255493164062 
288
0 1379.47265625 216.40670776367188 1710.4425048828125 787.7355346679688 
289
0 1377.3582763671875 222.50680541992188 1723.888916015625 788.7542724609375 
290
0 1358.213623046875 229.81982421875 1740.721435546875 793.1239013671875 
291
0 1354.27294921875 238.20465087890625 1754.725830078125 793.4242553710938 
292
0 1350.990966796875 246.2509765625 1772.484375 797.4928588867188 
293
0 1350.0496826171875 254.0181884765625 1787.7000732421875 787.3370971679688 
294
0 1340.62451171875 259.765625 1809.581787109375 790.2762451171875 
295
0 1357.328369140625 264.2857666015625 1833.045654296875 793.2770385742188 
296
0 1382.0599365234375 267.4397277832031 1854.17578125 794.2384643554688 
297
0 1406.214599609375 268.9328918457031 1875.101806640625 789.4727783203125 
298
0 1434.2843017578125 264.53155517578125 1896.328125 786.2196044921875 
0 1567.67626953125 263.847412109375 1896.34912109375 784.2843017578125 
299
0 1580.0439453125 261.64569091796875 1919.9215087890625 788.2554931640625 
300
0 1532.4036865234375 258.159423828125 1938.94921875 788.8074951171875 
301
0 1586.1407470703125 256.52032470703125 1963.552734375 792.0159912109375 
302
0 1604.031982421875 256.44732666015625 1990.20751953125 789.562255859375 
303
0 1596.3076171875 256.0545654296875 2016.666015625 795.1290893554688 
304
0 1609.332763671875 262.0307312011719 2043.165771484375 790.380126953125 
305
0 1611.19091796875 269.5433349609375 2071.098876953125 788.096923828125 
306
0 1610.58251953125 279.56781005859375 2096.921875 791.5519409179688 
307
0 1605.48974609375 293.45989990234375 2123.695068359375 803.835693359375 
308
0 1611.8104248046875 303.89105224609375 2147.662109375 819.074951171875 
309
0 1611.986083984375 313.72344970703125 2172.784912109375 826.546630859375 
310
0 1613.2735595703125 323.1330261230469 2199.494384765625 831.882080078125 
311
0 1624.2161865234375 328.0869140625 2225.53076171875 849.6806640625 
312
0 1640.019775390625 333.9490966796875 2259.426513671875 847.3693237304688 
3 482.1100158691406 71.88417053222656 505.0782165527344 118.77444458007812 
313
0 1839.19921875 338.11639404296875 2288.25146484375 848.4485473632812 
314
0 1713.539306640625 343.37158203125 2317.966064453125 845.2149658203125 
3 490.68023681640625 74.99346160888672 513.34765625 120.9031982421875 
315
0 1753.8533935546875 347.8808898925781 2348.391357421875 848.04052734375 
3 494.73345947265625 71.90690612792969 521.935302734375 119.74739074707031 
316
0 1801.1998291015625 349.42889404296875 2381.02978515625 856.060546875 
317
0 1847.46240234375 345.1475830078125 2417.384765625 852.942626953125 
318
0 1885.658203125 348.8139343261719 2448.76708984375 869.2652587890625 
3 501.193115234375 61.24943542480469 523.59521484375 106.87684631347656 
319
0 1928.398681640625 355.89794921875 2473.11865234375 899.1796264648438 
320
2 1932.29638671875 365.5192565917969 2495.187255859375 916.3029174804688 
3 504.12054443359375 68.15776824951172 527.0203247070312 114.89749145507812 
321
2 1926.6728515625 374.3891296386719 2518.98486328125 935.6072998046875 
322
2 1930.49072265625 385.0966796875 2545.191650390625 953.2213745117188 
3 509.9769287109375 61.890403747558594 538.3338623046875 113.22482299804688 
323
2 1935.343017578125 395.9858703613281 2558.302490234375 963.6471557617188 
3 516.9256591796875 64.53462982177734 539.9629516601562 112.00184631347656 
324
2 1939.611572265625 410.49224853515625 2558.474609375 971.12646484375 
3 1228.45068359375 0.44583892822265625 1256.708984375 76.11114501953125 
3 523.140380859375 66.49583435058594 546.8965454101562 111.3106689453125 
325
2 1950.126708984375 427.2040710449219 2559.337158203125 975.0407104492188 
326
2 1963.252197265625 447.0026550292969 2558.9775390625 982.4154663085938 
3 540.4039306640625 60.090087890625 566.7728271484375 107.09977722167969 
327
2 1976.935791015625 489.2506103515625 2558.984130859375 989.2860107421875 
328
2 2001.5679931640625 525.8856201171875 2558.617431640625 1004.685546875 
329
1 2039.7620849609375 537.1786499023438 2558.58251953125 1007.134765625 
3 565.6287231445312 54.549072265625 587.1163940429688 101.68293762207031 
330
1 2078.578857421875 544.692626953125 2558.67333984375 1005.325439453125 
331
3 2117.369384765625 560.4366455078125 2558.71630859375 994.890380859375 
3 574.4562377929688 53.053077697753906 601.086669921875 100.78807067871094 
332
3 2168.29638671875 578.2532958984375 2558.718505859375 1012.34619140625 
3 581.6883544921875 56.69538116455078 605.80126953125 99.27301025390625 
333
3 2184.196533203125 591.1648559570312 2558.727294921875 1015.5093994140625 
3 590.04345703125 51.94465637207031 613.7246704101562 98.22122192382812 
334
3 2263.46826171875 629.1795043945312 2558.510009765625 1015.93017578125 
3 598.2471313476562 53.204132080078125 622.6513671875 95.17593383789062 
335
3 2269.603515625 663.173095703125 2558.79638671875 1024.9710693359375 
3 607.759521484375 49.45829772949219 633.2154541015625 96.40042114257812 
336
3 2280.2119140625 713.3673095703125 2558.86767578125 1030.2432861328125 
3 621.40478515625 48.74462890625 646.6531372070312 95.45672607421875 
337
3 2289.63330078125 757.0963745117188 2559.09326171875 1035.1341552734375 
3 630.1593017578125 47.09788513183594 658.9620971679688 92.87615966796875 
338
3 2295.303955078125 803.9627685546875 2558.9912109375 1040.240234375 
3 639.53466796875 44.00257110595703 665.3331298828125 90.7216567993164 
339
3 1664.18798828125 0.1919403076171875 1694.888671875 53.675636291503906 
3 649.3198852539062 41.47949981689453 677.5193481445312 89.10565185546875 
3 2304.3984375 871.6307983398438 2558.8857421875 1045.9178466796875 
340
3 658.6716918945312 40.70268249511719 683.7232666015625 87.57681274414062 
341
3 666.0712280273438 38.92060852050781 693.178466796875 91.80992126464844 
3 2321.661376953125 905.5989379882812 2559.029052734375 1054.0001220703125 
342
3 1685.522705078125 0.0 1717.989501953125 54.627357482910156 
3 1390.060546875 0.40697479248046875 1416.9173583984375 74.90814208984375 
3 1554.385986328125 0.0 1583.77978515625 45.50860595703125 
343
3 1692.939697265625 0.0 1725.2481689453125 55.414710998535156 
344
345
346
3 1717.8858642578125 0.3041954040527344 1750.6656494140625 59.7548828125 
3 1586.1402587890625 0.0 1615.9893798828125 49.742950439453125 
3 1421.1002197265625 0.2642860412597656 1449.4375 75.28778839111328 
347
3 1729.2012939453125 0.06654739379882812 1759.550537109375 60.11176300048828 
348
349
3 1745.7359619140625 0.6837806701660156 1777.3560791015625 59.87300109863281 
3 1446.662353515625 0.7402763366699219 1473.0721435546875 75.83368682861328 
350
3 1749.508056640625 1.0844879150390625 1782.5975341796875 62.04838562011719 
351
3 1753.7132568359375 0.9415969848632812 1785.941650390625 61.99755096435547 
352
3 1756.64892578125 0.9040908813476562 1788.1612548828125 61.36656951904297 
3 1623.1507568359375 1.4092178344726562 1653.7318115234375 49.159149169921875 
353
3 1758.04248046875 0.3335113525390625 1789.29150390625 60.59501647949219 
354
3 1758.7642822265625 0.5607376098632812 1790.8541259765625 62.57319641113281 
3 1625.6712646484375 1.1674728393554688 1656.34423828125 48.42665100097656 
355
3 1762.10595703125 1.5952529907226562 1793.025634765625 61.987579345703125 
3 729.4996337890625 33.740089416503906 771.6967163085938 131.60157775878906 
356
3 1764.554931640625 2.456939697265625 1796.6695556640625 62.88957214355469 
3 1631.5740966796875 2.1102218627929688 1661.5809326171875 49.814422607421875 
357
3 1766.13427734375 2.5676803588867188 1800.72705078125 62.460960388183594 
358
3 1637.6785888671875 2.1606788635253906 1667.6856689453125 52.546653747558594 
3 1769.265869140625 2.157367706298828 1804.20458984375 62.19237518310547 
359
3 1772.123046875 1.506927490234375 1805.3211669921875 62.79338836669922 
3 1642.209228515625 1.5347137451171875 1672.2774658203125 52.42822265625 
360
3 1778.471435546875 1.2883110046386719 1809.0838623046875 62.97273254394531 
361
3 1780.797607421875 1.3187599182128906 1813.212646484375 62.860504150390625 
3 1481.202880859375 0.0 1507.4708251953125 77.99150085449219 
3 1648.2462158203125 0.8253021240234375 1678.6612548828125 51.81591796875 
362
3 1649.82470703125 0.0 1679.73876953125 53.24192810058594 
3 1783.17919921875 1.9878463745117188 1815.0804443359375 63.373565673828125 
363
3 1783.5272216796875 3.198822021484375 1817.2626953125 64.85153198242188 
3 1650.468994140625 0.0 1681.3558349609375 53.910606384277344 
3 1485.9266357421875 0.0 1509.1910400390625 77.16240692138672 
3 0.0 149.57650756835938 23.562114715576172 211.43048095703125 
364
3 1783.826904296875 3.432769775390625 1817.2232666015625 64.2957763671875 
3 1651.1611328125 0.6253089904785156 1681.1041259765625 53.459495544433594 
3 0.0 149.2572021484375 23.519067764282227 211.45248413085938 
3 1485.9627685546875 0.0 1510.0203857421875 77.53889465332031 
365
3 1783.5474853515625 2.1200294494628906 1817.1436767578125 63.06221008300781 
3 1651.416748046875 1.2946014404296875 1680.845703125 52.606788635253906 
3 0.0 149.4629669189453 23.733154296875 211.49130249023438 
3 1485.98193359375 0.0 1510.162841796875 77.05082702636719 
366
3 1783.52392578125 2.1062088012695312 1817.1534423828125 63.044837951660156 
3 1651.4041748046875 1.2836074829101562 1680.92138671875 52.64225769042969 
3 0.0 149.5372314453125 23.412439346313477 211.51638793945312 
3 1486.053955078125 0.0 1510.0673828125 77.07304382324219 
367
3 1783.4366455078125 1.8457412719726562 1817.0997314453125 62.588409423828125 
3 1651.0531005859375 1.0988502502441406 1681.0394287109375 52.013938903808594 
3 0.0 149.60357666015625 23.378070831298828 211.1959228515625 
3 1486.0511474609375 0.0 1510.5792236328125 76.80654907226562 
368
3 1784.8504638671875 2.072528839111328 1817.3985595703125 63.87238311767578 
3 1650.6668701171875 2.4079666137695312 1682.392333984375 52.20167541503906 
369
3 1653.9227294921875 1.4904327392578125 1683.12646484375 54.49336242675781 
3 1786.441650390625 1.9446792602539062 1818.9647216796875 63.699462890625 
370
3 1789.8011474609375 3.9873504638671875 1821.3121337890625 66.43995666503906 
371
372
373
3 1799.542236328125 8.620216369628906 1832.45703125 64.83866882324219 
374
3 1803.2821044921875 6.219638824462891 1836.8631591796875 66.64598846435547 
375
3 1811.2830810546875 5.777301788330078 1843.01220703125 68.0006332397461 
3 1677.25 2.5522537231445312 1708.253662109375 71.5538558959961 
3 1858.0888671875 0.4976043701171875 1875.345947265625 27.968284606933594 
376
3 1682.880615234375 0.6048431396484375 1713.65087890625 57.074424743652344 
3 1815.365966796875 8.378669738769531 1849.2391357421875 68.4769287109375 
3 1892.2987060546875 5.105442047119141 1913.333251953125 66.5083236694336 
377
3 1821.3695068359375 9.795036315917969 1853.085693359375 70.6013412475586 
3 1686.6837158203125 1.4930648803710938 1718.0836181640625 55.83667755126953 
378
3 1825.4898681640625 11.010978698730469 1855.8939208984375 72.24114227294922 
379
3 1828.4705810546875 9.08786392211914 1860.937744140625 70.76466369628906 
3 1600.621337890625 0.0 1623.348388671875 40.31103515625 
380
3 1831.5106201171875 10.35837173461914 1865.4627685546875 70.41434478759766 
381
3 1835.6097412109375 9.955280303955078 1868.3311767578125 70.84568786621094 
3 1602.823974609375 0.0 1625.22900390625 40.06358337402344 
382
3 1840.8101806640625 9.732234954833984 1872.8985595703125 70.85696411132812 
3 1838.238037109375 9.628421783447266 1871.861328125 70.89918518066406 
383
3 1843.53564453125 9.20550537109375 1876.954345703125 71.65959930419922 
3 1709.8521728515625 0.49036407470703125 1743.314453125 57.98503112792969 
384
3 1850.03271484375 10.415714263916016 1882.0538330078125 74.59738159179688 
3 1715.8389892578125 1.4425163269042969 1747.423828125 58.00050354003906 
3 1895.868896484375 1.7356414794921875 1912.5015869140625 31.403648376464844 
385
3 1856.147216796875 12.579963684082031 1886.84033203125 73.53828430175781 
3 1719.482666015625 4.2884063720703125 1750.5028076171875 58.916778564453125 
3 1551.973876953125 0.0 1577.591552734375 36.22200012207031 
386
3 1724.416748046875 5.151706695556641 1755.7384033203125 62.27735900878906 
387
3 1864.080078125 11.99188232421875 1896.584228515625 73.8022232055664 
3 848.3594360351562 16.878665924072266 872.6705322265625 66.55181884765625 
3 1730.862060546875 3.0586929321289062 1762.6763916015625 60.39093780517578 
388
3 1875.251708984375 13.719894409179688 1904.453125 74.69482421875 
3 1736.2412109375 9.755939483642578 1768.8995361328125 63.28639221191406 
3 854.5840454101562 16.174606323242188 882.130126953125 86.53231811523438 
3 1621.072021484375 0.0 1651.9046630859375 39.867210388183594 
389
3 1878.1534423828125 15.670890808105469 1912.8599853515625 78.30177307128906 
3 1628.0089111328125 0.0 1657.5838623046875 39.19453430175781 
390
3 1886.4188232421875 18.95624542236328 1919.1544189453125 78.19729614257812 
3 1752.1488037109375 8.503372192382812 1783.5767822265625 62.50117492675781 
3 868.8710327148438 15.822311401367188 891.967529296875 63.18626403808594 
3 1634.33154296875 0.0 1664.5068359375 40.873077392578125 
3 1929.6519775390625 7.786571502685547 1947.894287109375 56.003692626953125 
391
3 1757.7320556640625 8.567363739013672 1788.5355224609375 67.45439910888672 
3 1893.6602783203125 17.21136474609375 1923.907958984375 75.75057220458984 
3 874.834716796875 13.696121215820312 898.99462890625 59.50288391113281 
392
3 1763.613525390625 9.739818572998047 1795.4100341796875 63.80513000488281 
3 881.6563110351562 13.208770751953125 904.290283203125 67.23516845703125 
393
3 1768.7877197265625 10.632392883300781 1801.343994140625 65.23131561279297 
3 1907.6170654296875 17.72223663330078 1936.275146484375 80.73369598388672 
3 1601.0203857421875 0.0 1629.080810546875 41.7003173828125 
3 1646.5911865234375 0.0 1671.1341552734375 43.04658508300781 
3 887.201416015625 12.164512634277344 912.1074829101562 60.32072448730469 
394
3 1910.449951171875 18.76654815673828 1942.2313232421875 83.02838897705078 
3 1773.7139892578125 8.578849792480469 1804.929931640625 66.04515075683594 
3 889.1240234375 10.829307556152344 917.85986328125 73.00303649902344 
3 1605.511474609375 0.0 1633.1104736328125 42.01317596435547 
395
3 1779.2666015625 8.26517105102539 1812.0540771484375 66.24349975585938 
3 1913.8143310546875 23.35797119140625 1946.5660400390625 85.17185974121094 
396
3 1784.5322265625 11.070877075195312 1816.520263671875 61.367767333984375 
3 1616.345703125 0.0 1640.9212646484375 41.370628356933594 
397
3 1924.837158203125 20.57241439819336 1955.7049560546875 82.07392883300781 
3 1788.374755859375 11.073837280273438 1819.7777099609375 64.15867614746094 
398
3 1794.5345458984375 10.617904663085938 1824.77783203125 68.91944885253906 
3 1927.3970947265625 20.78687286376953 1960.5301513671875 82.7537612915039 
399
3 1798.7431640625 11.861621856689453 1830.623779296875 70.31744384765625 
3 2007.6470947265625 22.965381622314453 2032.133056640625 92.53109741210938 
3 1933.072509765625 23.541404724121094 1965.513916015625 87.72399139404297 
3 1936.71337890625 22.879364013671875 1965.9462890625 87.45215606689453 
400
3 1937.796142578125 22.693115234375 1971.1712646484375 90.2087631225586 
3 1802.5255126953125 11.986865997314453 1834.687255859375 66.99822998046875 
3 1632.93798828125 0.0 1659.7125244140625 43.84087371826172 
3 918.9296264648438 10.967422485351562 941.92236328125 58.162879943847656 
401
3 925.3784790039062 9.29922866821289 948.7186889648438 57.71014404296875 
3 1809.95263671875 11.435791015625 1841.6016845703125 64.79183197021484 
3 1940.0316162109375 23.476078033447266 1976.3094482421875 85.99634552001953 
402
3 1946.9974365234375 23.570968627929688 1981.110595703125 87.14974212646484 
3 1814.8538818359375 11.937366485595703 1846.323486328125 68.57223510742188 
3 1643.94873046875 0.0 1672.1656494140625 44.62171936035156 
3 929.8322143554688 9.566818237304688 954.9669189453125 54.78380584716797 
403
3 1952.3026123046875 24.259143829345703 1984.7061767578125 89.03846740722656 
3 1817.8863525390625 12.659393310546875 1851.2550048828125 70.50999450683594 
3 1648.234375 0.0 1673.0546875 43.91119384765625 
404
3 1823.25537109375 13.916229248046875 1855.305908203125 71.43762969970703 
3 1957.1578369140625 24.164413452148438 1990.873291015625 92.58311462402344 
3 938.4207763671875 10.31760025024414 965.1820068359375 69.63672637939453 
405
3 1825.861572265625 12.748924255371094 1858.1927490234375 71.01053619384766 
3 2036.0518798828125 27.55875015258789 2060.69140625 94.11906433105469 
3 941.5359497070312 10.528942108154297 969.1309814453125 74.37076568603516 
3 1962.5928955078125 25.86966323852539 1995.438720703125 90.90582275390625 
3 1967.6424560546875 26.36941146850586 1995.2110595703125 90.03834533691406 
3 1680.97607421875 0.37383270263671875 1715.8016357421875 46.85456085205078 
3 1653.628662109375 0.34832763671875 1684.2728271484375 46.046485900878906 
406
3 1830.700439453125 15.906352996826172 1862.3736572265625 71.86972045898438 
3 1969.4501953125 26.904407501220703 1997.6329345703125 86.96900939941406 
3 944.106201171875 9.228591918945312 970.011474609375 55.249908447265625 
407
3 1831.4764404296875 16.34716033935547 1864.4356689453125 71.33905029296875 
408
3 1967.8724365234375 25.597564697265625 2002.566650390625 89.69357299804688 
409
3 1968.6644287109375 26.30768585205078 2004.5380859375 89.0177993774414 
3 1834.9652099609375 16.038650512695312 1867.2772216796875 69.49171447753906 
410
3 1970.622314453125 26.972015380859375 2005.155517578125 90.38150024414062 
3 1837.8216552734375 14.008277893066406 1869.7342529296875 72.51264190673828 
3 953.8494873046875 7.345088958740234 979.1448974609375 54.645713806152344 
411
3 1972.1143798828125 27.851764678955078 2008.2376708984375 91.08718872070312 
3 956.7643432617188 8.298587799072266 979.396728515625 56.34602355957031 
3 1839.2840576171875 15.77121353149414 1869.744384765625 71.8832778930664 
412
3 1974.296142578125 26.814434051513672 2008.9300537109375 90.25487518310547 
3 958.0256958007812 8.030876159667969 981.6505737304688 54.67665100097656 
3 1843.111328125 14.340751647949219 1873.36865234375 70.90263366699219 
413
3 1977.0198974609375 27.623245239257812 2011.7672119140625 93.87576293945312 
3 1844.4068603515625 15.735885620117188 1875.451416015625 70.81004333496094 
3 960.4610595703125 8.175605773925781 983.4942016601562 53.17359924316406 
414
3 1982.26318359375 26.579105377197266 2014.2138671875 93.77444458007812 
3 1847.5711669921875 14.796669006347656 1877.9669189453125 74.78665924072266 
3 964.187744140625 7.641563415527344 987.2654418945312 53.437835693359375 
415
3 1981.68359375 27.15194320678711 2016.9786376953125 96.04841613769531 
3 965.1731567382812 7.098621368408203 988.7442626953125 55.850242614746094 
3 1847.73974609375 14.926959991455078 1879.8692626953125 75.53999328613281 
416
3 1981.44873046875 26.332420349121094 2016.713134765625 92.08552551269531 
3 1684.2322998046875 0.0 1716.62060546875 46.936622619628906 
417
3 1984.1798095703125 27.330612182617188 2018.21240234375 94.32144165039062 
3 1681.14990234375 0.0 1717.64599609375 89.38162994384766 
3 968.5878295898438 7.804023742675781 992.114501953125 52.293792724609375 
418
3 1985.651611328125 27.91918182373047 2018.8271484375 95.97486877441406 
3 1681.46728515625 0.0 1718.20263671875 84.74464416503906 
3 969.7918090820312 9.086040496826172 992.5321044921875 50.89490509033203 
419
3 1985.3692626953125 27.766014099121094 2018.93994140625 96.11085510253906 
3 969.8927612304688 8.56500244140625 992.2440795898438 51.51100158691406 
420
3 1985.660888671875 28.18004608154297 2019.17431640625 95.22511291503906 
3 969.7020263671875 8.784194946289062 993.0346069335938 51.606101989746094 
421
3 1985.5931396484375 28.111495971679688 2019.2010498046875 95.48612976074219 
3 970.044677734375 8.479488372802734 993.3440551757812 52.43013000488281 
422
3 1985.5882568359375 28.112518310546875 2019.2047119140625 95.48747253417969 
3 970.1021728515625 8.82326889038086 993.3021850585938 52.74254608154297 
423
3 1985.697998046875 28.122161865234375 2019.2972412109375 95.0408935546875 
3 969.9026489257812 8.981292724609375 993.3220825195312 52.745033264160156 
424
3 1985.6796875 28.042648315429688 2019.2774658203125 95.10797119140625 
3 969.8851318359375 9.201129913330078 993.3132934570312 52.751739501953125 
425
3 1985.7586669921875 28.710182189941406 2019.43701171875 94.73072814941406 
3 970.1587524414062 9.220657348632812 994.0814819335938 53.83618927001953 
426
3 1986.3306884765625 29.68122100830078 2020.03369140625 93.34907531738281 
3 970.567626953125 7.5719757080078125 995.5142822265625 54.49884033203125 
427
3 970.743896484375 7.137809753417969 995.9843139648438 57.01475524902344 
428
3 971.5136108398438 7.308361053466797 998.6734008789062 54.79437255859375 
3 1986.6724853515625 32.27760314941406 2020.3052978515625 90.15787506103516 
429
3 1986.833740234375 29.296371459960938 2021.2427978515625 90.57611846923828 
3 972.0062255859375 8.656097412109375 998.08056640625 51.42726135253906 
430
3 1987.0714111328125 28.25720977783203 2021.4681396484375 91.23998260498047 
3 972.24951171875 8.748222351074219 997.69482421875 51.345970153808594 
431
3 971.4163818359375 6.56634521484375 993.7001953125 55.108253479003906 
3 1986.27587890625 28.59478759765625 2020.9034423828125 91.44833374023438 
432
3 969.6964721679688 6.986900329589844 993.1461791992188 54.71775817871094 
3 1985.318603515625 27.37281036376953 2020.6136474609375 93.03755187988281 
433
3 1985.5784912109375 27.546123504638672 2018.48828125 97.16937255859375 
3 968.3309326171875 8.796607971191406 991.3856201171875 51.27385711669922 
434
3 1980.19970703125 27.067298889160156 2015.2662353515625 91.54815673828125 
435
3 1978.99462890625 26.106422424316406 2014.0167236328125 90.97976684570312 
3 1847.2396240234375 13.56439208984375 1880.45703125 70.04057312011719 
436
3 1975.328125 26.977252960205078 2010.9224853515625 90.66033172607422 
3 952.778564453125 3.1773681640625 984.9662475585938 75.21315002441406 
3 1843.1993408203125 15.747634887695312 1874.4002685546875 68.62006378173828 
437
3 1972.2333984375 26.755001068115234 2008.6744384765625 88.88992309570312 
3 949.9885864257812 4.613979339599609 980.730224609375 56.50444030761719 
3 1837.8543701171875 15.699405670166016 1871.13818359375 70.21556854248047 
438
3 1969.2137451171875 24.58843994140625 2005.542236328125 86.7340316772461 
3 1836.87158203125 15.205535888671875 1868.5438232421875 67.96307373046875 
439
3 1968.71484375 24.336570739746094 2001.976318359375 87.19596862792969 
3 1834.231689453125 13.864334106445312 1868.0511474609375 68.83116912841797 
440
3 1964.3797607421875 23.14411163330078 1998.0330810546875 90.41874694824219 
3 1831.8179931640625 11.536277770996094 1863.5714111328125 70.57392120361328 
3 1667.793212890625 0.0 1697.0172119140625 80.62552642822266 
441
3 1961.9305419921875 22.522842407226562 1996.5987548828125 86.97723388671875 
3 1829.5902099609375 12.470741271972656 1860.5030517578125 68.76052856445312 
3 938.5428466796875 5.3522186279296875 969.5131225585938 69.83843231201172 
3 2006.4453125 17.81676483154297 2021.74169921875 55.40226745605469 
442
3 1825.6549072265625 11.137786865234375 1858.8289794921875 69.81080627441406 
3 1961.317138671875 22.11202621459961 1995.2532958984375 88.890625 
3 2034.2166748046875 25.88574981689453 2061.688232421875 92.92756652832031 
443
3 1956.62451171875 22.11835479736328 1994.302001953125 86.61237335205078 
3 1825.211669921875 10.233257293701172 1859.1053466796875 69.52783203125 
444
3 1825.5128173828125 10.239337921142578 1857.749755859375 67.42635345458984 
3 1955.781982421875 22.014244079589844 1993.1260986328125 85.84296417236328 
445
3 1825.4658203125 10.124771118164062 1857.9627685546875 67.48420715332031 
3 1955.940185546875 22.432411193847656 1993.4571533203125 85.77413940429688 
446
3 1825.9561767578125 10.28036880493164 1859.1058349609375 70.05964660644531 
3 1959.7391357421875 22.432498931884766 1994.69970703125 87.78038024902344 
447
3 1827.301025390625 11.374713897705078 1859.97802734375 69.30963134765625 
3 938.1376342773438 6.559200286865234 969.777587890625 73.95133972167969 
448
3 1961.4296875 22.88747787475586 1997.523681640625 86.95838165283203 
3 1829.37646484375 10.626899719238281 1862.0067138671875 68.69818115234375 
3 940.7706909179688 5.349666595458984 969.78125 55.62184143066406 
449
3 1961.60595703125 22.480667114257812 1997.5218505859375 86.54348754882812 
3 1829.612060546875 10.68161392211914 1863.0650634765625 69.02277374267578 
3 940.7977294921875 4.749416351318359 969.5517578125 54.107643127441406 
450
3 1961.7855224609375 24.383636474609375 1997.1611328125 86.06163787841797 
3 1829.1649169921875 10.664730072021484 1862.774658203125 69.06637573242188 
451
3 1827.3446044921875 10.856182098388672 1860.648681640625 68.43388366699219 
3 938.5654907226562 4.308403015136719 967.9747924804688 73.32218933105469 
3 1962.06689453125 21.556854248046875 1996.911865234375 85.32291412353516 
452
3 1826.6126708984375 10.504390716552734 1857.6595458984375 68.57184600830078 
453
3 1825.899658203125 10.765033721923828 1858.445556640625 69.10993957519531 
3 940.6289672851562 5.212959289550781 964.375244140625 54.75996398925781 
454
3 936.9893798828125 4.99688720703125 965.597412109375 75.45256805419922 
3 1824.7449951171875 9.750404357910156 1855.247802734375 68.13080596923828 
3 1957.461181640625 18.0994873046875 1991.7586669921875 87.6485595703125 
455
3 1822.5262451171875 13.548683166503906 1852.583984375 69.67088317871094 
3 939.0422973632812 6.025806427001953 961.0377807617188 54.6292724609375 
456
3 1817.880615234375 11.193534851074219 1850.6162109375 66.91000366210938 
3 1950.5003662109375 22.169158935546875 1985.924072265625 88.60215759277344 
457
3 1947.520263671875 20.419994354248047 1982.8060302734375 89.57499694824219 
3 1815.3079833984375 10.508342742919922 1848.470703125 66.85164642333984 
3 918.4452514648438 9.571578979492188 954.5653076171875 99.45819091796875 
458
3 1942.976318359375 21.095046997070312 1979.0152587890625 89.62158966064453 
3 1810.560791015625 10.149822235107422 1844.1810302734375 66.05193328857422 
459
3 1937.540771484375 20.376121520996094 1974.0107421875 87.4157485961914 
3 922.2345581054688 9.071762084960938 948.0752563476562 73.64476013183594 
3 1806.3341064453125 12.113815307617188 1836.0234375 68.67708587646484 
3 1645.839111328125 0.0 1672.45068359375 41.08556365966797 
3 1983.18798828125 19.265625 2001.1536865234375 64.4754638671875 
460
3 1800.905517578125 8.464675903320312 1834.9190673828125 66.28309631347656 
3 1933.339111328125 19.895389556884766 1967.670654296875 83.39435577392578 
3 918.1201171875 9.714229583740234 941.553955078125 56.35945129394531 
461
3 1930.2891845703125 18.371234893798828 1964.587158203125 80.74650573730469 
3 1796.83349609375 8.184272766113281 1830.5146484375 66.85076904296875 
3 912.7639770507812 9.858779907226562 937.3040161132812 56.77769470214844 
462
3 1794.3125 6.3050994873046875 1826.6981201171875 65.18309783935547 
3 910.2743530273438 9.324440002441406 936.1709594726562 57.43629455566406 
3 1926.7313232421875 18.99322509765625 1961.2491455078125 80.45140075683594 
463
3 1926.775390625 16.288455963134766 1958.724365234375 83.00848388671875 
3 906.4647827148438 7.404994964599609 933.5121459960938 72.65863037109375 
3 1790.7305908203125 11.284549713134766 1822.10888671875 63.87876892089844 
464
3 1926.3724365234375 16.140090942382812 1956.6153564453125 80.15267944335938 
3 1786.3790283203125 7.109161376953125 1821.0992431640625 65.86078643798828 
3 906.950927734375 9.421607971191406 931.28759765625 55.29795837402344 
465
3 1922.5252685546875 13.342727661132812 1955.565673828125 83.67033386230469 
3 905.2662353515625 8.030628204345703 928.536865234375 56.879554748535156 
3 1785.38525390625 9.710601806640625 1819.9881591796875 62.914031982421875 
466
3 1920.5557861328125 13.57110595703125 1954.93798828125 85.51004028320312 
3 1785.7322998046875 7.462375640869141 1818.152587890625 63.17253112792969 
3 1623.8067626953125 2.1406593322753906 1656.7696533203125 84.39742279052734 
467
3 1920.5181884765625 15.971565246582031 1953.715087890625 83.55290985107422 
3 1785.7537841796875 6.813453674316406 1818.1748046875 63.80097198486328 
3 1963.020751953125 13.11776351928711 1982.1875 62.27671813964844 
3 902.4945678710938 10.170761108398438 927.3848266601562 57.76561737060547 
468
3 1784.77880859375 7.392482757568359 1818.6815185546875 64.65401458740234 
3 1919.0985107421875 13.701560974121094 1953.2213134765625 81.55979919433594 
3 902.5813598632812 9.506053924560547 926.7404174804688 55.614471435546875 
469
3 1783.2515869140625 9.887569427490234 1816.7696533203125 65.1353759765625 
3 1916.8255615234375 13.736503601074219 1951.5350341796875 81.51138305664062 
3 899.7283325195312 7.739589691162109 924.6083984375 71.04896545410156 
470
3 1783.29736328125 8.029396057128906 1815.939453125 64.74485778808594 
3 1916.4586181640625 13.915847778320312 1951.122314453125 81.63687896728516 
471
3 1915.326416015625 14.207748413085938 1950.8626708984375 83.54510498046875 
3 1783.395751953125 7.643760681152344 1815.4622802734375 63.75010681152344 
472
3 1783.178955078125 7.6003570556640625 1815.0665283203125 63.90478515625 
3 1915.4071044921875 14.677310943603516 1950.5804443359375 82.65811157226562 
3 893.4202270507812 8.344444274902344 922.7160034179688 76.45576477050781 
3 1960.3896484375 10.267017364501953 1980.210205078125 64.59439849853516 
473
3 1783.0701904296875 7.266914367675781 1815.21435546875 63.91602325439453 
3 1915.585693359375 15.861167907714844 1949.9910888671875 81.89134216308594 
474
3 1783.11083984375 6.933437347412109 1814.8212890625 64.55546569824219 
3 1915.5234375 16.311485290527344 1949.5853271484375 81.4644546508789 
475
3 1782.1063232421875 7.390129089355469 1814.1209716796875 65.02996826171875 
3 1915.33251953125 16.13467025756836 1948.9517822265625 80.8273696899414 
476
3 1781.437255859375 8.015632629394531 1813.401123046875 64.74226379394531 
3 1913.479736328125 15.349716186523438 1948.463134765625 79.4578857421875 
3 893.5906372070312 10.687610626220703 921.72412109375 72.29154205322266 
477
3 1780.1856689453125 8.270122528076172 1812.8626708984375 64.31961059570312 
3 890.4193115234375 9.647651672363281 921.291015625 75.47223663330078 
3 1912.212158203125 14.900382995605469 1948.076904296875 79.02131652832031 
478
3 888.1187744140625 9.573577880859375 920.3753662109375 77.16290283203125 
3 1912.13232421875 14.609317779541016 1947.0869140625 79.37950134277344 
3 1778.853271484375 6.860504150390625 1812.445068359375 63.924346923828125 
479
3 887.9564208984375 9.15395736694336 919.7195434570312 84.01066589355469 
3 1778.305419921875 6.262325286865234 1812.2396240234375 64.03083801269531 
3 1912.195068359375 14.408256530761719 1946.6422119140625 80.12650299072266 
