0
1
2
3
4
5
6
7
8
9
10
11
12
13
14
15
16
17
18
19
20
21
22
23
24
25
26
27
28
29
30
31
32
33
34
35
36
37
38
39
40
41
42
43
44
45
46
47
48
3 2081.74072265625 0.0 2155.05615234375 52.51752471923828 
49
3 2082.07080078125 0.0 2154.929443359375 53.949485778808594 
50
51
3 2097.6103515625 0.0 2155.04931640625 56.10319519042969 
52
53
54
55
56
57
58
3 2104.463623046875 0.35045623779296875 2152.948486328125 54.59132385253906 
59
60
3 2106.728759765625 0.4662628173828125 2155.84521484375 57.6231689453125 
61
3 2106.0791015625 0.5865097045898438 2155.36181640625 55.60051727294922 
62
3 2108.40966796875 0.4057769775390625 2156.800537109375 57.22355651855469 
63
64
65
66
3 2116.278076171875 4.407108306884766 2159.2001953125 57.12085723876953 
67
3 2119.1416015625 1.1735687255859375 2164.285888671875 56.713409423828125 
68
3 2120.121826171875 0.03369140625 2169.177490234375 60.478759765625 
69
3 2120.17529296875 0.03064727783203125 2170.092529296875 57.83103942871094 
70
3 2119.828857421875 0.4110870361328125 2163.978515625 54.95661163330078 
71
3 2120.568115234375 0.8600692749023438 2163.911865234375 57.4215087890625 
72
73
74
75
76
77
78
79
80
81
82
3 2126.53076171875 2.080951690673828 2189.241455078125 60.32049560546875 
83
3 2125.186767578125 3.2498016357421875 2184.20458984375 61.83403015136719 
84
3 2122.6279296875 1.8781242370605469 2177.164306640625 60.81727600097656 
85
3 2119.371337890625 1.6795196533203125 2170.6650390625 60.86155700683594 
86
87
88
89
90
91
92
3 2105.509765625 0.0 2152.788330078125 47.62138366699219 
93
3 2130.5888671875 0.9766731262207031 2172.1083984375 58.75396728515625 
94
95
96
97
98
99
100
3 2083.710205078125 0.0 2115.829833984375 52.787689208984375 
101
3 2079.83935546875 0.0 2110.6982421875 53.48236083984375 
102
103
104
105
106
107
108
109
110
111
112
113
114
115
116
117
3 2054.587158203125 2.820323944091797 2092.25390625 62.82073974609375 
118
119
3 2133.75537109375 14.929328918457031 2184.25146484375 113.52816772460938 
120
121
3 2139.016845703125 9.310379028320312 2192.159423828125 113.78713989257812 
3 2067.66015625 0.0 2099.23828125 53.583763122558594 
122
3 2423.196044921875 408.6095886230469 2558.78662109375 546.5780029296875 
3 2067.288330078125 0.0 2098.190185546875 52.433013916015625 
123
3 2399.281494140625 398.6179504394531 2558.689208984375 524.41064453125 
124
3 2384.17724609375 383.99267578125 2558.431884765625 510.93658447265625 
3 2142.948974609375 9.176162719726562 2200.962890625 147.51380920410156 
125
3 2145.10205078125 13.537376403808594 2202.141357421875 148.31671142578125 
3 2370.369384765625 367.0217590332031 2559.0166015625 507.7327880859375 
126
3 2360.60302734375 155.4129180908203 2558.8056640625 512.0313110351562 
3 2065.802978515625 0.050933837890625 2099.180419921875 53.651451110839844 
3 2149.014404296875 15.1912841796875 2203.843505859375 115.25572204589844 
127
3 2351.364013671875 310.2952575683594 2559.125 510.782470703125 
3 2349.357177734375 147.3863067626953 2559.1953125 512.0347900390625 
128
3 2341.480224609375 157.318115234375 2558.771240234375 509.84112548828125 
3 2147.97412109375 14.779190063476562 2211.92333984375 150.5404052734375 
3 2066.60107421875 0.27054595947265625 2099.189697265625 55.96367645263672 
129
3 2337.64111328125 151.135986328125 2558.87939453125 508.3387451171875 
3 2149.7392578125 17.752166748046875 2192.40087890625 150.74014282226562 
3 2405.33642578125 147.92587280273438 2535.777099609375 298.08123779296875 
3 2068.197021484375 0.36187744140625 2100.0 57.989036560058594 
130
3 2337.842529296875 130.7233123779297 2558.748046875 507.037841796875 
131
3 2335.127685546875 134.2409210205078 2558.853759765625 519.8851928710938 
3 2152.68701171875 22.500778198242188 2195.14501953125 154.04368591308594 
132
3 2335.4541015625 129.60061645507812 2558.912353515625 539.1517333984375 
133
3 2336.513427734375 128.04315185546875 2558.811279296875 532.90234375 
3 2153.783935546875 30.690711975097656 2199.509521484375 154.3696746826172 
134
3 2338.310302734375 118.6827392578125 2558.920654296875 515.2925415039062 
3 2068.086669921875 1.5207901000976562 2102.759033203125 61.41118621826172 
135
3 2338.476806640625 86.084716796875 2558.90380859375 509.2789306640625 
136
3 2337.195068359375 0.1566162109375 2558.95263671875 512.4241333007812 
137
3 2336.573486328125 0.0 2558.86962890625 511.948486328125 
3 2066.84375 0.29428863525390625 2101.255615234375 57.032630920410156 
3 2090.652587890625 1.5997161865234375 2136.3623046875 59.9071044921875 
138
3 2313.767578125 0.0 2558.786865234375 510.36529541015625 
3 2067.10791015625 0.0 2102.134521484375 57.05024719238281 
3 2092.24658203125 0.7386589050292969 2136.249267578125 59.45112609863281 
139
3 2282.697021484375 0.0 2558.77490234375 509.2393798828125 
3 2067.264892578125 0.0 2102.172119140625 57.15483856201172 
140
3 2250.495849609375 0.16741943359375 2558.871826171875 512.142822265625 
3 2067.514892578125 0.21694564819335938 2101.32861328125 56.497535705566406 
141
3 2228.858642578125 0.887786865234375 2558.405029296875 509.070068359375 
3 2067.42431640625 0.49147796630859375 2100.22509765625 56.940025329589844 
142
3 2207.929443359375 0.8416748046875 2544.934326171875 506.9107666015625 
3 2067.375244140625 0.6296577453613281 2099.92626953125 57.77667236328125 
3 2090.114501953125 0.6031837463378906 2134.3212890625 60.343536376953125 
143
3 2196.5087890625 0.374176025390625 2528.15966796875 504.376220703125 
144
3 2187.3369140625 1.257720947265625 2512.434814453125 501.0147705078125 
145
3 2179.125244140625 0.0513916015625 2493.18505859375 495.0074462890625 
146
3 2190.33447265625 0.0 2473.806396484375 488.66558837890625 
147
3 2179.396728515625 0.0 2456.18994140625 480.46514892578125 
148
3 2180.13671875 0.0 2442.2392578125 473.4633483886719 
149
3 2168.88720703125 0.0 2422.7890625 451.1132507324219 
150
3 2174.358642578125 0.0 2408.472412109375 430.80633544921875 
151
3 2166.737060546875 0.0 2391.6904296875 412.21728515625 
152
3 2144.505859375 0.0 2382.908935546875 390.8819580078125 
153
3 2140.23681640625 0.0 2368.123046875 386.965087890625 
3 2048.15087890625 0.0783233642578125 2087.079345703125 57.700347900390625 
154
3 2109.25244140625 0.988372802734375 2362.77001953125 387.158447265625 
155
3 2081.38916015625 2.6139678955078125 2353.91259765625 384.2734069824219 
3 2049.80224609375 0.0 2084.791259765625 54.18190002441406 
156
3 2053.12939453125 1.6594390869140625 2340.438232421875 383.8056945800781 
157
3 2030.1767578125 0.283233642578125 2324.17041015625 382.9122314453125 
3 2045.2564697265625 0.0 2081.814208984375 49.336090087890625 
158
3 2005.023193359375 0.85894775390625 2307.622314453125 378.4679260253906 
159
3 1990.82568359375 0.310791015625 2289.634033203125 378.10894775390625 
160
3 1995.0682373046875 0.1584930419921875 2282.97265625 374.80047607421875 
161
2 1960.168701171875 0.0 2247.11865234375 372.197509765625 
162
2 1949.24853515625 0.487548828125 2227.171875 367.624755859375 
3 2229.46142578125 31.921226501464844 2275.7861328125 88.56806182861328 
163
2 1945.5667724609375 0.0 2207.1591796875 362.6139831542969 
3 2223.56640625 35.00999450683594 2272.434326171875 91.69599914550781 
164
2 1941.0572509765625 0.0 2187.167236328125 358.16455078125 
3 2227.43212890625 36.842384338378906 2269.994140625 91.03363800048828 
165
2 1935.1702880859375 0.0 2171.78173828125 351.1476135253906 
3 2226.0595703125 37.62110900878906 2266.224853515625 93.30348205566406 
166
2 1932.487548828125 0.0 2161.0615234375 337.77520751953125 
3 2230.634033203125 44.69084930419922 2264.93310546875 94.65837097167969 
167
2 1926.2738037109375 0.2483673095703125 2142.748291015625 325.83258056640625 
3 2228.25390625 45.918800354003906 2263.83984375 93.56996154785156 
168
2 1922.0196533203125 0.0 2130.669677734375 312.831787109375 
3 2226.879638671875 42.61351013183594 2263.29150390625 97.06340026855469 
169
2 1908.3350830078125 0.0 2121.872314453125 304.23779296875 
3 2233.236328125 41.42494201660156 2263.2705078125 96.02008056640625 
170
2 1907.087646484375 0.0 2104.505126953125 303.5283203125 
3 2212.74072265625 41.75651550292969 2262.85302734375 97.78950500488281 
171
2 1897.9488525390625 0.0 2103.41162109375 299.6860656738281 
172
2 1885.9100341796875 0.0422210693359375 2095.01708984375 299.2518615722656 
173
2 1881.432861328125 0.511077880859375 2082.44775390625 300.59100341796875 
174
2 1867.9830322265625 1.3650360107421875 2069.1953125 296.2865905761719 
175
2 1846.4093017578125 0.350250244140625 2058.818603515625 294.8871154785156 
176
2 1841.28466796875 0.0 2029.53564453125 291.94805908203125 
177
2 1826.3209228515625 0.0 2029.597412109375 287.5091857910156 
178
2 1809.615234375 0.4245758056640625 2016.4873046875 282.3992614746094 
179
2 1801.5 0.494873046875 2001.1826171875 278.9747619628906 
180
2 1789.80322265625 0.10711669921875 1960.653076171875 272.6549072265625 
3 1941.7022705078125 0.0881195068359375 1997.1734619140625 134.67129516601562 
181
3 1773.7191162109375 0.0 1968.630859375 266.5429992675781 
182
3 1760.933349609375 0.0 1952.9486083984375 260.59991455078125 
183
3 1751.4056396484375 0.0869140625 1935.5185546875 252.146240234375 
184
3 1740.2520751953125 0.5277175903320312 1918.28173828125 243.187744140625 
185
3 1725.924560546875 0.07315826416015625 1903.8240966796875 231.30072021484375 
186
3 1738.4771728515625 0.0 1884.36279296875 222.79434204101562 
187
3 1728.6409912109375 0.44609832763671875 1867.9879150390625 217.36984252929688 
188
3 1709.989013671875 0.0 1851.2188720703125 221.24118041992188 
189
3 1693.95654296875 0.26558685302734375 1830.76318359375 218.71942138671875 
190
3 1672.4599609375 0.5591812133789062 1817.9521484375 216.46273803710938 
191
3 1643.9835205078125 1.6886444091796875 1803.1175537109375 217.1826934814453 
192
3 1640.777099609375 1.7089080810546875 1791.40625 214.98155212402344 
193
3 1622.8251953125 1.9400863647460938 1772.28515625 214.614501953125 
3 1623.839111328125 0.894622802734375 1771.39599609375 214.99595642089844 
194
3 1606.1588134765625 0.595947265625 1756.0947265625 216.52597045898438 
195
3 1592.337646484375 2.08709716796875 1745.71533203125 215.1977081298828 
196
3 1584.2457275390625 0.0 1734.8978271484375 216.67208862304688 
3 519.8510131835938 0.0 553.081298828125 44.707984924316406 
197
3 1550.1107177734375 0.4849395751953125 1722.9508056640625 211.76345825195312 
3 513.435546875 0.0 544.0728759765625 49.465293884277344 
198
3 1520.326171875 0.45200347900390625 1712.313232421875 208.29461669921875 
199
3 1525.6658935546875 0.685089111328125 1704.440673828125 204.75436401367188 
3 1546.256591796875 0.0 1704.0289306640625 204.240234375 
200
3 1514.6849365234375 0.8876419067382812 1692.2508544921875 198.35128784179688 
3 1547.1376953125 0.0 1691.79052734375 197.88388061523438 
201
3 1539.740966796875 0.1745758056640625 1674.86572265625 188.39715576171875 
202
3 1535.2119140625 0.0 1656.646484375 179.97251892089844 
3 1506.199462890625 0.08127593994140625 1656.9088134765625 178.59561157226562 
203
3 1511.605712890625 0.0 1643.021240234375 180.75833129882812 
204
3 1524.5223388671875 0.0 1618.99951171875 177.10687255859375 
205
3 1518.0650634765625 0.0318756103515625 1609.6868896484375 176.8076934814453 
3 1488.316650390625 0.0 1612.134033203125 178.62368774414062 
206
3 1482.38427734375 0.0 1607.2816162109375 171.42083740234375 
207
3 1507.6893310546875 0.0 1595.6318359375 175.46449279785156 
3 1589.9560546875 1.0141487121582031 1618.7393798828125 62.17326354980469 
208
3 1493.7486572265625 0.0 1613.7838134765625 175.7919158935547 
209
3 1477.9776611328125 0.0 1609.340087890625 176.61053466796875 
210
3 1472.044189453125 0.0 1603.125732421875 176.04776000976562 
211
3 1463.67724609375 0.0 1601.0401611328125 176.4801483154297 
212
3 1459.6580810546875 0.0 1587.5592041015625 171.19338989257812 
213
3 1466.705810546875 0.0 1589.9122314453125 170.17575073242188 
214
3 1464.8658447265625 0.0 1585.5179443359375 166.6407470703125 
215
3 1466.39697265625 0.0 1584.2022705078125 166.2735595703125 
216
3 1472.2666015625 0.0 1577.8720703125 166.6727294921875 
217
3 1472.427001953125 0.0 1572.6650390625 161.98631286621094 
218
3 1472.1036376953125 0.0 1566.7265625 160.20468139648438 
219
3 1465.677001953125 0.0 1562.8033447265625 158.11068725585938 
220
3 1466.10009765625 0.0 1558.3851318359375 155.3265380859375 
221
3 1462.9150390625 0.0 1559.27294921875 153.6112060546875 
222
3 1458.799072265625 0.0 1561.504638671875 152.659423828125 
223
3 1461.9932861328125 0.0 1562.1927490234375 155.37225341796875 
224
3 1460.3558349609375 0.0 1571.60888671875 154.69265747070312 
225
3 1455.926025390625 0.0 1577.762939453125 153.44728088378906 
226
3 1457.3834228515625 0.0 1587.91259765625 150.7425079345703 
227
3 1445.4736328125 0.0 1586.259521484375 151.09503173828125 
3 2297.848876953125 38.97801971435547 2332.41845703125 131.54556274414062 
228
3 1446.14794921875 0.0 1596.586669921875 150.6129608154297 
3 2308.035400390625 42.46173858642578 2344.831298828125 134.00482177734375 
229
3 1461.0762939453125 0.0 1604.673095703125 150.84426879882812 
3 2318.962158203125 46.85359191894531 2358.662353515625 137.45645141601562 
230
3 1466.3271484375 0.0 1614.7060546875 150.07064819335938 
3 2330.5888671875 53.631919860839844 2373.08837890625 137.26730346679688 
231
3 1465.09716796875 0.0 1624.1884765625 147.7140350341797 
3 2339.01806640625 53.399383544921875 2382.046142578125 139.367919921875 
232
3 1484.344970703125 0.0 1628.4566650390625 146.98001098632812 
3 2348.423095703125 51.38390350341797 2395.3681640625 141.35621643066406 
233
3 1487.689453125 0.0 1637.7802734375 146.93194580078125 
3 2357.07861328125 57.282752990722656 2407.32421875 146.27281188964844 
234
3 1490.2510986328125 0.0 1637.37841796875 144.26077270507812 
3 2373.301025390625 59.901611328125 2425.614990234375 148.9989013671875 
235
3 1503.669189453125 0.0 1632.0570068359375 142.37762451171875 
3 2383.687744140625 66.07000732421875 2436.9052734375 150.8380126953125 
236
3 1514.7618408203125 0.0 1628.9720458984375 140.71006774902344 
3 2382.61767578125 58.58897399902344 2425.735595703125 152.42892456054688 
3 2412.4931640625 70.669677734375 2451.344482421875 144.23788452148438 
237
3 1527.2027587890625 0.0 1622.6776123046875 138.73007202148438 
3 2017.0279541015625 0.0 2053.38623046875 50.247406005859375 
238
3 1524.369873046875 0.0 1618.962646484375 138.31182861328125 
3 2409.827392578125 73.5499496459961 2451.577392578125 160.42198181152344 
3 2428.546630859375 84.50965881347656 2479.63525390625 164.20199584960938 
239
3 2435.7802734375 84.79063415527344 2494.035400390625 167.7600555419922 
3 2423.1396484375 76.74775695800781 2461.283203125 138.8492431640625 
240
241
3 2446.34521484375 85.50423431396484 2489.302490234375 168.88172912597656 
242
3 1552.75341796875 0.0 1652.0924072265625 141.66380310058594 
3 2460.48388671875 88.745361328125 2502.61962890625 174.34901428222656 
243
3 1547.2822265625 0.0 1669.736572265625 143.248779296875 
3 2472.18115234375 89.74666595458984 2517.90966796875 179.98558044433594 
244
3 1551.1380615234375 0.0 1678.9798583984375 147.3048858642578 
3 2486.279541015625 95.50692749023438 2532.06201171875 183.4237060546875 
245
3 1553.876708984375 0.0 1681.4176025390625 147.1771697998047 
3 2498.37841796875 98.28765869140625 2549.317138671875 186.24691772460938 
246
3 1566.0594482421875 0.0 1689.3260498046875 147.7969207763672 
3 2519.10009765625 105.72776794433594 2559.004150390625 188.33282470703125 
247
3 1573.037841796875 0.0 1691.6629638671875 145.890869140625 
248
3 1576.3255615234375 0.0 1699.7344970703125 147.97523498535156 
249
3 1590.4495849609375 0.0 1705.2401123046875 149.2352752685547 
250
3 1601.541259765625 0.0 1710.658203125 149.8957061767578 
251
3 1603.4735107421875 0.0 1712.0162353515625 147.2285919189453 
252
3 1600.8345947265625 0.0 1712.4527587890625 141.65325927734375 
3 1601.2384033203125 0.0 1693.6883544921875 68.48719787597656 
253
3 1620.7347412109375 0.0 1704.928466796875 122.76689147949219 
254
3 1622.461669921875 0.0 1699.0601806640625 125.8336181640625 
255
3 1618.7056884765625 0.0 1696.7178955078125 113.64031982421875 
3 2195.025634765625 25.94176483154297 2228.291015625 90.38970947265625 
256
3 1614.4698486328125 0.0 1696.1763916015625 127.80046081542969 
257
3 1611.1075439453125 0.0 1697.7271728515625 122.69670104980469 
258
3 1602.2845458984375 0.0 1692.931640625 123.02029418945312 
259
3 1588.9888916015625 0.0 1686.281982421875 130.68524169921875 
260
3 1573.3533935546875 0.0 1680.8428955078125 131.8195343017578 
261
3 1569.5816650390625 0.0 1674.1129150390625 133.40631103515625 
262
3 1557.1324462890625 0.0 1670.162353515625 129.58193969726562 
263
3 1546.1412353515625 0.0 1669.180419921875 130.58798217773438 
264
3 1540.3145751953125 0.0703125 1669.304931640625 126.70199584960938 
265
3 1531.569091796875 0.0 1669.52783203125 126.67230224609375 
266
3 1531.564453125 0.0 1668.1361083984375 126.06854248046875 
267
3 1530.5738525390625 0.0 1665.7027587890625 123.16096496582031 
268
3 1525.7646484375 0.0 1663.0916748046875 122.05741882324219 
269
3 1525.306884765625 0.0 1656.821533203125 119.763916015625 
270
3 1523.457763671875 0.0 1649.4697265625 119.29168701171875 
271
3 1520.8421630859375 0.0 1635.2137451171875 115.08268737792969 
272
3 1519.2301025390625 0.0 1613.526123046875 113.56338500976562 
273
3 1521.070556640625 0.0 1609.2017822265625 113.00949096679688 
274
3 1520.1646728515625 0.0 1598.3526611328125 110.70307922363281 
275
3 1511.1065673828125 0.0 1577.547607421875 108.4852294921875 
276
277
278
279
3 1472.0625 0.0 1571.8519287109375 109.93917846679688 
280
3 1457.5814208984375 0.0 1568.5860595703125 109.11766052246094 
281
3 1442.8065185546875 0.0 1566.0540771484375 110.95509338378906 
282
3 1422.1507568359375 0.0 1565.9442138671875 113.23202514648438 
283
3 1426.033935546875 0.0 1567.2518310546875 111.87864685058594 
284
3 1429.234130859375 0.0 1566.412109375 108.17161560058594 
285
3 1426.2490234375 0.0 1565.392822265625 107.64906311035156 
286
3 1424.5721435546875 0.0 1561.452880859375 107.444091796875 
287
3 1422.14990234375 0.0 1556.2178955078125 106.7930908203125 
288
3 1444.760986328125 0.0 1505.6461181640625 54.546600341796875 
289
290
291
3 1423.270751953125 0.0 1520.472412109375 108.85417175292969 
292
3 1423.484130859375 0.0 1511.798583984375 109.36770629882812 
293
3 1414.3367919921875 0.0 1493.2197265625 109.69735717773438 
294
3 1399.75830078125 0.0 1481.6358642578125 111.291748046875 
295
3 1389.1123046875 0.0 1472.2969970703125 110.04476928710938 
296
3 1379.4075927734375 0.0 1470.5404052734375 109.90388488769531 
297
3 1369.8179931640625 0.0 1470.803955078125 108.6268310546875 
298
3 1362.4359130859375 0.0 1471.75732421875 108.33369445800781 
299
3 1365.2689208984375 0.0 1474.5025634765625 103.89227294921875 
300
3 1355.646484375 0.0 1474.8038330078125 104.342529296875 
301
3 1345.9356689453125 0.0 1482.4783935546875 105.37054443359375 
302
3 1351.9832763671875 0.1129150390625 1484.81103515625 105.52328491210938 
303
3 1350.7203369140625 0.0 1485.21240234375 99.4176025390625 
304
3 1348.4620361328125 0.0 1489.7623291015625 102.75141906738281 
305
3 1346.1689453125 0.0 1493.4437255859375 106.46223449707031 
306
3 1345.280029296875 0.0 1486.345703125 106.37568664550781 
307
3 1351.9478759765625 0.0 1482.90966796875 105.81137084960938 
308
3 1359.2467041015625 0.0 1476.437744140625 105.81422424316406 
309
3 1365.561767578125 0.0 1438.765869140625 105.19038391113281 
310
3 1372.2012939453125 0.0 1461.307861328125 104.99639892578125 
311
312
313
314
315
3 1352.8558349609375 0.0 1432.7342529296875 103.20651245117188 
316
3 1332.128662109375 0.0 1435.5335693359375 101.28094482421875 
317
3 1327.93701171875 0.0 1438.41455078125 100.69013977050781 
318
3 1323.907470703125 0.0 1442.0037841796875 103.25900268554688 
319
3 1315.2528076171875 0.0 1445.7216796875 104.94438171386719 
320
321
3 1314.6597900390625 0.0 1455.6712646484375 106.7015380859375 
322
3 1317.023681640625 0.0 1460.637451171875 105.30551147460938 
323
3 1320.112060546875 0.0 1465.81640625 103.89988708496094 
324
325
3 1331.5269775390625 0.0 1465.2589111328125 101.69851684570312 
326
3 1336.0120849609375 0.0 1463.08544921875 105.60641479492188 
327
3 1339.7255859375 0.0 1459.592041015625 99.59877014160156 
328
3 1343.7474365234375 0.0 1451.8973388671875 100.74043273925781 
329
3 1347.592041015625 0.0 1446.0191650390625 99.87930297851562 
330
3 1349.2540283203125 0.18009567260742188 1446.2535400390625 99.74851989746094 
331
3 1344.43115234375 0.3946495056152344 1446.6107177734375 98.53971862792969 
332
3 1338.0625 0.0 1429.1236572265625 92.30572509765625 
333
3 1336.4549560546875 0.0 1431.395263671875 99.29833984375 
334
3 1333.4085693359375 0.0 1411.0289306640625 98.91622924804688 
335
3 1330.2545166015625 0.0 1411.3187255859375 98.79437255859375 
336
3 1326.29443359375 0.0 1418.093505859375 97.82893371582031 
337
3 1314.6995849609375 0.0 1421.182373046875 96.76321411132812 
338
3 1310.7662353515625 0.0 1429.2965087890625 97.91323852539062 
339
3 1299.7935791015625 0.0 1433.20751953125 99.51640319824219 
340
3 1301.443359375 0.0 1439.2142333984375 100.6258544921875 
341
3 1308.9951171875 0.0 1441.251708984375 99.54106140136719 
342
3 1303.8380126953125 0.0 1444.172607421875 97.43438720703125 
343
3 1307.430419921875 0.0 1446.6754150390625 97.49066162109375 
344
3 1311.6044921875 0.0 1446.54296875 97.87657165527344 
345
3 1320.050048828125 0.0 1445.1207275390625 98.264892578125 
346
347
348
349
350
351
352
353
354
355
356
357
3 1296.1417236328125 0.0 1393.7801513671875 96.17828369140625 
358
3 1291.8839111328125 0.0 1390.6676025390625 94.27169799804688 
359
360
361
362
3 1274.094482421875 0.0 1390.090576171875 101.58135986328125 
363
3 1270.3612060546875 0.0 1388.1683349609375 101.16189575195312 
364
3 1272.951904296875 0.0 1385.6387939453125 100.63482666015625 
365
366
367
3 1246.396728515625 0.0 1358.5750732421875 98.78475952148438 
368
369
370
371
372
373
374
3 1152.4815673828125 0.0 1226.944580078125 97.2596435546875 
375
3 1141.1248779296875 0.0 1216.5313720703125 109.5853271484375 
376
3 1112.7838134765625 0.0 1204.1429443359375 127.27682495117188 
377
3 1109.8671875 0.0 1192.82275390625 137.01058959960938 
378
3 1078.286865234375 0.0 1155.265625 129.1129913330078 
379
380
3 1044.6097412109375 0.0 1114.38330078125 135.04412841796875 
381
3 1014.0078735351562 0.0 1094.804931640625 137.66253662109375 
382
383
3 980.9292602539062 0.30442047119140625 1051.9859619140625 136.45758056640625 
384
3 953.166015625 0.0 1032.135498046875 141.67373657226562 
385
3 930.038818359375 0.0 1020.5773315429688 144.02857971191406 
386
387
3 885.8230590820312 0.0 974.8922119140625 150.2540283203125 
388
3 863.4832153320312 0.0522918701171875 962.7542114257812 152.9491729736328 
389
3 850.7686767578125 22.709381103515625 947.3522338867188 160.11756896972656 
390
3 830.9305419921875 0.0 910.6123657226562 158.4567413330078 
391
3 804.6224975585938 0.5912628173828125 889.697265625 160.92147827148438 
392
3 789.640625 0.0 910.9144287109375 172.4607696533203 
393
3 768.8632202148438 1.4788360595703125 857.3150634765625 165.5426788330078 
3 767.7993774414062 2.2251129150390625 899.4876098632812 169.80404663085938 
394
3 738.634765625 1.4158554077148438 891.107177734375 183.86080932617188 
395
3 725.0009765625 0.0 882.3462524414062 188.0380859375 
396
3 711.2847900390625 0.0 794.923583984375 189.69691467285156 
397
3 694.1043090820312 1.6777267456054688 843.523681640625 190.75917053222656 
398
3 676.8602905273438 0.297393798828125 755.7730712890625 188.164306640625 
3 712.572265625 89.59068298339844 851.3619384765625 195.38314819335938 
399
3 673.6363525390625 36.97560119628906 837.4974975585938 193.26678466796875 
400
401
402
3 633.7918090820312 39.43218231201172 802.2020263671875 199.81988525390625 
3 632.0638427734375 38.843475341796875 808.131591796875 231.98590087890625 
403
3 613.161376953125 35.227264404296875 814.809326171875 203.29222106933594 
404
3 603.1936645507812 39.848350524902344 796.6345825195312 203.96401977539062 
405
406
3 572.1471557617188 20.728416442871094 671.2921142578125 199.484375 
407
3 559.5812377929688 21.605926513671875 669.6963500976562 211.33621215820312 
408
3 565.2581176757812 53.546295166015625 798.1482543945312 237.67556762695312 
409
3 552.7745971679688 55.477699279785156 773.8856201171875 240.02188110351562 
410
411
412
413
3 500.8559265136719 51.913047790527344 572.9414672851562 251.878662109375 
414
3 481.30560302734375 58.04469299316406 564.1915283203125 254.75546264648438 
415
3 463.71575927734375 63.98883056640625 554.2605590820312 255.09274291992188 
416
3 476.82537841796875 65.87062072753906 550.56982421875 259.31182861328125 
417
3 474.4688415527344 66.00776672363281 549.8789672851562 253.47830200195312 
418
3 444.8523864746094 67.42185974121094 552.4303588867188 260.00653076171875 
3 444.86932373046875 66.9767837524414 672.0985107421875 260.13836669921875 
419
3 455.3681335449219 67.971923828125 531.7501831054688 206.56031799316406 
3 449.8346862792969 67.49575805664062 552.9872436523438 253.5836181640625 
420
3 452.14434814453125 65.50592803955078 524.5228271484375 213.90426635742188 
421
3 419.2865905761719 64.4268569946289 544.0834350585938 255.7528076171875 
3 418.0513916015625 64.3442611694336 524.730224609375 229.17938232421875 
422
3 414.1844482421875 64.94454956054688 544.3587646484375 256.4389343261719 
423
3 416.5775146484375 65.44642639160156 545.4729614257812 264.6248779296875 
424
3 419.0710754394531 68.5932388305664 546.5083618164062 264.9703369140625 
425
3 404.2323303222656 68.58684539794922 549.1119384765625 267.3507995605469 
426
3 399.2027893066406 69.52930450439453 552.754638671875 261.1649475097656 
3 2374.077392578125 199.5732879638672 2482.90576171875 292.52294921875 
427
3 385.9501953125 69.89083862304688 556.1778564453125 265.477294921875 
428
3 393.5511779785156 69.8437728881836 555.5805053710938 266.52294921875 
429
3 393.9309387207031 71.5447998046875 557.1323852539062 263.8729248046875 
430
3 385.8818359375 72.09617614746094 560.961181640625 267.9830627441406 
431
3 384.5169677734375 72.55463409423828 550.7960205078125 269.54827880859375 
3 383.2434387207031 73.55223846435547 521.648681640625 268.70452880859375 
432
3 393.34088134765625 74.4609375 496.4294128417969 208.10610961914062 
433
3 374.0236511230469 74.50769805908203 536.9984741210938 267.99139404296875 
3 375.2470397949219 73.80708312988281 478.8238830566406 212.81903076171875 
434
3 374.1611328125 74.0384292602539 526.0517578125 268.59942626953125 
435
3 386.6815185546875 72.52913665771484 501.755126953125 261.3111572265625 
436
3 386.38861083984375 73.0675048828125 471.3865051269531 236.36566162109375 
437
3 372.7375183105469 73.05671691894531 471.7076416015625 235.7086181640625 
438
3 364.1908874511719 70.6964111328125 486.25128173828125 255.34658813476562 
439
3 363.0740966796875 70.58403015136719 479.5555114746094 261.9418029785156 
440
3 358.0592041015625 69.96428680419922 490.8090515136719 266.271728515625 
441
3 368.04791259765625 69.91703033447266 483.3109130859375 266.3992614746094 
442
3 358.976318359375 69.81526947021484 482.2152099609375 263.2958984375 
3 2067.919189453125 0.10368728637695312 2101.458251953125 55.89875793457031 
443
3 361.3489685058594 69.22798919677734 480.87579345703125 264.48388671875 
444
3 344.8101806640625 67.89623260498047 485.4870910644531 270.98175048828125 
3 2069.7392578125 0.0 2101.419921875 51.38713073730469 
445
3 354.89727783203125 67.94670104980469 487.8137512207031 265.7728576660156 
446
3 351.7749938964844 68.99508666992188 478.6785888671875 267.6815185546875 
3 2069.957275390625 0.0 2101.92626953125 50.12615203857422 
447
3 347.0589599609375 71.46656036376953 477.00689697265625 266.1422119140625 
3 2069.18701171875 0.0 2101.341796875 51.70697021484375 
448
3 341.27850341796875 73.66771697998047 482.2734375 271.871337890625 
3 2068.755126953125 0.22071456909179688 2101.1337890625 54.43318176269531 
449
3 337.50311279296875 77.90093994140625 469.0775146484375 275.24566650390625 
450
3 325.1607666015625 79.62107849121094 458.2718811035156 276.44403076171875 
451
3 321.0920104980469 82.91059875488281 454.564697265625 276.7877502441406 
452
3 333.2257080078125 85.49922180175781 453.9964599609375 281.54296875 
3 2066.81884765625 1.2356224060058594 2099.928466796875 59.915748596191406 
453
3 2065.311767578125 2.5497589111328125 2099.999267578125 61.93231201171875 
454
3 310.9012145996094 90.55426025390625 418.4046630859375 280.6290283203125 
455
3 327.3276062011719 95.23138427734375 428.11871337890625 287.0025634765625 
456
3 324.61895751953125 96.3848876953125 423.5350646972656 287.02001953125 
457
3 305.2707214355469 97.19961547851562 420.8677062988281 287.4247741699219 
458
3 304.1496887207031 99.32843017578125 409.3593444824219 276.3809509277344 
459
3 298.7785949707031 101.47683715820312 419.7213134765625 290.9649658203125 
3 298.46649169921875 101.03498840332031 404.78173828125 249.72564697265625 
460
3 296.5526123046875 101.79208374023438 419.19805908203125 292.83782958984375 
461
3 303.91070556640625 102.43240356445312 417.054443359375 294.84979248046875 
462
3 291.1068115234375 102.34071350097656 414.0514831542969 296.14129638671875 
463
3 295.51513671875 102.14114379882812 411.3075866699219 293.20831298828125 
464
3 296.76812744140625 98.48147583007812 413.4248046875 294.3053283691406 
465
3 292.0781555175781 98.48275756835938 410.27996826171875 291.7284240722656 
466
3 284.00958251953125 98.14080810546875 411.78277587890625 290.0399475097656 
467
3 286.1155090332031 97.43951416015625 409.4585266113281 287.87408447265625 
468
3 282.30145263671875 97.74649047851562 409.26678466796875 290.301025390625 
469
3 279.23638916015625 97.81402587890625 408.2764587402344 290.134521484375 
470
3 273.6646728515625 97.26072692871094 405.3003234863281 291.06011962890625 
471
3 265.6518859863281 97.31880187988281 404.78900146484375 293.159912109375 
472
3 263.9115905761719 98.44674682617188 403.87335205078125 290.9276123046875 
473
3 259.35546875 98.82844543457031 402.3882751464844 289.05841064453125 
474
3 252.26846313476562 98.86773681640625 400.0574951171875 291.6551208496094 
475
3 246.42538452148438 98.98152160644531 398.3768310546875 288.9968566894531 
476
3 242.4024200439453 101.37203979492188 397.1987609863281 291.6749572753906 
477
3 235.9205322265625 100.841552734375 395.412841796875 293.33160400390625 
478
3 234.39541625976562 102.69461059570312 392.9581298828125 293.75469970703125 
479
3 230.59597778320312 104.88948059082031 391.27593994140625 299.18902587890625 
480
3 226.81190490722656 105.08056640625 388.1593017578125 296.6541442871094 
481
3 221.50022888183594 107.61700439453125 381.9498291015625 297.07501220703125 
482
3 219.96827697753906 108.49488830566406 380.8360595703125 300.09100341796875 
3 218.94671630859375 109.53544616699219 380.38397216796875 299.78167724609375 
483
3 215.20108032226562 111.67807006835938 374.8460693359375 299.02435302734375 
484
3 211.495849609375 112.81915283203125 371.7093200683594 303.64263916015625 
485
3 206.37322998046875 114.44497680664062 363.2076416015625 301.38079833984375 
486
3 202.42991638183594 114.32373046875 358.5041198730469 303.7770080566406 
487
3 203.1653594970703 117.1451416015625 321.72210693359375 240.588134765625 
488
3 200.2557373046875 118.53541564941406 351.72113037109375 309.1994934082031 
489
3 198.5186767578125 118.48419189453125 347.2646484375 310.77490234375 
490
3 195.28012084960938 118.05685424804688 339.055419921875 309.4852600097656 
491
3 188.13697814941406 117.80001831054688 334.201171875 310.1338195800781 
492
3 180.46031188964844 115.647705078125 331.3931884765625 309.1837463378906 
493
3 177.8251953125 111.79373168945312 326.0473327636719 303.138427734375 
494
3 178.05975341796875 110.23602294921875 325.5270080566406 303.3451232910156 
495
3 177.67694091796875 111.42903137207031 324.9510803222656 308.0021057128906 
496
3 179.17469787597656 108.50477600097656 321.95526123046875 306.49420166015625 
497
3 176.84527587890625 103.21710205078125 322.393310546875 304.56671142578125 
498
3 175.52719116210938 100.45379638671875 321.4864501953125 302.0518798828125 
499
3 180.31369018554688 104.85342407226562 322.2044677734375 305.0998229980469 
500
3 178.95639038085938 109.89584350585938 325.84381103515625 308.8437194824219 
3 179.8023681640625 110.19149780273438 326.224853515625 308.297607421875 
501
3 178.3139190673828 110.5316162109375 320.6298522949219 311.13739013671875 
502
3 174.08631896972656 109.36276245117188 319.94378662109375 310.60968017578125 
503
3 178.40663146972656 113.63584899902344 320.629150390625 312.4525146484375 
504
3 180.62832641601562 113.70794677734375 319.67291259765625 313.39080810546875 
505
3 175.32528686523438 113.64422607421875 319.9276123046875 316.01666259765625 
506
3 179.00723266601562 113.9923095703125 319.9410705566406 315.546875 
507
3 180.9961700439453 113.42210388183594 321.65789794921875 315.03466796875 
508
3 181.65594482421875 113.62063598632812 322.6227111816406 313.7372741699219 
509
3 181.12911987304688 113.94839477539062 326.217529296875 314.8284912109375 
510
3 186.07208251953125 112.07188415527344 331.72662353515625 318.2501220703125 
511
3 194.4056396484375 110.5811767578125 336.26220703125 311.9310302734375 
512
3 202.708984375 109.24906921386719 341.3731689453125 313.1721496582031 
513
3 208.78201293945312 105.48928833007812 348.19732666015625 313.64080810546875 
514
3 211.25662231445312 101.1962890625 351.4249572753906 307.2502746582031 
515
3 219.11721801757812 99.01692199707031 358.7063293457031 305.5425720214844 
516
3 224.9987335205078 101.00955200195312 366.7099914550781 308.3597412109375 
517
3 235.41705322265625 97.37445068359375 374.3496398925781 302.07061767578125 
518
3 241.4304656982422 94.41748046875 383.65643310546875 300.41986083984375 
519
3 250.74203491210938 90.13157653808594 395.3005676269531 295.18328857421875 
520
3 266.59759521484375 90.08776092529297 408.0354309082031 293.1858215332031 
521
3 276.256103515625 86.07798767089844 421.06134033203125 289.7809143066406 
522
3 292.7433166503906 85.0706787109375 434.7688293457031 287.26519775390625 
523
3 306.44232177734375 80.92716979980469 447.4935302734375 280.1930847167969 
524
3 322.1112060546875 80.65028381347656 461.6745910644531 281.42901611328125 
525
3 334.8622131347656 77.2546157836914 472.39666748046875 276.7911071777344 
526
3 350.10791015625 73.39263153076172 484.173583984375 272.01824951171875 
527
3 362.5429992675781 69.8181381225586 496.05108642578125 270.08050537109375 
528
3 375.747802734375 67.7218246459961 504.8236999511719 271.9212646484375 
529
3 390.9603271484375 68.022216796875 515.83837890625 259.4447937011719 
3 2514.385009765625 232.091796875 2559.101318359375 342.15802001953125 
530
3 403.4858093261719 65.98971557617188 524.7664184570312 260.8181457519531 
531
3 416.139404296875 64.12428283691406 537.5345458984375 260.6875915527344 
532
3 427.67315673828125 62.16075897216797 545.3267822265625 261.959716796875 
533
3 441.49139404296875 58.97296142578125 551.6634521484375 259.85595703125 
534
3 453.41070556640625 56.04997253417969 560.4705810546875 259.114013671875 
535
3 466.72576904296875 54.51478576660156 569.6973876953125 240.01092529296875 
536
3 477.3345947265625 51.93849182128906 582.0186157226562 255.0419921875 
537
3 488.62713623046875 49.447731018066406 591.5216674804688 252.6715087890625 
538
3 496.97564697265625 48.33879089355469 600.8718872070312 250.12637329101562 
539
3 504.617919921875 45.81837463378906 607.828857421875 249.17129516601562 
540
3 511.08251953125 46.74109649658203 614.2654418945312 248.85189819335938 
541
3 518.4671020507812 46.11945343017578 621.1494750976562 260.2392578125 
542
3 522.807373046875 43.338035583496094 624.1424560546875 244.486328125 
543
3 524.6824951171875 42.2796630859375 628.201171875 241.050048828125 
544
3 528.9969482421875 43.24601745605469 632.2989501953125 243.74942016601562 
545
3 532.885498046875 44.590972900390625 636.04296875 257.8946533203125 
546
3 535.0093994140625 44.66352844238281 634.4166870117188 245.33145141601562 
547
3 535.0068359375 45.418479919433594 636.6654663085938 241.798828125 
548
3 535.331787109375 45.19732666015625 636.5860595703125 246.83197021484375 
549
3 534.926513671875 42.79307556152344 635.53125 244.016845703125 
550
3 532.656494140625 41.55431365966797 635.9717407226562 272.91510009765625 
551
3 531.3933715820312 42.2735595703125 634.0307006835938 243.77871704101562 
552
3 530.0076904296875 42.50538635253906 633.1939086914062 247.16668701171875 
553
3 529.2233276367188 44.47199249267578 631.8016967773438 247.62026977539062 
554
3 526.2417602539062 42.118812561035156 628.912353515625 245.8125 
555
3 525.7498168945312 43.190162658691406 628.68310546875 246.03726196289062 
556
3 523.3038940429688 41.92649841308594 625.70166015625 244.24957275390625 
557
3 524.0548095703125 43.88677978515625 623.0211181640625 248.06549072265625 
3 524.4559326171875 43.736236572265625 623.3200073242188 249.18536376953125 
558
3 522.9974365234375 44.80950927734375 621.7099609375 247.69403076171875 
559
3 520.4957885742188 44.62586975097656 619.3307495117188 246.82186889648438 
560
3 519.201904296875 44.507537841796875 617.7909545898438 246.4442138671875 
561
3 518.4556274414062 46.231658935546875 614.5113525390625 244.8619384765625 
562
3 516.1913452148438 46.76170349121094 613.9517211914062 249.576171875 
563
3 511.77996826171875 47.13526153564453 614.6022338867188 253.98101806640625 
564
3 510.22662353515625 46.186119079589844 611.0947875976562 252.55120849609375 
565
3 504.33599853515625 46.29908752441406 609.3267211914062 250.7354736328125 
566
3 501.1048889160156 45.08148193359375 606.2642822265625 253.67575073242188 
567
3 503.2447814941406 48.72918701171875 604.9022216796875 254.27377319335938 
568
3 499.1769104003906 46.31260681152344 602.6867065429688 252.89776611328125 
569
3 494.41314697265625 49.406776428222656 600.1415405273438 254.77188110351562 
570
3 490.9725341796875 48.07416534423828 599.2828979492188 255.39227294921875 
571
3 488.3046569824219 46.65612030029297 598.9510498046875 255.76190185546875 
572
3 484.5708923339844 48.84357452392578 597.7007446289062 262.57623291015625 
573
3 478.0906677246094 46.67921447753906 594.5169677734375 264.0567626953125 
574
3 470.057861328125 30.801544189453125 592.3025512695312 270.013671875 
575
3 464.10870361328125 54.82667541503906 587.41357421875 270.0948791503906 
576
3 454.85113525390625 59.73039245605469 584.0279541015625 273.43853759765625 
577
3 449.0286865234375 61.26934814453125 580.499267578125 273.4964294433594 
578
3 441.91229248046875 60.22789001464844 578.092041015625 273.8297119140625 
579
580
3 430.8236083984375 55.5625 566.7127685546875 272.5023193359375 
581
3 426.0248107910156 63.916168212890625 563.291748046875 276.1344299316406 
582
3 420.99749755859375 65.88346099853516 555.1915893554688 275.7042236328125 
583
3 415.26190185546875 68.15505981445312 537.8421020507812 277.3450012207031 
584
3 406.94854736328125 68.14969635009766 524.20166015625 269.9713134765625 
585
3 399.67388916015625 68.17219543457031 513.435791015625 278.57989501953125 
586
3 388.14300537109375 63.52185821533203 505.337890625 276.48504638671875 
587
3 375.351318359375 65.54566955566406 488.3847351074219 273.13494873046875 
588
3 362.20904541015625 69.17652130126953 474.4548645019531 276.4312744140625 
589
3 354.11175537109375 71.96910858154297 463.3452453613281 282.0509338378906 
590
3 345.8114318847656 76.20866394042969 453.93634033203125 288.2076721191406 
591
3 338.97113037109375 79.1188735961914 445.35296630859375 289.84771728515625 
592
3 331.9045104980469 82.53893280029297 436.6595458984375 295.56280517578125 
593
3 323.3082275390625 82.26966094970703 428.4720458984375 294.9268493652344 
594
3 315.084716796875 83.5147705078125 421.52081298828125 298.3330078125 
595
3 307.354248046875 84.68726348876953 416.1983337402344 299.6449890136719 
596
3 300.3192443847656 87.17578125 408.65924072265625 298.9719543457031 
597
3 296.1532287597656 86.16429901123047 405.10638427734375 298.0765380859375 
598
3 292.0309143066406 87.54264831542969 391.3821105957031 229.5584716796875 
599
3 285.48760986328125 87.49808502197266 388.98785400390625 298.3638916015625 
600
3 279.138671875 90.21783447265625 383.1221618652344 270.3048095703125 
601
3 272.8423767089844 92.79937744140625 376.1496276855469 297.931396484375 
602
3 267.32293701171875 94.34115600585938 368.45306396484375 301.73162841796875 
603
604
3 261.6689453125 97.12191772460938 355.6806640625 219.19842529296875 
605
3 261.82257080078125 97.10707092285156 357.610595703125 218.13941955566406 
606
3 262.6691589355469 95.11965942382812 364.9544982910156 302.544677734375 
607
3 264.4251403808594 94.80859375 367.5675048828125 305.5630798339844 
608
3 265.38055419921875 94.44003295898438 366.470947265625 301.3498229980469 
609
3 265.4425964355469 94.61380004882812 365.5475158691406 301.7170715332031 
610
3 265.24383544921875 95.74385070800781 365.27203369140625 301.3072204589844 
611
3 266.0118408203125 96.01536560058594 367.5668640136719 303.428955078125 
612
3 268.57611083984375 95.23739624023438 372.5652770996094 305.9999084472656 
613
3 269.8860168457031 97.40335083007812 372.72064208984375 305.8289794921875 
3 270.74444580078125 94.59098815917969 410.2445983886719 317.35125732421875 
614
3 273.09100341796875 96.22640991210938 372.3022766113281 306.46826171875 
615
3 277.1220703125 95.8438720703125 375.10955810546875 309.0880126953125 
616
3 280.6923522949219 96.0799560546875 378.6600341796875 311.22308349609375 
617
3 283.45684814453125 95.52326965332031 383.3847351074219 312.6253356933594 
618
3 284.3748474121094 95.81961059570312 384.9115905761719 311.51580810546875 
619
3 287.1260986328125 94.67437744140625 391.48614501953125 316.92657470703125 
3 287.6500549316406 95.03028869628906 422.31982421875 318.1673583984375 
620
3 288.04608154296875 93.13531494140625 387.3222961425781 313.0412902832031 
621
3 289.6531677246094 93.42288208007812 389.70263671875 312.28314208984375 
622
3 291.2320556640625 92.56263732910156 396.94805908203125 311.5560302734375 
623
3 291.9040222167969 92.6617431640625 391.4052429199219 308.0382385253906 
624
3 294.05841064453125 90.7518081665039 394.9945068359375 309.01031494140625 
3 293.8297119140625 90.51309204101562 433.0072937011719 314.21307373046875 
625
3 295.2980041503906 89.91752624511719 394.98468017578125 308.460205078125 
626
3 296.0367736816406 89.85797119140625 395.0050048828125 309.0884704589844 
627
3 296.0273742675781 89.84648895263672 395.43408203125 309.11572265625 
628
3 295.59283447265625 90.26060485839844 395.2107238769531 309.3935546875 
629
3 294.9060974121094 91.0635986328125 394.9503173828125 308.45489501953125 
3 294.5538635253906 90.43304443359375 434.3064270019531 312.1151428222656 
630
3 294.428955078125 91.26815032958984 396.1260070800781 308.9891052246094 
3 294.35870361328125 91.60520935058594 433.593505859375 312.9862365722656 
631
3 293.459228515625 91.29936218261719 396.6622619628906 309.18463134765625 
632
3 292.45733642578125 91.98230743408203 394.09552001953125 307.1171875 
633
3 292.99505615234375 93.32484436035156 394.6015930175781 307.5027770996094 
634
3 294.5267028808594 94.11416625976562 394.66351318359375 309.0014953613281 
635
3 294.7451477050781 93.94670104980469 394.1856384277344 308.32318115234375 
636
3 294.6340026855469 93.82342529296875 393.7210998535156 308.3934020996094 
637
3 294.45672607421875 93.43533325195312 394.1808166503906 308.4466552734375 
638
3 292.6208190917969 92.8521728515625 393.0311584472656 307.0919189453125 
639
3 291.732421875 92.76445007324219 392.29815673828125 306.74969482421875 
640
3 291.9537048339844 92.18077087402344 392.35870361328125 308.68011474609375 
641
3 291.82769775390625 91.55123138427734 392.363525390625 308.6042785644531 
642
3 291.6097106933594 90.88357543945312 392.61688232421875 308.915283203125 
643
3 291.65008544921875 90.62257385253906 392.4421691894531 308.8251953125 
3 291.6126403808594 90.21994018554688 432.13037109375 314.20916748046875 
644
3 291.5870056152344 90.79490661621094 392.74365234375 308.8408203125 
3 291.76593017578125 90.59420776367188 432.15081787109375 313.8476257324219 
645
3 291.49932861328125 91.22774505615234 393.6468811035156 309.6829833984375 
3 291.6075744628906 91.50697326660156 430.7984619140625 313.6246337890625 
646
3 291.25201416015625 91.77116394042969 393.4941711425781 309.524169921875 
647
3 291.19537353515625 92.1993408203125 392.2344970703125 308.5751647949219 
648
3 291.12835693359375 92.49069213867188 392.916259765625 307.6355895996094 
649
3 291.0054931640625 93.0108642578125 393.150146484375 306.8204650878906 
650
3 290.80078125 93.24674987792969 394.5269775390625 308.0483703613281 
651
3 290.4275817871094 93.23161315917969 398.5160217285156 308.239013671875 
652
3 290.34326171875 93.36665344238281 398.94000244140625 308.3154602050781 
653
3 290.44696044921875 93.35107421875 397.5594482421875 308.10614013671875 
654
3 290.03302001953125 93.22879028320312 396.0362548828125 307.91461181640625 
655
3 290.02008056640625 92.68310546875 395.6211242675781 308.29119873046875 
656
3 289.9356994628906 92.1195068359375 394.1308898925781 308.90081787109375 
657
3 289.5916442871094 92.10540771484375 393.7254333496094 309.377685546875 
658
3 289.2351379394531 91.8304672241211 394.53076171875 310.4605407714844 
3 289.2619323730469 92.01907348632812 431.92852783203125 312.9122314453125 
659
3 289.3236389160156 91.61898803710938 396.491455078125 311.0299377441406 
3 289.80279541015625 91.99771118164062 430.5937805175781 313.56256103515625 
660
3 289.35467529296875 91.37306213378906 396.33184814453125 310.4021911621094 
3 289.8696594238281 91.75241088867188 431.5489501953125 313.0783386230469 
661
3 289.44073486328125 91.36531066894531 397.07244873046875 311.1709289550781 
662
3 289.2882995605469 91.86388397216797 396.1759033203125 311.1920166015625 
3 289.8091735839844 92.59120178222656 432.2255554199219 313.78509521484375 
663
3 289.0922546386719 92.03201293945312 395.730224609375 310.5477294921875 
3 289.3377990722656 92.65644836425781 432.7076416015625 313.1038513183594 
664
3 289.0204772949219 92.23089599609375 395.4169921875 309.88531494140625 
665
3 288.75555419921875 92.37153625488281 395.02728271484375 309.719482421875 
666
3 288.5401611328125 92.50323486328125 393.7337341308594 308.65966796875 
667
3 288.29766845703125 92.53562927246094 392.7658386230469 307.2587890625 
668
3 288.2362976074219 92.33094787597656 392.5927429199219 307.74029541015625 
669
3 288.1440124511719 91.87193298339844 393.61395263671875 310.3154296875 
670
3 288.1764831542969 91.7159652709961 395.29339599609375 310.7100524902344 
3 288.505126953125 92.64549255371094 432.03338623046875 313.90069580078125 
671
3 288.43719482421875 91.41055297851562 397.8506164550781 310.8668212890625 
3 288.9561462402344 91.90548706054688 432.2658996582031 313.37969970703125 
672
3 288.550048828125 90.8578872680664 398.81219482421875 309.5865478515625 
3 289.23187255859375 91.33906555175781 432.86944580078125 311.8417663574219 
673
3 288.3298645019531 90.82261657714844 393.51513671875 307.98565673828125 
3 288.25286865234375 90.26570129394531 430.9868469238281 311.62030029296875 
674
3 288.3404846191406 90.97510528564453 395.9238586425781 304.91131591796875 
3 288.50628662109375 90.52200317382812 431.50738525390625 311.4934387207031 
675
3 288.29376220703125 89.97416687011719 397.4313659667969 306.33172607421875 
676
3 288.3281555175781 89.9203109741211 396.81610107421875 305.7200927734375 
677
3 288.0208740234375 89.96634674072266 398.5068359375 306.04833984375 
3 288.171875 90.32964324951172 426.657958984375 307.65887451171875 
678
3 288.3179626464844 90.2481918334961 399.12310791015625 304.46368408203125 
679
3 288.7022705078125 90.20620727539062 398.46368408203125 305.14349365234375 
3 386.45074462890625 0.06841278076171875 423.98309326171875 46.283966064453125 
3 289.1258239746094 90.06304931640625 430.38232421875 308.4854736328125 
680
3 291.03814697265625 90.76881408691406 398.2644348144531 304.72821044921875 
3 385.5215148925781 0.7285537719726562 424.44683837890625 46.84825897216797 
681
3 292.3453063964844 91.08454895019531 399.11553955078125 304.48736572265625 
3 292.6908874511719 91.32327270507812 436.08575439453125 307.43212890625 
682
3 294.73211669921875 90.36083221435547 398.58673095703125 305.2917785644531 
3 382.61114501953125 0.44176483154296875 417.9527893066406 45.621421813964844 
3 294.10400390625 89.94461059570312 439.6055908203125 311.4776916503906 
683
3 296.0317077636719 90.66808319091797 402.10076904296875 305.93231201171875 
3 296.67279052734375 90.48773193359375 441.559326171875 311.52764892578125 
684
3 297.876953125 90.78958129882812 441.8758239746094 308.6912841796875 
3 297.3246765136719 90.97938537597656 405.38653564453125 305.2027587890625 
3 378.499755859375 0.0 412.96875 47.772735595703125 
685
3 299.0368957519531 90.48580932617188 408.18878173828125 302.64593505859375 
686
3 299.28131103515625 89.59050750732422 402.41778564453125 299.8212890625 
687
3 300.29278564453125 90.42327880859375 406.334716796875 300.115234375 
3 371.8352355957031 0.0 412.2633972167969 49.833953857421875 
3 300.4136657714844 90.19558715820312 440.92608642578125 305.59808349609375 
688
3 302.6951904296875 88.89022827148438 404.8639831542969 302.1449890136719 
3 302.7978515625 88.50846862792969 442.8595886230469 306.32080078125 
3 367.4637145996094 0.0 411.59765625 59.470703125 
3 369.1778259277344 0.0 410.5921936035156 47.31910705566406 
689
3 304.762451171875 89.60993957519531 408.52008056640625 297.36639404296875 
3 367.703369140625 0.0 411.87261962890625 60.19474792480469 
690
3 308.9334716796875 86.8642807006836 409.36151123046875 296.8742980957031 
3 366.9821472167969 0.0 412.3463439941406 59.52360534667969 
691
3 311.2021484375 85.08761596679688 432.7969665527344 301.3482360839844 
3 365.5911865234375 0.0 413.5159912109375 58.83869934082031 
692
3 313.25189208984375 84.78434753417969 430.5315246582031 298.6670227050781 
3 365.6650695800781 0.0 413.5616760253906 49.78364562988281 
693
3 317.3296203613281 84.8144302368164 454.9049987792969 297.3178405761719 
3 363.67279052734375 0.0 414.3061828613281 55.94871520996094 
694
3 319.7453918457031 85.81806945800781 457.6049499511719 298.8060607910156 
3 361.9630126953125 0.3584480285644531 411.47943115234375 60.71510314941406 
695
3 321.04443359375 85.97907257080078 451.67230224609375 295.2598876953125 
696
3 323.9098815917969 86.22124481201172 443.822021484375 296.6282653808594 
697
3 324.3212890625 84.96379852294922 435.3446350097656 286.0374755859375 
698
3 328.18756103515625 83.95471954345703 447.40032958984375 288.6893005371094 
699
3 331.14105224609375 84.47628021240234 434.2491455078125 289.4108581542969 
3 331.62353515625 84.29413604736328 468.7545471191406 292.09808349609375 
700
3 334.02545166015625 85.56441497802734 435.94451904296875 289.57867431640625 
3 334.30816650390625 85.00297546386719 470.07659912109375 293.5341796875 
701
3 336.0359191894531 84.56363677978516 435.6622314453125 290.8634033203125 
702
3 339.061767578125 85.3725814819336 437.57928466796875 292.3127746582031 
703
3 343.4122619628906 84.30577850341797 435.9938659667969 286.41357421875 
3 343.56988525390625 82.298828125 476.7649841308594 290.34796142578125 
704
3 346.17132568359375 81.24976348876953 480.0598449707031 291.260986328125 
3 345.9239501953125 82.39408874511719 440.88885498046875 286.67498779296875 
705
3 349.18792724609375 82.52178955078125 448.2279052734375 285.3695068359375 
706
3 351.83062744140625 81.76891326904297 449.7870788574219 284.8291015625 
3 351.8137512207031 82.02852630615234 483.8241882324219 287.7413330078125 
707
3 353.8611755371094 81.49439239501953 453.3417053222656 284.62652587890625 
3 354.36871337890625 81.84379577636719 484.9924621582031 287.0382080078125 
708
3 355.2261047363281 81.71469116210938 459.8995056152344 285.7648010253906 
3 354.5976257324219 0.0 392.9731750488281 56.89149475097656 
3 355.5450744628906 81.17582702636719 483.5941162109375 287.76251220703125 
709
3 357.3104553222656 79.9773941040039 450.8626403808594 281.8926086425781 
3 353.9183044433594 0.6018905639648438 392.2788391113281 57.49871063232422 
710
3 360.3507995605469 78.82193756103516 453.14605712890625 276.65435791015625 
3 353.07958984375 0.6289825439453125 392.75537109375 57.22723388671875 
711
3 362.9997863769531 78.46263122558594 458.3865051269531 278.477783203125 
3 363.5273742675781 78.68437194824219 492.11669921875 280.9256591796875 
3 352.4440002441406 1.7161750793457031 389.689453125 56.92533874511719 
712
3 364.652099609375 78.26612091064453 456.0049133300781 278.4262390136719 
3 351.30816650390625 1.5615615844726562 389.1069641113281 56.016578674316406 
713
3 366.82659912109375 77.66482543945312 459.892822265625 277.269287109375 
3 349.59649658203125 2.5947532653808594 388.3112487792969 57.651275634765625 
714
3 347.4997863769531 2.7383041381835938 386.1101989746094 59.084800720214844 
3 368.2263488769531 78.11138916015625 461.9361877441406 276.29296875 
715
3 345.63897705078125 3.1606063842773438 385.689697265625 58.056480407714844 
3 369.8969421386719 79.34490966796875 462.7435302734375 276.26910400390625 
716
3 372.3589782714844 76.66230773925781 463.923583984375 274.025146484375 
3 345.856201171875 3.2225875854492188 385.078857421875 58.44776916503906 
717
3 376.1423034667969 74.19190979003906 503.2842712402344 273.724609375 
3 344.6624755859375 1.906463623046875 382.70660400390625 56.86486053466797 
3 375.7948913574219 73.98859405517578 469.0372314453125 268.0484619140625 
718
3 378.5576171875 74.81578826904297 474.1538391113281 269.48065185546875 
3 378.2980651855469 75.66082000732422 504.1438903808594 273.65789794921875 
3 378.26092529296875 75.55013275146484 472.6189880371094 269.47607421875 
719
3 379.67572021484375 74.42691040039062 469.4859313964844 264.82232666015625 
720
3 380.3985290527344 73.11173248291016 470.528564453125 268.1208801269531 
721
3 383.7156982421875 72.13190460205078 475.0562744140625 265.02044677734375 
3 383.91961669921875 71.26567077636719 509.9759216308594 271.23138427734375 
722
3 386.6112060546875 71.73450469970703 483.33917236328125 263.9761047363281 
3 340.0503234863281 5.281200408935547 377.6904296875 58.84761047363281 
3 387.14263916015625 70.40609741210938 513.7811889648438 267.2993469238281 
3 2196.9716796875 27.584365844726562 2226.184326171875 85.08643341064453 
723
3 388.8957824707031 71.25556945800781 480.85113525390625 263.62872314453125 
3 342.65460205078125 8.047119140625 378.04620361328125 59.435813903808594 
724
3 391.3651428222656 72.89432525634766 486.0402526855469 265.5589599609375 
3 391.8881530761719 72.35893249511719 517.6527709960938 269.1238708496094 
3 342.169921875 11.048492431640625 377.25299072265625 60.42322540283203 
725
3 392.1296081542969 73.31683349609375 482.2196044921875 263.1278991699219 
3 339.0106506347656 7.163547515869141 377.3356628417969 61.19322967529297 
3 392.7976379394531 72.98046875 518.748046875 268.0947570800781 
726
3 394.805419921875 72.8924560546875 487.0731201171875 265.61346435546875 
3 338.5469055175781 8.289878845214844 377.5823974609375 61.840850830078125 
3 396.082763671875 73.01158905029297 521.0774536132812 269.98211669921875 
727
3 396.6976318359375 72.80953979492188 485.7607116699219 262.79632568359375 
3 341.2751770019531 18.049091339111328 382.1026916503906 63.013206481933594 
728
3 400.01202392578125 73.09180450439453 484.89117431640625 262.5132751464844 
3 341.1118469238281 19.893882751464844 381.9873046875 63.63969421386719 
729
3 402.6239318847656 73.0595703125 489.5190124511719 259.1639709472656 
3 337.8307800292969 10.430538177490234 382.4185485839844 64.33545684814453 
730
3 403.9185791015625 72.06289672851562 491.65643310546875 259.8172607421875 
3 404.59771728515625 72.18659973144531 525.3812866210938 262.1962890625 
3 335.0389099121094 11.623641967773438 382.9982604980469 65.63134765625 
731
3 406.47918701171875 71.51321411132812 527.432373046875 261.8038635253906 
3 406.1003112792969 71.294921875 490.9722900390625 258.3023681640625 
3 332.7446594238281 14.865692138671875 381.2142639160156 66.36146545410156 
732
3 322.9603576660156 11.479217529296875 380.2415466308594 69.41388702392578 
3 407.91766357421875 70.23793029785156 526.8019409179688 261.2148132324219 
3 407.32196044921875 70.22917175292969 490.5094299316406 256.399169921875 
3 407.5023193359375 70.19248962402344 529.0422973632812 258.55889892578125 
733
3 407.64385986328125 70.45885467529297 495.3726501464844 254.3785400390625 
3 324.11279296875 11.472148895263672 377.00567626953125 69.1419677734375 
3 408.39483642578125 70.47860717773438 530.9808959960938 258.14910888671875 
734
3 409.2547607421875 71.09445190429688 497.0072021484375 255.196533203125 
3 410.2601318359375 71.34398651123047 532.3622436523438 259.26318359375 
3 329.5682678222656 24.568572998046875 377.51776123046875 66.43695068359375 
735
3 327.46209716796875 23.080265045166016 374.275390625 68.26263427734375 
3 412.15008544921875 73.35027313232422 499.10626220703125 256.3407287597656 
3 412.10040283203125 72.8809814453125 534.51953125 257.93621826171875 
736
3 327.4677734375 11.36795425415039 373.9032897949219 68.86566162109375 
3 415.3768005371094 73.09663391113281 498.9085693359375 254.11114501953125 
737
3 328.87744140625 12.051902770996094 374.05303955078125 69.40461730957031 
3 417.50189208984375 75.30979919433594 538.9793701171875 259.73797607421875 
3 417.3199462890625 75.24472045898438 503.5333251953125 200.6311798095703 
738
3 328.6357421875 11.991195678710938 373.7388000488281 69.13385772705078 
3 418.5378723144531 76.37261199951172 537.8858032226562 261.3629150390625 
739
3 329.629638671875 12.870319366455078 372.55029296875 69.22581481933594 
3 419.86737060546875 77.87130737304688 506.6272277832031 253.4591064453125 
740
3 330.74249267578125 13.944889068603516 368.3401184082031 69.4851303100586 
3 420.4676818847656 78.40020751953125 541.256591796875 258.2723693847656 
741
3 330.78125 14.126533508300781 371.37237548828125 70.35460662841797 
3 423.10968017578125 79.09861755371094 511.1518249511719 252.70352172851562 
3 2173.31982421875 27.122718811035156 2205.495361328125 85.80683135986328 
3 423.461181640625 79.64627075195312 507.154541015625 194.27566528320312 
742
3 426.1644287109375 80.08888244628906 544.9563598632812 255.872802734375 
3 331.1756591796875 14.112228393554688 370.25677490234375 70.24286651611328 
3 425.2664794921875 78.82928466796875 515.265625 252.9527587890625 
743
3 428.8515625 79.6894302368164 547.024169921875 255.1610107421875 
3 331.14056396484375 14.202613830566406 370.4146423339844 70.10318756103516 
3 428.37310791015625 79.59536743164062 547.9496459960938 255.89739990234375 
3 427.88311767578125 78.31170654296875 517.4357299804688 253.2315673828125 
3 331.3177490234375 14.341064453125 376.6383056640625 69.60480499267578 
744
3 331.4833679199219 14.07474136352539 370.5542907714844 69.62910461425781 
3 428.7796325683594 80.7486801147461 548.354736328125 255.01895141601562 
3 428.52349853515625 79.7989501953125 517.3507690429688 252.28952026367188 
745
3 431.3907470703125 81.51771545410156 548.9849243164062 255.5562744140625 
3 331.3143615722656 14.766227722167969 370.0576171875 70.30973815917969 
3 430.4619140625 80.6853256225586 518.1045532226562 252.03585815429688 
746
3 331.8225402832031 15.788368225097656 369.0035400390625 71.02230834960938 
3 433.1734924316406 80.9155502319336 519.2396240234375 251.70578002929688 
3 434.2674255371094 81.68437957763672 551.5023193359375 254.64862060546875 
747
3 435.8180236816406 81.45831298828125 522.1331787109375 250.38909912109375 
3 332.27557373046875 16.99298858642578 377.88177490234375 70.1552963256836 
748
3 330.80224609375 17.215316772460938 380.79559326171875 69.98855590820312 
3 436.52587890625 81.19766235351562 523.5126953125 250.196044921875 
3 436.6245422363281 81.63177490234375 554.5166625976562 256.2655334472656 
749
3 438.4886474609375 82.64483642578125 557.9683837890625 253.891845703125 
3 438.0129699707031 82.22090911865234 523.3142700195312 250.79608154296875 
3 330.7610168457031 19.47507095336914 366.8602294921875 72.76667785644531 
750
3 440.4412536621094 83.89640808105469 560.0950317382812 256.19189453125 
3 439.84033203125 83.76182556152344 522.9850463867188 250.54159545898438 
3 330.9349060058594 21.92864227294922 366.37493896484375 72.97115325927734 
751
3 440.246826171875 83.96011352539062 526.0632934570312 249.44647216796875 
3 327.8885192871094 22.30166244506836 365.4687194824219 73.50897216796875 
3 440.6452331542969 83.87763977050781 561.3353271484375 256.4785461425781 
752
3 443.01641845703125 82.93862915039062 526.34326171875 247.23574829101562 
3 325.7143249511719 22.57530975341797 364.80828857421875 73.64205932617188 
753
3 444.9019775390625 83.68698120117188 526.1946411132812 247.70648193359375 
3 326.6572265625 23.220409393310547 362.7439270019531 74.31199645996094 
754
3 447.7414855957031 82.721923828125 528.4785766601562 246.21954345703125 
3 326.7174072265625 23.866104125976562 361.7239074707031 74.41848754882812 
755
3 448.8245544433594 81.88050842285156 530.5007934570312 247.22503662109375 
3 327.1686706542969 25.991607666015625 360.80633544921875 75.14350891113281 
756
3 450.1546936035156 81.90289306640625 531.640380859375 246.61456298828125 
3 324.3323059082031 22.665687561035156 358.989013671875 74.7021484375 
757
3 452.0928039550781 82.72068786621094 533.8670043945312 245.891357421875 
3 324.62249755859375 25.78592300415039 358.0722351074219 76.2182846069336 
758
3 453.7098083496094 82.1431884765625 535.6012573242188 246.8282470703125 
3 323.9532775878906 26.93743896484375 358.5609436035156 77.16230010986328 
759
3 454.90740966796875 81.64291381835938 536.6131591796875 244.51568603515625 
3 325.1728820800781 36.524505615234375 355.3702087402344 76.44180297851562 
760
3 456.6367492675781 81.2158432006836 535.7769775390625 243.9873046875 
3 321.2855224609375 26.4765625 354.3061218261719 77.63200378417969 
761
3 459.52099609375 81.1219482421875 538.941650390625 245.95986938476562 
3 321.7016296386719 26.108856201171875 353.8685607910156 76.90904235839844 
762
3 461.025146484375 80.26319885253906 542.52392578125 241.00732421875 
3 320.2663269042969 25.42190170288086 353.6388854980469 77.29427337646484 
763
3 462.2187194824219 80.1279296875 543.4633178710938 244.604736328125 
3 319.4134826660156 25.28165054321289 353.1053466796875 77.57929229736328 
764
3 463.8796081542969 80.83653259277344 542.8958740234375 242.52703857421875 
3 319.3665771484375 25.3895263671875 352.52288818359375 77.43743133544922 
765
3 464.3588562011719 79.85951232910156 544.6390991210938 240.96820068359375 
3 317.2982177734375 25.76323699951172 351.96002197265625 78.58837890625 
766
3 465.3927917480469 79.07525634765625 547.25927734375 238.88177490234375 
3 316.5937805175781 26.599380493164062 351.5277404785156 79.67583465576172 
767
3 466.77801513671875 80.74937438964844 546.6519165039062 241.4964599609375 
3 317.5782165527344 41.78857421875 351.9593811035156 80.01943969726562 
768
3 469.4171447753906 79.50152587890625 546.4475708007812 239.939453125 
3 316.6187744140625 31.594741821289062 351.6055603027344 79.97792053222656 
769
3 471.8875732421875 81.06434631347656 549.5506591796875 241.92330932617188 
3 314.4875793457031 29.443679809570312 352.798828125 82.46246337890625 
770
3 474.5992431640625 81.25198364257812 549.455810546875 242.0872802734375 
3 314.9569396972656 31.568283081054688 352.6204528808594 82.96372985839844 
771
3 476.3885498046875 81.07443237304688 556.4087524414062 239.44717407226562 
3 315.429443359375 31.95733642578125 352.55926513671875 82.9381103515625 
772
3 479.32354736328125 82.12648010253906 555.0153198242188 240.34967041015625 
3 315.0651550292969 31.88605499267578 354.04888916015625 83.40777587890625 
773
3 315.1718444824219 31.74652099609375 354.670166015625 83.25343322753906 
3 479.3265686035156 81.29171752929688 555.7236328125 239.77932739257812 
774
3 483.732177734375 81.66758728027344 557.0280151367188 236.95849609375 
3 314.8790588378906 32.76416015625 353.6312561035156 83.51164245605469 
775
3 314.43310546875 32.35455322265625 352.9385986328125 83.71443176269531 
3 484.929931640625 81.52944946289062 559.8842163085938 238.75216674804688 
776
3 314.3573913574219 32.81920623779297 351.59893798828125 83.54449462890625 
3 485.46337890625 81.74710083007812 561.6497802734375 239.93838500976562 
777
3 312.5438232421875 32.817359924316406 348.9831237792969 83.6783447265625 
3 486.7204284667969 80.99888610839844 562.5722045898438 238.227783203125 
778
3 487.4787292480469 80.49457550048828 562.2860107421875 235.41024780273438 
3 311.23675537109375 32.68342590332031 348.89910888671875 83.49383544921875 
779
3 488.8412170410156 80.11387634277344 561.6510620117188 234.48516845703125 
3 310.7904052734375 32.48670959472656 347.6869812011719 83.5193099975586 
780
3 310.5322570800781 32.232688903808594 348.0936279296875 82.94877624511719 
3 489.05804443359375 77.76051330566406 565.2190551757812 232.11102294921875 
781
3 310.5030212402344 30.339881896972656 347.42315673828125 82.05370330810547 
3 490.97760009765625 77.2203140258789 567.1142578125 230.94921875 
782
3 492.09539794921875 76.50444030761719 564.10498046875 232.27963256835938 
3 309.99371337890625 29.86279296875 347.6488037109375 81.0689697265625 
783
3 308.43621826171875 28.94842529296875 347.77569580078125 79.80393981933594 
784
3 307.3858337402344 30.580856323242188 347.1366882324219 81.4572982788086 
3 493.57171630859375 75.7021713256836 569.08056640625 230.64251708984375 
785
786
787
3 309.1365966796875 45.24980926513672 346.7934875488281 81.820556640625 
788
3 499.867431640625 73.57904815673828 577.2664184570312 227.96121215820312 
3 309.41204833984375 45.22136688232422 343.3735046386719 80.74952697753906 
789
3 500.9351806640625 73.37608337402344 576.298828125 227.42037963867188 
3 307.7489318847656 45.12394714355469 341.9912109375 80.92622375488281 
790
3 501.8037109375 73.48080444335938 577.2724609375 226.897705078125 
3 304.39654541015625 33.390380859375 342.54266357421875 82.36824035644531 
791
3 501.47650146484375 73.76773834228516 577.9698486328125 227.30169677734375 
3 302.60357666015625 33.67134094238281 335.5045166015625 82.58761596679688 
792
3 502.0208435058594 73.5835952758789 577.1226806640625 227.16619873046875 
3 301.859130859375 34.72315216064453 333.1022033691406 82.80964660644531 
793
3 501.3436279296875 74.53044128417969 577.8094482421875 227.4986572265625 
3 299.33880615234375 37.34484100341797 332.16619873046875 83.03900909423828 
794
3 502.486083984375 72.79631805419922 577.4733276367188 226.78652954101562 
3 298.1396179199219 37.18632507324219 330.7203063964844 83.22881317138672 
795
3 504.46258544921875 72.35493469238281 578.5673217773438 224.4632568359375 
3 297.8558349609375 37.06684875488281 330.04669189453125 82.60423278808594 
796
3 506.6180419921875 72.19268798828125 577.6703491210938 223.61294555664062 
3 296.6060791015625 35.028038024902344 329.7890930175781 82.39469146728516 
797
3 507.1937255859375 70.80862426757812 578.8976440429688 221.50799560546875 
3 296.2950744628906 33.52741241455078 328.6620178222656 81.60717010498047 
798
3 507.6933288574219 71.36102294921875 578.7615966796875 223.667724609375 
3 295.4794616699219 34.45514678955078 326.5447998046875 81.40184020996094 
799
3 507.51385498046875 70.13512420654297 578.5518188476562 219.53160095214844 
3 293.4647216796875 34.708473205566406 324.9328918457031 81.73028564453125 
800
3 507.943359375 69.7780990600586 578.9585571289062 218.23336791992188 
3 290.63372802734375 34.25767517089844 322.7003173828125 82.45020294189453 
801
3 507.3692321777344 69.76016235351562 578.2813720703125 219.08392333984375 
3 288.4471130371094 35.614044189453125 321.47296142578125 82.50808715820312 
802
3 508.03375244140625 69.0330581665039 577.189453125 218.59814453125 
3 287.2645263671875 34.47602844238281 318.9736328125 83.19538879394531 
803
3 511.21124267578125 68.00506591796875 580.5181274414062 216.70843505859375 
3 287.2136535644531 33.48668670654297 319.23504638671875 82.73966979980469 
804
3 287.7413635253906 32.251853942871094 319.4247741699219 80.63949584960938 
805
3 288.93499755859375 31.99976348876953 319.6071472167969 79.06997680664062 
806
3 514.3641967773438 65.6883544921875 583.6959838867188 214.4829559326172 
3 287.2132873535156 32.310218811035156 318.4955139160156 81.71096801757812 
807
3 286.71197509765625 33.08338928222656 318.0289306640625 81.63138580322266 
3 515.1467895507812 66.04229736328125 583.4578857421875 213.93881225585938 
808
3 284.3134765625 33.22648620605469 317.7415466308594 82.47765350341797 
3 515.112548828125 66.28414916992188 583.7119140625 213.8353271484375 
809
3 516.7139282226562 65.80307006835938 585.2562255859375 211.88345336914062 
3 283.58856201171875 32.45384216308594 317.0155334472656 81.83119201660156 
810
3 517.4338989257812 64.02345275878906 586.8198852539062 210.84645080566406 
3 283.6134948730469 30.76641845703125 318.78253173828125 78.98019409179688 
811
3 519.2904663085938 62.708045959472656 589.8978271484375 208.58114624023438 
3 284.7467956542969 30.378829956054688 319.7091369628906 79.47967529296875 
812
3 284.74267578125 29.761978149414062 319.4031066894531 80.20780181884766 
3 521.35400390625 61.354652404785156 589.08837890625 205.9481201171875 
813
3 522.4921875 59.46388244628906 591.728759765625 206.77499389648438 
3 284.4682922363281 30.185379028320312 319.7959289550781 80.59510040283203 
814
3 523.8471069335938 59.32093811035156 592.12158203125 207.04251098632812 
3 283.3766174316406 29.461593627929688 318.27252197265625 80.21793365478516 
815
3 524.6287841796875 58.53594207763672 592.1917724609375 206.92909240722656 
3 282.10882568359375 29.876182556152344 317.9232482910156 79.86732482910156 
816
3 525.1140747070312 57.88398742675781 592.3883666992188 203.83746337890625 
3 281.78729248046875 29.698577880859375 317.29425048828125 79.73844146728516 
817
3 525.28369140625 56.65222930908203 594.3146362304688 201.92587280273438 
3 281.16326904296875 31.30396270751953 318.7505187988281 79.03102111816406 
818
3 526.994384765625 54.01677703857422 594.0989990234375 200.46363830566406 
3 281.3929443359375 26.128746032714844 314.0009460449219 77.05206298828125 
819
3 529.1217651367188 52.89344024658203 597.355224609375 198.8280792236328 
3 285.6379699707031 35.6837158203125 314.3304748535156 73.65065002441406 
820
3 282.0526123046875 22.979408264160156 312.33349609375 73.36626434326172 
3 531.5611572265625 49.984405517578125 596.28857421875 197.7139434814453 
821
3 531.4003295898438 49.525177001953125 596.8980712890625 197.0065155029297 
3 282.77703857421875 23.042190551757812 311.86492919921875 72.6353759765625 
822
3 531.27734375 50.8092041015625 596.2869873046875 198.01690673828125 
3 283.41851806640625 33.57147979736328 312.6889953613281 73.23517608642578 
823
3 531.5068359375 50.828956604003906 598.1641845703125 198.48379516601562 
3 279.1521301269531 28.460494995117188 320.7046813964844 75.2744140625 
824
3 531.1492309570312 50.78113555908203 599.0983276367188 198.3284912109375 
3 278.1039123535156 30.27472686767578 320.6405029296875 75.87083435058594 
3 2210.619140625 153.442626953125 2319.299072265625 219.07049560546875 
825
3 530.8280029296875 52.130401611328125 600.3530883789062 198.76632690429688 
3 277.24432373046875 26.90787124633789 313.4371337890625 76.00625610351562 
826
3 532.7484741210938 52.679779052734375 603.7828369140625 199.9664306640625 
3 278.7718200683594 26.91916275024414 311.923828125 76.30077362060547 
827
3 534.1189575195312 52.944000244140625 605.0267944335938 199.60914611816406 
3 280.9932556152344 27.876914978027344 312.5669860839844 76.0304183959961 
828
3 534.36669921875 52.54035949707031 606.0965576171875 198.82464599609375 
3 280.62127685546875 29.306671142578125 313.1233215332031 74.99944305419922 
829
3 535.6721801757812 51.75605773925781 606.3463134765625 196.88912963867188 
3 278.4883117675781 27.286251068115234 314.42559814453125 74.86589050292969 
830
3 535.2002563476562 51.17427062988281 607.3909912109375 197.7203369140625 
3 278.1038513183594 26.503170013427734 311.68865966796875 75.59217834472656 
831
3 533.1935424804688 51.08073425292969 604.024658203125 196.07763671875 
3 275.4805908203125 27.270580291748047 311.2830505371094 76.79827880859375 
832
3 532.3659057617188 48.97511291503906 605.0328369140625 194.97238159179688 
3 275.64508056640625 26.85974884033203 307.9960632324219 74.02366638183594 
833
3 531.6160888671875 49.72264099121094 601.0584106445312 195.78309631347656 
3 273.0427551269531 27.24852752685547 313.50506591796875 76.43800354003906 
834
3 529.3966064453125 52.06451416015625 603.0779418945312 196.76686096191406 
3 273.0609436035156 28.85283660888672 307.868896484375 77.34430694580078 
835
3 529.2282104492188 51.088836669921875 601.96875 196.64260864257812 
836
3 524.43408203125 51.51957702636719 596.4931030273438 198.32943725585938 
3 266.3446350097656 27.099693298339844 300.2497253417969 76.66194152832031 
837
3 518.963623046875 52.373291015625 586.7747802734375 196.783935546875 
3 262.193359375 31.66138458251953 296.5534362792969 79.22511291503906 
838
3 513.6207275390625 54.44639587402344 580.7039184570312 200.33021545410156 
3 256.153564453125 31.324234008789062 290.46087646484375 80.46106719970703 
839
3 506.4927978515625 55.359649658203125 575.6663208007812 199.50416564941406 
3 251.81118774414062 33.698997497558594 285.71356201171875 82.4368667602539 
840
3 503.8320007324219 55.288909912109375 583.4338989257812 200.77462768554688 
3 246.83294677734375 33.11658477783203 282.2908935546875 82.0348129272461 
841
3 500.79681396484375 54.85882568359375 579.6941528320312 200.877197265625 
3 244.38902282714844 35.048980712890625 279.5975646972656 82.98188018798828 
842
3 497.2911682128906 55.839996337890625 570.86865234375 199.86367797851562 
843
3 493.43206787109375 56.02655029296875 561.3582763671875 200.26370239257812 
844
3 227.742919921875 35.72206115722656 264.15447998046875 84.85914611816406 
3 485.75732421875 58.231101989746094 565.187744140625 202.28981018066406 
845
3 218.7758331298828 38.68634796142578 255.76170349121094 87.33763885498047 
3 476.02001953125 59.18879699707031 554.912109375 202.90133666992188 
3 475.69915771484375 59.03157043457031 550.9204711914062 202.38375854492188 
846
3 464.27398681640625 60.3802490234375 545.6837158203125 206.4569549560547 
3 208.97494506835938 40.66040802001953 244.59201049804688 88.478515625 
847
3 451.89306640625 63.16075897216797 532.6436767578125 209.5133819580078 
3 194.20501708984375 42.994239807128906 232.55577087402344 91.954833984375 
3 2270.302001953125 76.50621032714844 2348.949462890625 141.37803649902344 
848
3 435.7970886230469 65.83635711669922 518.2306518554688 212.81689453125 
3 180.32962036132812 46.500099182128906 217.86187744140625 95.56393432617188 
849
3 421.39166259765625 70.27186584472656 499.7110595703125 212.54788208007812 
3 163.2537078857422 52.45924377441406 202.7227325439453 100.52003479003906 
850
3 404.8096008300781 72.78776550292969 483.9914855957031 218.46878051757812 
3 149.80795288085938 56.843605041503906 190.1641845703125 106.53897094726562 
851
3 392.2432556152344 75.43006896972656 470.3439636230469 221.7081298828125 
3 134.92393493652344 61.262245178222656 173.4231719970703 110.11386108398438 
852
3 378.0758056640625 77.67298889160156 460.29827880859375 224.59796142578125 
3 120.27284240722656 63.017311096191406 162.9803009033203 113.20938110351562 
853
3 364.73846435546875 82.34612274169922 440.7073974609375 178.14332580566406 
3 108.77166748046875 68.02306365966797 150.6991424560547 117.12718200683594 
854
3 351.6570739746094 84.84599304199219 431.2608642578125 229.82034301757812 
3 97.10680389404297 71.16060638427734 137.11045837402344 119.77285766601562 
855
3 338.4787292480469 86.38304138183594 419.9735412597656 236.61541748046875 
3 83.7061767578125 74.80195617675781 123.72270965576172 123.59556579589844 
856
3 323.3928527832031 90.46989440917969 404.117919921875 238.16049194335938 
3 70.05362701416016 80.27088165283203 108.85293579101562 128.02767944335938 
857
3 306.26983642578125 92.83309936523438 386.4315185546875 240.76663208007812 
3 53.637447357177734 83.95745849609375 92.88165283203125 132.42494201660156 
858
3 289.13983154296875 98.55770874023438 370.55859375 249.95721435546875 
3 34.533409118652344 88.78297424316406 77.05689239501953 138.03225708007812 
859
3 272.73822021484375 102.37213134765625 354.7021484375 255.52386474609375 
3 19.831554412841797 91.29710388183594 61.40874099731445 144.79190063476562 
860
3 257.12042236328125 104.86517333984375 339.8022155761719 259.1015930175781 
861
3 242.18313598632812 107.28916931152344 324.48687744140625 265.77630615234375 
3 0.1332387924194336 105.28460693359375 28.82600975036621 152.3107452392578 
862
3 229.84674072265625 110.92422485351562 314.80426025390625 266.0498046875 
863
3 217.8760528564453 113.5135498046875 302.4793701171875 268.6924133300781 
864
3 209.6751708984375 116.35391235351562 297.02471923828125 271.17431640625 
865
3 200.27822875976562 116.69477844238281 289.9161376953125 270.8211364746094 
866
3 194.3688201904297 118.77188110351562 284.44989013671875 270.2003173828125 
867
3 190.07733154296875 119.49737548828125 278.65997314453125 269.9503479003906 
868
3 188.69509887695312 119.56973266601562 275.9454650878906 270.81427001953125 
869
3 186.79705810546875 119.85707092285156 276.0260009765625 268.8680419921875 
870
3 184.632080078125 120.39646911621094 276.653564453125 269.34637451171875 
871
3 183.74349975585938 121.25514221191406 276.2855529785156 269.464111328125 
872
3 181.57028198242188 121.9732666015625 275.1968994140625 270.1459045410156 
873
3 178.18157958984375 122.70912170410156 270.81256103515625 274.26220703125 
874
3 176.1556396484375 123.51097106933594 267.8351135253906 273.23028564453125 
875
3 172.2520751953125 124.65679931640625 265.0198974609375 277.9670104980469 
876
3 168.86956787109375 126.00602722167969 262.4926452636719 279.74188232421875 
877
3 164.60369873046875 127.55819702148438 256.38629150390625 278.0409851074219 
878
3 162.59408569335938 129.67108154296875 256.34954833984375 279.07379150390625 
879
3 160.11932373046875 130.426025390625 250.09326171875 281.8909606933594 
880
3 158.55712890625 131.57452392578125 248.5296630859375 281.042236328125 
881
3 155.47683715820312 132.18408203125 242.21775817871094 282.5308532714844 
882
3 152.869384765625 133.11570739746094 244.06143188476562 280.40374755859375 
883
3 152.16961669921875 131.69137573242188 238.1908721923828 283.0299072265625 
884
3 149.56231689453125 130.32627868652344 234.76548767089844 287.5108337402344 
885
3 148.4048614501953 130.2320556640625 233.80633544921875 285.05908203125 
886
3 146.9417724609375 130.61968994140625 230.30377197265625 286.10601806640625 
887
3 145.42379760742188 132.82763671875 228.72312927246094 284.6839294433594 
888
3 144.87759399414062 132.99661254882812 227.05990600585938 284.082275390625 
889
3 144.56393432617188 133.31884765625 226.75897216796875 283.013427734375 
890
3 144.17015075683594 133.80763244628906 227.45175170898438 282.529296875 
891
3 143.57943725585938 134.49850463867188 227.52206420898438 284.0122375488281 
892
3 142.54930114746094 134.68321228027344 227.07089233398438 285.87066650390625 
893
3 141.3011474609375 135.14723205566406 225.48204040527344 286.9508361816406 
894
3 140.72332763671875 136.33143615722656 224.1645965576172 287.5644836425781 
895
3 140.02902221679688 135.94371032714844 224.4170379638672 285.72833251953125 
896
3 139.78884887695312 134.9352569580078 229.33544921875 286.5709533691406 
897
3 139.39456176757812 134.884521484375 227.32901000976562 286.0333251953125 
898
3 139.0720977783203 135.3817138671875 225.2977752685547 286.0006103515625 
899
3 138.66522216796875 135.54275512695312 223.2499542236328 285.875732421875 
900
3 138.46963500976562 135.87832641601562 224.94940185546875 286.46917724609375 
901
3 140.90103149414062 137.66319274902344 223.5131072998047 288.51123046875 
902
3 142.3785400390625 138.0953369140625 230.05316162109375 287.6444091796875 
903
3 144.18600463867188 137.47959899902344 227.309326171875 288.6294860839844 
904
3 146.45094299316406 137.9236297607422 229.74131774902344 288.458251953125 
905
3 148.6876678466797 136.93600463867188 230.42160034179688 288.579345703125 
906
3 149.74586486816406 135.07879638671875 235.4742431640625 285.356689453125 
907
3 153.85690307617188 135.314208984375 239.00546264648438 285.7202453613281 
908
3 159.11935424804688 133.28485107421875 246.7019500732422 284.85089111328125 
909
3 164.25897216796875 132.18756103515625 248.769775390625 287.3612060546875 
910
3 168.032958984375 129.634033203125 258.8635559082031 282.1177978515625 
911
3 172.3491668701172 125.18063354492188 269.4925537109375 278.059814453125 
3 172.84909057617188 125.77598571777344 267.573486328125 229.6610107421875 
912
3 175.28387451171875 123.15142822265625 273.0330810546875 274.3108215332031 
913
3 179.88702392578125 123.41543579101562 264.5185241699219 272.4169921875 
914
3 183.23373413085938 122.10914611816406 282.58251953125 274.47088623046875 
3 1900.130126953125 83.32917785644531 1998.8465576171875 153.12338256835938 
3 1747.111083984375 37.7635498046875 1837.612060546875 117.22944641113281 
915
3 190.200439453125 123.66326904296875 284.6505126953125 272.85504150390625 
916
3 196.80923461914062 123.12648010253906 292.7953186035156 271.91668701171875 
917
3 200.1867218017578 119.38336181640625 299.0544738769531 271.3963623046875 
918
3 209.9972686767578 116.11784362792969 308.6746826171875 269.78656005859375 
919
3 216.73008728027344 114.60684204101562 307.79144287109375 227.511962890625 
3 0.0 114.89259338378906 23.494117736816406 152.36309814453125 
920
3 224.1208953857422 113.55325317382812 322.0254211425781 262.2998352050781 
921
3 229.65081787109375 111.23200988769531 313.0517272949219 258.1385192871094 
922
3 232.65139770507812 110.39179992675781 324.3301696777344 260.1316223144531 
3 1946.93994140625 93.70712280273438 2051.645751953125 162.08602905273438 
923
3 238.09852600097656 107.92039489746094 327.95343017578125 257.23388671875 
3 0.10123157501220703 99.71804809570312 37.515289306640625 150.31649780273438 
924
3 241.31936645507812 106.06585693359375 334.88250732421875 256.12994384765625 
3 0.157806396484375 97.51239013671875 42.80215072631836 149.40113830566406 
925
3 247.3258056640625 106.7855224609375 332.4149475097656 256.093505859375 
3 0.2758827209472656 93.72541809082031 51.73713302612305 149.450927734375 
926
3 253.39183044433594 106.06956481933594 341.2144775390625 254.65594482421875 
3 6.4798736572265625 94.19721984863281 59.32809829711914 149.3712921142578 
927
3 258.9889221191406 105.62368774414062 347.90234375 255.52459716796875 
3 8.476112365722656 93.03623962402344 60.38433837890625 147.01800537109375 
928
3 263.2560119628906 104.1114501953125 353.065673828125 251.5152587890625 
3 14.644126892089844 90.07624816894531 64.92068481445312 146.2075653076172 
929
3 265.2613830566406 103.77677917480469 354.47882080078125 251.2205810546875 
3 21.088579177856445 90.28849792480469 68.62277221679688 143.90206909179688 
930
3 269.3076171875 102.92391967773438 355.22198486328125 252.03790283203125 
3 22.895645141601562 90.10177612304688 69.39598083496094 143.91514587402344 
931
3 269.4173889160156 102.34613037109375 353.3012390136719 251.25445556640625 
3 22.755990982055664 89.2468490600586 69.72370147705078 143.65457153320312 
932
3 268.822265625 102.3812255859375 354.1192932128906 250.41482543945312 
3 22.211471557617188 88.69200134277344 69.03958892822266 143.24212646484375 
933
3 268.7305603027344 102.57926940917969 354.0633544921875 250.52642822265625 
3 22.044965744018555 88.77667236328125 68.50630187988281 143.43966674804688 
934
3 268.44366455078125 102.71292114257812 352.03509521484375 250.59588623046875 
3 22.13240623474121 88.97883605957031 68.419921875 144.50823974609375 
935
3 269.1990051269531 102.78314208984375 351.5758056640625 250.81927490234375 
3 22.077499389648438 89.59033966064453 68.96214294433594 145.29489135742188 
936
3 269.2403564453125 102.72782897949219 354.49151611328125 250.98666381835938 
3 21.596786499023438 89.68132019042969 68.60440063476562 145.43572998046875 
937
3 21.376840591430664 89.65652465820312 68.7394790649414 145.32318115234375 
3 269.26422119140625 102.20561218261719 356.4041748046875 251.14089965820312 
938
3 270.8502197265625 100.33543395996094 354.2862243652344 251.01544189453125 
3 21.71552848815918 89.26085662841797 70.11515808105469 143.7579803466797 
939
3 270.04962158203125 98.66914367675781 352.20526123046875 251.1097412109375 
3 24.154560089111328 87.82605743408203 70.49324798583984 142.82791137695312 
940
3 274.36614990234375 97.13473510742188 364.02313232421875 252.3541259765625 
3 26.483448028564453 86.81682586669922 71.33354187011719 142.33889770507812 
941
3 276.3109436035156 96.47256469726562 364.06170654296875 247.66836547851562 
3 27.757469177246094 85.99372100830078 68.24452209472656 140.7913360595703 
942
3 27.86650848388672 85.9747085571289 70.40853118896484 140.40931701660156 
3 276.4765625 96.82525634765625 362.105224609375 248.17327880859375 
943
3 275.83856201171875 97.23239135742188 362.4218444824219 246.833740234375 
3 24.40371322631836 86.31080627441406 73.36527252197266 141.74635314941406 
944
3 273.1637268066406 99.07942199707031 351.2293701171875 251.13955688476562 
3 22.113929748535156 88.8448257446289 70.62042236328125 141.93191528320312 
945
3 271.6402587890625 98.34918212890625 359.40533447265625 254.390380859375 
3 19.779603958129883 90.97612762451172 67.38177490234375 142.97943115234375 
946
3 270.025634765625 98.1180419921875 362.25372314453125 249.54403686523438 
3 16.925813674926758 90.60822296142578 68.26898193359375 143.82257080078125 
947
3 270.53936767578125 98.33773803710938 362.2691650390625 248.03021240234375 
3 15.233497619628906 90.69490051269531 68.04621887207031 143.80697631835938 
948
3 272.9254150390625 97.68736267089844 361.34161376953125 249.71533203125 
3 18.16796875 92.45205688476562 66.52256774902344 143.02761840820312 
949
3 276.4862365722656 97.8927001953125 361.037353515625 256.36895751953125 
3 16.821121215820312 90.66700744628906 69.065185546875 142.15554809570312 
950
3 281.72216796875 97.50637817382812 369.1776123046875 248.2042236328125 
3 20.37657928466797 90.02484130859375 67.48986053466797 141.09616088867188 
951
3 286.85589599609375 95.04791259765625 377.0914306640625 244.19430541992188 
3 27.725067138671875 92.08560180664062 68.05784606933594 138.5605926513672 
952
3 295.2681579589844 94.00015258789062 384.3992004394531 245.54354858398438 
3 29.332542419433594 88.87861633300781 71.93028259277344 137.60916137695312 
953
3 302.5801086425781 93.21929931640625 392.5882873535156 239.26437377929688 
3 35.68675231933594 89.70658874511719 75.85955810546875 132.22254943847656 
954
3 308.3999328613281 90.218994140625 398.4989929199219 239.36892700195312 
3 39.015655517578125 83.80561828613281 78.8902359008789 136.12220764160156 
955
3 315.49005126953125 89.49037170410156 406.2125244140625 239.51611328125 
3 39.649471282958984 82.06925201416016 80.498291015625 129.65399169921875 
956
3 321.333984375 87.98213195800781 411.7059631347656 234.915771484375 
3 52.77150344848633 86.52418518066406 81.92027282714844 127.39308166503906 
3 41.058719635009766 82.54252624511719 79.90127563476562 129.60589599609375 
957
3 327.8894348144531 87.39195251464844 417.42926025390625 235.029296875 
3 52.4818115234375 85.28384399414062 84.9920425415039 129.86875915527344 
958
3 337.3121032714844 86.30030822753906 425.48193359375 236.93890380859375 
3 56.30988311767578 82.84308624267578 90.21232604980469 127.93264770507812 
959
3 348.97247314453125 82.90383911132812 435.8816833496094 235.53302001953125 
3 69.52462768554688 83.718017578125 98.50242614746094 125.77558898925781 
960
3 362.0370788574219 81.68138885498047 450.9468994140625 226.68527221679688 
3 85.04231262207031 80.63557434082031 109.66324615478516 120.50192260742188 
961
3 377.4297180175781 77.96989440917969 463.3700866699219 224.95098876953125 
3 93.37950134277344 73.48153686523438 121.65887451171875 117.8997802734375 
962
3 393.9568786621094 75.62263488769531 480.8926696777344 224.04501342773438 
3 109.8559341430664 71.39347839355469 137.71762084960938 115.68222045898438 
963
3 410.7111511230469 71.25473022460938 493.6877746582031 220.383056640625 
3 410.9906311035156 70.62313842773438 525.9759521484375 222.50054931640625 
3 122.04932403564453 65.60848999023438 152.28533935546875 110.69090270996094 
964
3 424.1195983886719 70.71421813964844 509.5513916015625 221.40576171875 
3 133.71572875976562 61.85377502441406 162.95309448242188 106.28005981445312 
965
3 434.74951171875 67.0941390991211 518.0772705078125 215.03268432617188 
966
3 442.44158935546875 64.8295669555664 522.8749389648438 212.4779052734375 
967
3 448.4737548828125 63.260887145996094 528.2513427734375 211.20928955078125 
3 153.94227600097656 60.33794403076172 183.1586151123047 100.09785461425781 
968
3 455.15771484375 63.19563293457031 537.24951171875 210.62156677246094 
969
3 466.063720703125 63.18421936035156 546.7431640625 208.98236083984375 
970
3 477.8006591796875 62.45994567871094 557.9898681640625 211.4263916015625 
971
3 488.6850891113281 58.83497619628906 572.1785888671875 209.5930633544922 
3 185.67376708984375 50.75970458984375 214.00596618652344 92.28123474121094 
3 220.68408203125 45.28570556640625 249.8619384765625 84.69532775878906 
972
3 497.0192565917969 55.985877990722656 577.025146484375 208.77822875976562 
3 186.25955200195312 44.415802001953125 222.05474853515625 91.13872528076172 
973
3 504.4710388183594 54.24775695800781 586.2122192382812 204.63633728027344 
3 194.92153930664062 45.07051086425781 224.28189086914062 89.85517883300781 
974
3 507.384033203125 55.05232238769531 589.9638061523438 203.51905822753906 
3 197.01953125 51.63861083984375 225.0413818359375 90.3929214477539 
975
3 506.0656433105469 55.33953094482422 588.4639282226562 203.91555786132812 
976
3 505.85394287109375 54.547454833984375 587.1751708984375 204.53741455078125 
3 189.005126953125 51.56217956542969 220.62376403808594 92.01951599121094 
977
3 502.9162292480469 54.091278076171875 585.5731201171875 205.2224578857422 
3 186.8313446044922 51.08740997314453 217.4998321533203 91.2614517211914 
978
3 501.6596374511719 54.13983154296875 584.8568725585938 203.78819274902344 
3 181.97723388671875 51.06555938720703 212.17999267578125 91.9107666015625 
979
3 499.82196044921875 55.014739990234375 580.9652099609375 205.78802490234375 
3 178.78628540039062 51.443153381347656 208.52444458007812 92.46949768066406 
980
3 498.28533935546875 55.470787048339844 579.6201171875 209.2663116455078 
981
3 496.42913818359375 55.913002014160156 579.8927612304688 207.1944122314453 
982
3 493.66021728515625 55.441436767578125 578.2116088867188 208.42544555664062 
3 168.20556640625 59.373939514160156 192.877685546875 96.613525390625 
983
3 491.760498046875 56.51408386230469 574.2999267578125 205.91921997070312 
3 161.09750366210938 50.842994689941406 192.8909149169922 99.53500366210938 
984
3 490.9091491699219 58.32356262207031 574.0159912109375 205.76190185546875 
985
3 491.27001953125 58.22119140625 574.76220703125 206.11935424804688 
986
3 492.5589904785156 57.53907775878906 577.1255493164062 206.33285522460938 
987
3 493.7541198730469 55.75474548339844 578.2507934570312 207.7512969970703 
988
3 494.376220703125 55.64830780029297 576.996826171875 207.3665008544922 
3 152.49862670898438 56.54292297363281 193.28529357910156 101.40509033203125 
989
3 493.3697204589844 56.52073669433594 578.9434204101562 207.3186492919922 
3 148.6555938720703 55.204307556152344 189.625244140625 102.01701354980469 
