0
3 0.20318603515625 340.6737976074219 153.1734161376953 577.8197021484375 
1
3 0.18212127685546875 338.2726745605469 153.86825561523438 577.4283447265625 
2
3 0.19925308227539062 334.34014892578125 155.97242736816406 569.5753173828125 
3
3 0.14661026000976562 332.40313720703125 142.28546142578125 564.4841918945312 
4
3 0.16820144653320312 326.72979736328125 148.0182342529297 558.1488037109375 
5
3 0.16957855224609375 324.6920166015625 147.2580108642578 552.7076416015625 
6
3 0.191314697265625 322.3729248046875 141.2713623046875 545.2283935546875 
7
3 0.3172149658203125 319.9173583984375 141.7030487060547 541.45068359375 
8
3 0.13143157958984375 317.786865234375 140.53433227539062 534.8206176757812 
9
3 0.0 310.62005615234375 142.10528564453125 529.7156982421875 
10
3 0.20939254760742188 282.7308349609375 142.33505249023438 528.0614013671875 
11
3 0.15992355346679688 282.4720458984375 142.7305450439453 529.6624755859375 
12
3 0.17858505249023438 275.032958984375 143.18099975585938 528.6917114257812 
13
3 0.15330123901367188 269.60443115234375 142.25672912597656 526.6160278320312 
14
3 0.20061492919921875 260.95947265625 142.22714233398438 525.9581298828125 
15
3 0.10998153686523438 261.40594482421875 142.60662841796875 523.420654296875 
16
3 0.177001953125 262.80657958984375 143.5734100341797 524.2191772460938 
3 0.085418701171875 261.2379150390625 143.8466796875 524.4789428710938 
17
3 0.09654998779296875 261.8547668457031 145.16702270507812 523.3211669921875 
18
3 0.11789703369140625 261.05322265625 148.7381591796875 523.0940551757812 
19
3 0.10597991943359375 260.030517578125 150.23471069335938 523.06298828125 
20
3 0.07448959350585938 258.8568115234375 150.432373046875 504.57489013671875 
21
3 0.004913330078125 257.78662109375 150.24343872070312 500.99530029296875 
22
3 0.07440185546875 256.3519592285156 151.19998168945312 492.90582275390625 
23
3 0.0 256.3792724609375 151.25784301757812 493.3763427734375 
24
3 0.007404327392578125 253.9022216796875 150.78555297851562 492.96990966796875 
25
3 0.016193389892578125 253.056884765625 150.51934814453125 488.52056884765625 
26
3 0.056427001953125 252.40139770507812 155.16314697265625 487.8253173828125 
27
3 0.08822250366210938 249.99005126953125 159.90020751953125 491.46331787109375 
28
3 0.1119384765625 248.99539184570312 164.95565795898438 482.99468994140625 
29
3 0.16318893432617188 247.8873291015625 166.2079315185547 480.6024169921875 
30
3 0.28118896484375 247.50152587890625 171.5003662109375 479.88702392578125 
31
3 0.2472381591796875 248.0140380859375 172.2559356689453 478.66314697265625 
32
3 0.24674224853515625 247.81768798828125 171.1849365234375 478.9949951171875 
33
34
3 0.14075088500976562 248.0362548828125 164.5584716796875 475.1661376953125 
35
3 0.10913848876953125 247.94415283203125 159.2511444091797 475.8369140625 
36
3 0.07947158813476562 244.519775390625 156.62548828125 477.16839599609375 
37
3 0.0887603759765625 244.761474609375 153.64224243164062 475.84014892578125 
38
3 0.11330413818359375 243.34567260742188 152.06993103027344 472.8544921875 
39
3 0.18868255615234375 244.5582275390625 152.37144470214844 469.23675537109375 
40
3 0.08506393432617188 240.18212890625 154.76138305664062 468.5522766113281 
3 0.0 241.62542724609375 155.9907684326172 468.451904296875 
41
3 0.18328857421875 240.24411010742188 155.89590454101562 468.5331115722656 
42
3 0.0 238.27951049804688 155.7354736328125 464.753662109375 
43
3 0.0 236.49508666992188 156.65277099609375 466.25921630859375 
44
3 0.0 236.73739624023438 155.1346893310547 463.9313049316406 
45
3 0.06827545166015625 236.308349609375 153.9167022705078 461.6270446777344 
46
3 0.0 234.17355346679688 154.14535522460938 460.28948974609375 
47
3 0.0 234.3363037109375 152.92044067382812 460.5709228515625 
48
3 0.0 236.41241455078125 152.4202117919922 456.6689758300781 
49
3 0.0 237.568359375 150.9969482421875 449.9186706542969 
50
3 0.0 237.73089599609375 152.14817810058594 449.9932556152344 
51
3 0.0644989013671875 237.1898193359375 151.8156280517578 449.4149169921875 
52
3 0.103302001953125 236.58441162109375 151.26760864257812 448.4167175292969 
53
54
55
56
3 0.355743408203125 235.09991455078125 150.30703735351562 445.8463439941406 
57
58
3 0.40995025634765625 232.65521240234375 149.3959503173828 436.36810302734375 
59
3 0.4656219482421875 233.75302124023438 151.6375732421875 439.46575927734375 
3 0.34771728515625 234.65777587890625 152.3243865966797 440.77978515625 
60
3 0.41033935546875 233.93600463867188 152.04701232910156 438.4808349609375 
61
3 0.5469894409179688 230.34613037109375 151.8799285888672 432.1632080078125 
3 1943.929931640625 125.05044555664062 2041.85693359375 198.8334503173828 
62
3 1944.4716796875 124.57905578613281 2041.7728271484375 200.33624267578125 
3 0.390472412109375 226.74853515625 152.02313232421875 429.30560302734375 
63
3 0.36774444580078125 228.26678466796875 150.41293334960938 426.4032287597656 
3 1945.163330078125 122.01570129394531 2040.773193359375 198.57569885253906 
64
3 1944.2596435546875 120.76779174804688 2040.247802734375 200.32208251953125 
3 0.5260238647460938 227.64349365234375 151.2083282470703 426.8079833984375 
3 0.44602203369140625 227.0841064453125 150.91586303710938 426.9580993652344 
65
3 0.514495849609375 231.1602783203125 154.00039672851562 428.98150634765625 
3 1943.512939453125 117.95193481445312 2037.43603515625 200.16726684570312 
66
3 0.37895965576171875 231.23211669921875 151.81944274902344 429.4402770996094 
3 1942.345947265625 116.61898803710938 2036.809326171875 200.126220703125 
67
3 0.36913299560546875 228.4669189453125 154.17239379882812 428.0296630859375 
3 1942.4112548828125 113.96675109863281 2035.887451171875 190.68075561523438 
68
3 0.2630767822265625 227.63592529296875 155.09027099609375 425.86065673828125 
3 1940.315185546875 109.76986694335938 2034.5235595703125 200.02679443359375 
69
3 0.3011016845703125 227.58245849609375 156.36529541015625 423.4281005859375 
3 1939.702392578125 107.36286926269531 2033.3746337890625 200.34945678710938 
70
3 0.213897705078125 225.2215576171875 156.19815063476562 424.27667236328125 
3 1938.26220703125 105.1761474609375 2032.80615234375 200.5053253173828 
71
3 0.144744873046875 224.338134765625 156.1623077392578 424.3144226074219 
3 1936.3424072265625 102.755859375 2029.5404052734375 200.0576934814453 
72
3 0.0866241455078125 222.1766357421875 155.26654052734375 425.2779541015625 
3 1934.3416748046875 99.37666320800781 2029.593505859375 199.25875854492188 
73
3 0.294647216796875 222.31430053710938 154.51593017578125 426.21435546875 
3 1932.707275390625 98.27801513671875 2028.4415283203125 201.49191284179688 
74
3 0.13672637939453125 222.92657470703125 154.21334838867188 425.5215148925781 
3 1929.946044921875 95.76736450195312 2025.33251953125 201.31729125976562 
75
3 0.066497802734375 222.22268676757812 154.5416259765625 426.2899169921875 
3 1928.728515625 94.76007080078125 2024.710693359375 204.22637939453125 
76
3 0.3384552001953125 221.16226196289062 154.92967224121094 425.02398681640625 
3 1928.253173828125 93.73313903808594 2022.907958984375 203.30638122558594 
77
3 1.5166168212890625 218.34994506835938 154.92796325683594 425.4153747558594 
3 1927.13525390625 92.23587036132812 2021.34716796875 202.3069610595703 
78
3 2.90069580078125 217.123291015625 156.20672607421875 424.46990966796875 
3 1926.1824951171875 91.55721282958984 2020.9676513671875 199.91427612304688 
79
3 2.7571868896484375 215.5460205078125 158.04234313964844 417.2908020019531 
3 1924.8023681640625 90.74381256103516 2018.9505615234375 201.9923095703125 
80
3 2.4836807250976562 214.653076171875 158.28004455566406 418.8396301269531 
3 1923.1812744140625 90.26417541503906 2016.7828369140625 202.48031616210938 
81
3 3.219085693359375 214.29974365234375 158.57705688476562 417.16070556640625 
3 1920.961181640625 90.11880493164062 2016.85302734375 195.63902282714844 
82
3 4.309722900390625 212.8459930419922 160.05648803710938 413.48382568359375 
3 1913.385498046875 89.923828125 2016.4837646484375 193.6519012451172 
83
3 5.542205810546875 209.95999145507812 160.00323486328125 411.35833740234375 
3 1908.3955078125 89.98519134521484 2015.2568359375 192.37554931640625 
84
3 6.364387512207031 209.85174560546875 159.49220275878906 409.1297607421875 
3 1905.0938720703125 90.22351837158203 2013.444580078125 192.6350860595703 
85
3 7.311180114746094 208.53555297851562 159.83119201660156 409.56231689453125 
3 1905.0272216796875 90.3298110961914 2013.43896484375 192.70803833007812 
86
3 8.8951416015625 207.7928466796875 158.83221435546875 405.1203308105469 
3 1903.8834228515625 90.56459045410156 2013.0809326171875 192.19369506835938 
87
3 9.619903564453125 207.73883056640625 159.22128295898438 401.8235168457031 
3 1904.2501220703125 90.55233764648438 2012.7728271484375 191.69097900390625 
88
3 9.727127075195312 207.3797607421875 159.42425537109375 401.1542663574219 
3 1903.9775390625 90.81829833984375 2012.005126953125 191.6194610595703 
89
3 1904.5384521484375 91.50352478027344 2011.5152587890625 192.90771484375 
3 10.535964965820312 205.7232208251953 159.16665649414062 401.9305725097656 
90
3 2312.365234375 855.1641235351562 2559.04052734375 1076.2327880859375 
3 1904.3846435546875 92.10501098632812 2011.4034423828125 192.9700164794922 
3 10.208076477050781 205.25042724609375 160.470703125 398.9224853515625 
91
3 2310.708984375 830.6353759765625 2559.059326171875 1076.51806640625 
3 1904.4168701171875 92.32467651367188 2011.3629150390625 193.87782287597656 
3 11.062347412109375 205.3986053466797 160.58621215820312 397.9745788574219 
92
3 12.777488708496094 205.45855712890625 160.35678100585938 397.7024230957031 
3 1904.4649658203125 92.65032958984375 2011.551513671875 193.75155639648438 
3 2278.465576171875 803.687744140625 2558.927001953125 1075.7186279296875 
93
3 13.535202026367188 205.17530822753906 160.90145874023438 396.70855712890625 
3 1904.8330078125 93.25167846679688 2011.978515625 194.79104614257812 
0 2215.38134765625 797.31005859375 2559.07568359375 1074.0234375 
94
1 2081.701171875 767.116455078125 2558.580810546875 1075.567626953125 
3 1904.62158203125 93.3682861328125 2012.4022216796875 195.1156005859375 
3 14.129928588867188 205.22311401367188 160.00848388671875 396.3741149902344 
95
0 2027.33251953125 771.9036865234375 2557.9287109375 1069.5880126953125 
3 1904.795166015625 93.56440734863281 2012.786865234375 196.42852783203125 
3 15.894012451171875 205.11854553222656 160.55850219726562 397.59429931640625 
96
0 1994.879638671875 720.0206909179688 2558.39697265625 1044.5771484375 
3 1904.60400390625 93.89973449707031 2015.17822265625 196.427978515625 
3 16.552600860595703 205.064453125 164.08544921875 395.615966796875 
3 2304.987060546875 945.41845703125 2558.846435546875 1078.178466796875 
97
0 1972.670654296875 716.7088623046875 2558.201171875 1053.0745849609375 
3 1904.496826171875 94.12748718261719 2016.2490234375 197.3377685546875 
3 17.38951873779297 204.17337036132812 161.48716735839844 391.94622802734375 
98
3 16.72272491455078 203.36898803710938 164.7512969970703 386.64178466796875 
3 1904.90185546875 95.09573364257812 2017.365478515625 197.08131408691406 
0 1951.3204345703125 683.68896484375 2557.7294921875 1010.7613525390625 
3 2277.753662109375 879.373291015625 2558.718994140625 1076.6585693359375 
99
0 1939.0133056640625 587.0374755859375 2558.8212890625 1006.4326171875 
3 17.358047485351562 203.08648681640625 165.2366943359375 382.1454162597656 
3 1906.4912109375 96.06793212890625 2020.9715576171875 200.2301025390625 
3 2268.1767578125 856.9563598632812 2558.772216796875 1077.25390625 
100
0 1926.836181640625 545.3854370117188 2558.317138671875 999.4830322265625 
3 1906.3663330078125 97.81497192382812 2023.29833984375 200.52346801757812 
3 29.23285675048828 202.94036865234375 164.62469482421875 382.34783935546875 
3 2223.926513671875 834.8021850585938 2558.976318359375 1075.6668701171875 
101
0 1921.211669921875 526.184814453125 2557.929443359375 1008.4205322265625 
3 1906.615234375 98.43586730957031 2024.7279052734375 200.50115966796875 
3 29.483566284179688 199.8118896484375 163.8045654296875 380.1778564453125 
3 2176.033447265625 818.8707885742188 2559.10107421875 1075.51220703125 
102
0 1918.440185546875 514.6297607421875 2558.067626953125 1014.657958984375 
3 1906.3328857421875 98.51663208007812 2028.830810546875 200.68655395507812 
3 31.688812255859375 199.63778686523438 164.37657165527344 380.05718994140625 
103
0 1919.0859375 501.0662841796875 2557.6103515625 1009.2294921875 
3 24.300201416015625 200.07818603515625 165.0638427734375 378.23431396484375 
3 1905.1856689453125 99.42439270019531 2029.8731689453125 200.9169158935547 
1 1843.065673828125 789.677490234375 2559.049560546875 1076.1077880859375 
104
0 1919.51123046875 486.5865478515625 2557.580078125 1019.864990234375 
3 15.839401245117188 200.49098205566406 163.54971313476562 379.3521423339844 
1 1810.05322265625 774.0870971679688 2524.82666015625 1076.2186279296875 
3 1906.200439453125 101.04730224609375 2033.3134765625 201.36447143554688 
105
1 1784.7808837890625 759.2833251953125 2482.3017578125 1076.2060546875 
0 1920.16845703125 469.04949951171875 2556.376708984375 1012.981201171875 
3 17.897567749023438 199.77752685546875 161.85548400878906 378.3880615234375 
3 1905.5819091796875 102.03611755371094 2034.796875 201.0393524169922 
106
1 1743.114990234375 738.04052734375 2444.20947265625 1076.4080810546875 
3 33.164146423339844 197.71212768554688 161.66806030273438 379.42828369140625 
3 1907.659423828125 102.29373168945312 2036.8272705078125 200.3216552734375 
0 1919.73779296875 452.5599365234375 2535.46435546875 1002.624267578125 
0 2131.125 452.79278564453125 2532.938232421875 863.0017700195312 
107
1 1648.869873046875 717.5615844726562 2400.026611328125 1077.4771728515625 
3 23.18054962158203 196.19920349121094 161.506103515625 379.9513244628906 
3 1909.7840576171875 103.213134765625 2037.0552978515625 200.5166015625 
0 1919.294189453125 434.38348388671875 2511.708251953125 990.027587890625 
108
1 1643.9700927734375 690.8882446289062 2365.360595703125 1076.82470703125 
3 22.39794921875 194.21290588378906 161.36386108398438 378.56976318359375 
3 1913.3565673828125 105.54156494140625 2038.8135986328125 199.79856872558594 
0 2020.3355712890625 421.60504150390625 2487.999755859375 854.3696899414062 
0 1930.73681640625 419.7183837890625 2487.896484375 973.3252563476562 
109
0 1673.40380859375 668.0032348632812 2331.61376953125 1074.980224609375 
3 22.9605712890625 194.3079833984375 161.94271850585938 378.798095703125 
1 1989.69189453125 406.5721435546875 2463.60888671875 841.505859375 
3 1914.3399658203125 106.25346374511719 2041.622802734375 199.75527954101562 
110
1 1642.939208984375 647.3026123046875 2298.10498046875 1075.598876953125 
3 27.369552612304688 194.1095733642578 160.84974670410156 378.4173278808594 
0 1944.7197265625 395.4093017578125 2438.22216796875 896.87939453125 
111
2 1643.1114501953125 622.85009765625 2266.269287109375 1075.211181640625 
3 30.988075256347656 193.53277587890625 160.48281860351562 378.21600341796875 
3 1941.152587890625 106.68240356445312 2041.984375 195.79986572265625 
0 1944.3896484375 386.4613037109375 2408.108642578125 870.7460327148438 
3 2162.6494140625 387.2416687011719 2408.44921875 867.1377563476562 
112
0 1639.448486328125 603.2529296875 2239.646240234375 1074.397705078125 
3 34.694244384765625 192.57110595703125 160.79537963867188 378.31427001953125 
3 2148.706787109375 382.0221252441406 2379.32958984375 796.8656005859375 
113
0 1639.170166015625 581.0492553710938 2209.416259765625 1073.013427734375 
3 39.11848449707031 192.48391723632812 162.46266174316406 378.67962646484375 
3 2131.601318359375 374.7153015136719 2347.753662109375 797.8440551757812 
114
0 1634.6702880859375 566.7610473632812 2177.7392578125 1072.4293212890625 
3 41.316009521484375 192.48858642578125 160.21702575683594 379.08355712890625 
1 2110.452880859375 367.25994873046875 2315.66015625 808.481201171875 
3 1946.2947998046875 108.26348876953125 2042.138427734375 194.71826171875 
115
0 1622.589111328125 550.6005859375 2147.93505859375 1070.25244140625 
3 40.718902587890625 192.92269897460938 162.0975341796875 377.551025390625 
1 2080.47216796875 362.368896484375 2282.054931640625 845.215576171875 
116
0 1595.099365234375 536.6497802734375 2117.04296875 1069.480224609375 
3 37.832763671875 192.90147399902344 164.74029541015625 376.5796203613281 
0 1934.873046875 354.4565734863281 2253.58740234375 1002.0506591796875 
3 1950.304443359375 110.17623901367188 2043.0155029296875 195.32847595214844 
1 2061.59912109375 355.9978332519531 2250.489501953125 830.9274291992188 
117
0 1542.9935302734375 523.15234375 2085.19677734375 1071.1787109375 
3 35.20439147949219 192.77232360839844 166.13336181640625 377.2786865234375 
3 1951.241943359375 110.22074890136719 2043.1558837890625 197.23849487304688 
0 1911.761962890625 348.3003234863281 2223.6728515625 998.0018310546875 
1 2031.7998046875 350.6776428222656 2220.894287109375 791.388671875 
118
0 1492.728515625 515.0237426757812 2048.49609375 1070.5518798828125 
3 33.431861877441406 192.59048461914062 166.52194213867188 386.82452392578125 
0 1894.428955078125 342.3108215332031 2189.74853515625 992.697509765625 
3 1952.72412109375 110.26664733886719 2043.87841796875 200.1494598388672 
119
0 1449.252197265625 507.990966796875 2018.8648681640625 1069.786376953125 
3 36.9561767578125 192.49859619140625 168.4791259765625 383.946044921875 
3 1953.8541259765625 110.79032897949219 2043.140380859375 200.74221801757812 
0 1911.1953125 330.4705505371094 2162.369384765625 987.1287841796875 
1 1970.2821044921875 329.34820556640625 2163.013916015625 778.5634765625 
120
0 1407.65576171875 501.7239990234375 1974.0245361328125 1068.607421875 
3 36.69854736328125 192.39813232421875 171.49412536621094 382.4398193359375 
3 1954.4898681640625 113.1004638671875 2042.2999267578125 202.076904296875 
0 1879.41845703125 320.73211669921875 2133.6552734375 979.971435546875 
1 1934.0994873046875 322.0243835449219 2135.871826171875 753.4830932617188 
1 1933.67529296875 321.98321533203125 2136.330322265625 755.3192138671875 
121
0 1428.445556640625 497.6365966796875 1938.5107421875 1070.3209228515625 
3 1954.669677734375 113.57463073730469 2042.2779541015625 202.7668914794922 
3 37.070167541503906 192.36892700195312 170.65365600585938 376.5861511230469 
1 1899.9339599609375 316.01605224609375 2110.867431640625 740.0621948242188 
0 1856.00146484375 315.5535583496094 2110.146240234375 966.032470703125 
122
0 1369.18896484375 490.57568359375 1897.536376953125 1070.0006103515625 
3 1955.0684814453125 113.58050537109375 2038.7481689453125 204.18588256835938 
0 1828.817626953125 301.5036926269531 2086.40869140625 949.7037353515625 
3 33.27052307128906 192.16015625 171.27206420898438 376.8975830078125 
123
0 1366.6602783203125 483.9332275390625 1867.6629638671875 1070.2607421875 
3 1955.603759765625 113.97329711914062 2036.6781005859375 204.77459716796875 
3 31.341629028320312 192.2887420654297 172.5326690673828 377.7967529296875 
0 1812.16259765625 293.11181640625 2064.845703125 927.8809204101562 
1 1830.2791748046875 293.4359130859375 2063.795654296875 710.5643920898438 
124
0 1356.51806640625 477.73980712890625 1836.1123046875 1069.094482421875 
3 1957.646728515625 114.567626953125 2037.8831787109375 204.61770629882812 
0 1783.940185546875 280.2065124511719 2043.2413330078125 903.685546875 
1 1793.1448974609375 280.1805114746094 2043.45751953125 698.3016357421875 
3 28.264724731445312 192.48297119140625 172.34681701660156 378.0958557128906 
125
0 1358.47607421875 466.2869567871094 1815.1650390625 1066.85205078125 
3 1958.1070556640625 115.19085693359375 2037.010986328125 204.95883178710938 
0 1750.4041748046875 267.53399658203125 2025.9945068359375 881.14990234375 
3 27.238540649414062 192.36697387695312 172.14047241210938 378.075439453125 
126
0 1359.46630859375 456.72857666015625 1775.885498046875 1052.96923828125 
1 1740.413818359375 261.79608154296875 2004.103271484375 850.9417724609375 
3 28.433319091796875 192.94435119628906 175.1361541748047 380.1514892578125 
3 1958.6649169921875 115.05484008789062 2037.00341796875 204.76220703125 
127
1 1713.884521484375 248.10604858398438 1983.03076171875 838.65380859375 
0 1354.71435546875 446.45587158203125 1753.4671630859375 970.5599365234375 
3 29.893226623535156 192.89691162109375 175.38217163085938 381.6898193359375 
3 1959.3719482421875 115.55018615722656 2037.819580078125 203.80853271484375 
128
0 1701.1751708984375 242.00360107421875 1963.79345703125 858.1806640625 
0 1340.701416015625 433.0330505371094 1728.20654296875 970.1546630859375 
3 33.8392333984375 193.0526885986328 181.6500244140625 383.73272705078125 
3 1960.11181640625 116.0169677734375 2038.8851318359375 203.90106201171875 
129
0 1683.5399169921875 238.7109375 1941.9134521484375 859.4766845703125 
0 1325.9461669921875 420.4080810546875 1708.14111328125 962.082275390625 
3 1959.6148681640625 117.21182250976562 2039.2691650390625 203.03750610351562 
130
0 1298.7010498046875 405.4839782714844 1688.6279296875 960.8951416015625 
0 1670.8206787109375 234.29269409179688 1920.5811767578125 859.9992065429688 
3 38.837677001953125 192.88587951660156 177.48855590820312 383.5456848144531 
3 40.235076904296875 195.85707092285156 217.57420349121094 383.7227478027344 
3 1960.103759765625 117.34483337402344 2040.785888671875 202.83685302734375 
3 39.30729675292969 193.13430786132812 183.39105224609375 382.90185546875 
131
0 1261.32421875 392.7998352050781 1670.203857421875 960.2813720703125 
0 1658.2586669921875 233.91558837890625 1897.825927734375 860.2581176757812 
3 39.661407470703125 193.407958984375 177.2277374267578 382.3916015625 
132
0 1234.8515625 382.2636413574219 1657.392822265625 959.9010009765625 
0 1645.151123046875 234.63699340820312 1876.8956298828125 858.9706420898438 
3 39.68098449707031 193.93479919433594 176.77923583984375 383.103759765625 
133
0 1207.119140625 374.44891357421875 1621.2236328125 958.81640625 
0 1611.43994140625 233.7738037109375 1853.3798828125 856.4180908203125 
3 39.90069580078125 194.24301147460938 180.49639892578125 383.0269775390625 
3 1962.150146484375 119.12823486328125 2040.412353515625 202.25857543945312 
134
0 1182.5765380859375 369.31671142578125 1602.2763671875 959.6881713867188 
1 1584.3193359375 232.70855712890625 1829.99853515625 838.8862915039062 
3 39.92144775390625 194.44122314453125 184.689453125 384.5738525390625 
135
0 1160.313720703125 365.81170654296875 1576.481689453125 959.9317016601562 
1 1573.2552490234375 228.95303344726562 1804.83349609375 822.6659545898438 
3 39.769927978515625 195.44985961914062 179.11019897460938 384.76708984375 
136
0 1142.7020263671875 364.0452880859375 1568.8587646484375 957.625 
1 1543.5216064453125 224.74099731445312 1784.1627197265625 819.4251098632812 
3 39.754913330078125 195.21060180664062 176.28561401367188 385.8008117675781 
137
0 1125.4710693359375 362.3060607910156 1545.322265625 956.544921875 
1 1516.86181640625 222.12255859375 1774.1568603515625 809.0643310546875 
3 39.786346435546875 195.140380859375 173.950439453125 387.27520751953125 
138
0 1110.9415283203125 361.8333740234375 1514.4168701171875 955.7369384765625 
1 1487.431396484375 217.67910766601562 1755.791748046875 792.8902587890625 
3 39.757232666015625 194.7617645263672 170.5701141357422 388.7076110839844 
139
1 1463.052490234375 214.391357421875 1736.8184814453125 774.4296875 
0 1102.8231201171875 359.13165283203125 1480.2955322265625 953.0457763671875 
3 39.289649963378906 196.85629272460938 168.68869018554688 391.1257629394531 
140
0 1093.3126220703125 357.029052734375 1471.4720458984375 950.1828002929688 
1 1441.743408203125 208.48861694335938 1713.719970703125 757.409912109375 
3 38.71263885498047 194.00927734375 168.13609313964844 388.8597412109375 
141
1 1422.59130859375 201.1044921875 1686.247314453125 736.208984375 
0 1082.584228515625 348.9793701171875 1466.229248046875 939.6135864257812 
3 38.80390930175781 193.60850524902344 165.6539306640625 388.02593994140625 
142
1 1413.701904296875 191.99655151367188 1662.2635498046875 725.611572265625 
0 1075.7265625 341.7707824707031 1450.4383544921875 935.93115234375 
3 38.977203369140625 193.34194946289062 162.53915405273438 389.29193115234375 
143
1 1398.4163818359375 186.05844116210938 1651.3507080078125 724.858642578125 
0 1066.9534912109375 332.86236572265625 1419.9219970703125 923.8812866210938 
3 38.16795349121094 194.22628784179688 160.81430053710938 384.19744873046875 
144
1 1377.3570556640625 180.239013671875 1635.931884765625 723.9581298828125 
0 1062.18603515625 326.7723693847656 1393.2467041015625 915.0469970703125 
3 35.931427001953125 194.37464904785156 159.22186279296875 386.8768310546875 
145
0 1054.7564697265625 316.8555908203125 1372.5928955078125 883.688232421875 
1 1358.6534423828125 174.8857421875 1625.23779296875 725.4819946289062 
3 34.06086730957031 196.97705078125 158.49205017089844 386.9541320800781 
146
0 1049.9866943359375 306.1768798828125 1359.4879150390625 854.8228149414062 
1 1342.7542724609375 174.213134765625 1610.504638671875 725.7679443359375 
3 34.05824279785156 198.3593292236328 158.72650146484375 388.3088684082031 
147
1 1324.3709716796875 171.01190185546875 1592.9296875 723.693603515625 
1 1044.636962890625 296.3761901855469 1341.145263671875 831.4588623046875 
3 33.78228759765625 198.36572265625 160.30406188964844 388.04852294921875 
148
1 1311.374267578125 171.64764404296875 1574.4061279296875 722.014892578125 
1 1035.963623046875 285.97882080078125 1327.6162109375 805.406005859375 
3 32.49884796142578 200.3785400390625 160.0718536376953 391.5724792480469 
149
1 1034.56689453125 279.04302978515625 1316.029052734375 788.4476318359375 
1 1295.1998291015625 172.53594970703125 1556.2486572265625 709.329833984375 
3 32.345481872558594 199.942138671875 162.81991577148438 390.93048095703125 
150
1 1280.9322509765625 174.07492065429688 1539.0240478515625 706.7774047851562 
1 1032.0732421875 273.8443908691406 1301.596923828125 790.2642822265625 
3 32.173492431640625 197.13827514648438 161.64700317382812 390.9720458984375 
151
1 1033.211181640625 272.032470703125 1291.507080078125 787.9752197265625 
1 1266.752685546875 174.22857666015625 1521.146484375 711.1820068359375 
152
1 1025.66748046875 270.941650390625 1279.8673095703125 788.4812622070312 
1 1252.6683349609375 174.2978515625 1517.3165283203125 706.3741455078125 
3 32.83717346191406 200.95806884765625 158.22164916992188 389.1347961425781 
153
1 1238.6790771484375 171.94219970703125 1514.7730712890625 708.6692504882812 
1 1018.647216796875 271.97540283203125 1269.6805419921875 789.2224731445312 
3 32.27589416503906 202.2593994140625 175.7506103515625 390.8834228515625 
154
1 1223.703369140625 170.28121948242188 1507.2015380859375 705.0813598632812 
1 999.4635009765625 273.577880859375 1258.011962890625 782.709716796875 
3 31.786521911621094 202.43724060058594 181.267578125 393.2339782714844 
155
1 1209.38330078125 166.00592041015625 1493.1651611328125 704.4000244140625 
3 31.20716094970703 203.06411743164062 185.65814208984375 391.397705078125 
1 984.3343505859375 274.0812683105469 1254.82568359375 788.43798828125 
156
1 979.8746337890625 273.8496398925781 1248.80712890625 757.3251342773438 
1 1197.4688720703125 161.912841796875 1464.1888427734375 696.19384765625 
3 30.571929931640625 203.34100341796875 181.3560028076172 390.28143310546875 
157
1 962.8190307617188 271.3498840332031 1246.320556640625 770.9608154296875 
3 30.421112060546875 203.52931213378906 187.1632843017578 388.35003662109375 
1 1186.59375 158.09515380859375 1420.515869140625 668.0287475585938 
158
1 949.6036376953125 269.0323181152344 1218.1317138671875 718.9025268554688 
3 29.978668212890625 204.45108032226562 187.49044799804688 387.93560791015625 
1 1172.318115234375 153.3160400390625 1394.475341796875 650.2952880859375 
159
3 29.713470458984375 204.82928466796875 192.9430389404297 389.12872314453125 
1 937.7950439453125 264.61688232421875 1201.1478271484375 698.330322265625 
1 1170.3582763671875 149.4644775390625 1377.24658203125 653.3557739257812 
160
3 29.9476318359375 205.16885375976562 194.8458251953125 392.6611328125 
2 1166.1287841796875 142.953125 1359.812744140625 615.9754028320312 
1 925.101806640625 257.86590576171875 1208.1285400390625 729.2940673828125 
161
2 1161.421630859375 139.24203491210938 1346.88330078125 616.6115112304688 
3 29.9073486328125 205.30255126953125 195.1934356689453 396.55743408203125 
1 909.0042724609375 244.892822265625 1180.866455078125 692.6341552734375 
162
3 30.290000915527344 205.25131225585938 193.4492645263672 396.0662841796875 
2 1147.27392578125 134.9783935546875 1333.555908203125 616.6371459960938 
1 893.5757446289062 243.1182861328125 1159.32373046875 679.5009155273438 
163
1 878.6312255859375 237.4075927734375 1137.076904296875 664.0804443359375 
2 1135.44873046875 131.12777709960938 1321.585693359375 614.9945068359375 
3 31.535133361816406 204.66976928710938 195.7589569091797 395.64581298828125 
164
1 868.9921264648438 230.00396728515625 1119.3837890625 662.3882446289062 
3 32.73634338378906 203.08029174804688 194.256591796875 394.01220703125 
2 1122.2723388671875 130.4578857421875 1308.5322265625 615.91455078125 
165
1 858.4366455078125 224.6142578125 1107.7088623046875 673.8155517578125 
3 33.47753143310547 201.3577880859375 192.708984375 395.1191711425781 
2 1089.4459228515625 131.67013549804688 1303.896240234375 614.51904296875 
166
1 851.0368041992188 222.1119384765625 1097.05810546875 675.984130859375 
2 1077.2066650390625 134.00518798828125 1302.756591796875 614.927734375 
3 33.679595947265625 204.04635620117188 190.89405822753906 400.609375 
167
2 1074.1036376953125 135.6571044921875 1301.86572265625 614.9833984375 
3 34.05145263671875 203.7723846435547 190.09478759765625 403.00146484375 
1 845.516845703125 220.818115234375 1082.8310546875 675.2356567382812 
168
2 1065.8533935546875 138.70465087890625 1299.357666015625 613.045166015625 
3 33.86164855957031 203.9422149658203 188.8106231689453 407.1573486328125 
1 837.4796142578125 220.87649536132812 1071.159912109375 675.970458984375 
169
2 1063.87744140625 138.98321533203125 1297.6497802734375 611.338134765625 
3 34.266510009765625 203.68707275390625 186.9761962890625 405.8424987792969 
1 829.6137084960938 220.30734252929688 1061.7562255859375 673.1458129882812 
170
2 1058.2730712890625 138.3184814453125 1298.55029296875 604.3084106445312 
1 826.1080322265625 220.96829223632812 1060.484130859375 676.5498657226562 
3 34.042510986328125 202.5322723388672 186.3861846923828 406.0472412109375 
171
2 1043.66552734375 137.74591064453125 1294.33984375 595.4087524414062 
3 34.744361877441406 201.66561889648438 188.60284423828125 407.6887512207031 
1 820.7872314453125 221.6748046875 1056.028564453125 660.18359375 
172
2 1032.6533203125 137.45635986328125 1288.5263671875 588.2949829101562 
1 814.6759643554688 220.98095703125 1050.50048828125 653.0189208984375 
3 36.80914306640625 199.55679321289062 189.69808959960938 406.8128662109375 
173
2 1018.247314453125 134.14776611328125 1274.44091796875 581.61181640625 
3 38.22124481201172 198.91049194335938 189.86968994140625 403.10113525390625 
1 811.2686157226562 218.91522216796875 1045.8729248046875 654.30615234375 
174
1 806.6994018554688 215.34555053710938 1057.4019775390625 665.498291015625 
2 1004.7623291015625 128.84628295898438 1259.0487060546875 567.3343505859375 
3 38.32078552246094 198.73997497558594 189.7861328125 401.7588195800781 
175
1 801.360595703125 209.76715087890625 1041.1917724609375 660.7259521484375 
2 995.4200439453125 124.00807189941406 1239.2847900390625 555.0608520507812 
3 38.79193115234375 198.64218139648438 189.4022674560547 400.7984619140625 
176
2 988.7481689453125 122.3060302734375 1214.1812744140625 541.978759765625 
1 795.5615234375 204.81231689453125 1027.6663818359375 652.53369140625 
3 39.1239013671875 198.59475708007812 189.2579345703125 402.05560302734375 
177
2 979.082275390625 118.4197998046875 1180.77880859375 537.4521484375 
3 39.281333923339844 197.88388061523438 189.3332977294922 403.9593200683594 
1 789.9714965820312 199.43109130859375 1010.537109375 638.604248046875 
178
2 786.7339477539062 193.6976318359375 998.7789306640625 616.9617919921875 
2 972.89111328125 114.81097412109375 1175.5518798828125 533.5989990234375 
3 40.13970947265625 197.19439697265625 189.16445922851562 403.4854431152344 
179
2 964.3421020507812 110.23504638671875 1160.7626953125 539.2474975585938 
3 41.18125915527344 197.03335571289062 188.704833984375 401.3384094238281 
2 780.9778442382812 186.7474365234375 979.5202026367188 562.1107177734375 
180
2 775.8673095703125 181.80372619628906 971.4764404296875 556.40380859375 
2 951.9771118164062 109.15771484375 1152.324462890625 534.5699462890625 
3 41.76024627685547 196.64447021484375 188.69313049316406 402.6661071777344 
181
2 943.654296875 108.3167724609375 1141.5675048828125 535.0556640625 
2 771.1014404296875 178.1656494140625 963.3290405273438 578.1536254882812 
3 41.24525451660156 196.20098876953125 188.74534606933594 404.60577392578125 
182
2 935.3046264648438 107.944091796875 1135.7777099609375 533.8173828125 
2 768.0806884765625 175.079833984375 960.1734619140625 570.259521484375 
3 41.0316162109375 196.24227905273438 189.2673797607422 407.2369689941406 
183
2 926.7517700195312 110.00238037109375 1123.619873046875 536.6551513671875 
2 765.6622924804688 174.36749267578125 960.9190673828125 554.5274658203125 
3 40.96589660644531 195.92703247070312 189.61505126953125 408.68212890625 
184
2 920.5941162109375 110.04449462890625 1116.8203125 535.7042846679688 
2 763.1796875 172.78350830078125 958.2964477539062 556.3869018554688 
3 41.81634521484375 195.59735107421875 189.25538635253906 410.87017822265625 
185
2 912.9639282226562 111.11767578125 1108.4874267578125 536.309326171875 
2 760.916015625 173.46694946289062 956.499267578125 552.7417602539062 
3 42.41161346435547 195.4647216796875 189.03536987304688 412.7935485839844 
186
2 756.9324951171875 173.61831665039062 953.8831176757812 551.7379760742188 
2 906.130859375 114.36273193359375 1108.862548828125 534.8218994140625 
3 42.616912841796875 194.99411010742188 188.5863800048828 411.2498779296875 
187
2 752.01513671875 173.8016357421875 954.014892578125 563.043701171875 
3 41.86241149902344 194.52655029296875 188.1688232421875 418.4015197753906 
2 900.67626953125 115.3104248046875 1107.3524169921875 533.2633666992188 
188
2 745.7799682617188 176.76498413085938 949.24609375 544.1166381835938 
2 891.8031616210938 114.771240234375 1102.929443359375 527.8360595703125 
3 42.01170349121094 194.00540161132812 187.1488494873047 424.2738952636719 
189
2 737.2545776367188 181.010498046875 945.6216430664062 541.7262573242188 
2 885.8984375 114.13250732421875 1094.96826171875 527.0880126953125 
3 43.586517333984375 193.91641235351562 186.71279907226562 431.29217529296875 
190
2 729.73828125 181.35641479492188 943.943603515625 538.3585205078125 
2 879.3143310546875 110.65252685546875 1081.5390625 520.7508544921875 
3 43.960479736328125 195.05299377441406 186.61387634277344 427.2220458984375 
191
2 873.4522094726562 110.125 1071.254638671875 519.406982421875 
2 720.8641357421875 180.66973876953125 941.141357421875 532.7452392578125 
3 41.85197448730469 195.8651123046875 186.983154296875 433.048828125 
192
2 712.2843627929688 182.14877319335938 938.25634765625 525.206787109375 
2 868.4005126953125 107.310546875 1058.1015625 515.7459106445312 
3 38.47071838378906 196.08480834960938 186.6698760986328 428.197021484375 
193
2 864.274169921875 103.65521240234375 1045.8994140625 508.79296875 
2 703.3693237304688 180.7504119873047 938.1129150390625 532.8440551757812 
3 35.70793151855469 194.4447021484375 186.5086669921875 416.74212646484375 
194
2 694.4237060546875 178.45516967773438 927.1724853515625 523.7012939453125 
2 859.8284912109375 101.26690673828125 1026.403564453125 490.14764404296875 
3 36.622650146484375 196.5118408203125 186.43077087402344 436.0701904296875 
195
2 687.5478515625 177.07615661621094 901.6263427734375 518.5728759765625 
2 856.4273071289062 98.59165954589844 1007.8712768554688 469.5835266113281 
3 35.79133605957031 197.27578735351562 185.07452392578125 437.89996337890625 
196
2 680.0533447265625 173.94134521484375 885.481201171875 517.4566040039062 
2 850.5122680664062 94.30839538574219 996.9463500976562 459.7745666503906 
3 33.988807678222656 197.5126495361328 183.52928161621094 439.68414306640625 
197
2 673.4644165039062 169.74392700195312 889.2504272460938 519.2533569335938 
3 31.9381103515625 199.64276123046875 182.80520629882812 438.9446716308594 
2 845.1537475585938 93.28138732910156 998.973876953125 466.4490966796875 
2 845.4056396484375 93.1556396484375 1036.4761962890625 525.2935791015625 
198
2 668.239501953125 168.07131958007812 871.4075927734375 517.78466796875 
2 840.646240234375 90.6968994140625 996.7362670898438 468.54705810546875 
3 32.2117919921875 200.80657958984375 182.52792358398438 435.5761413574219 
3 31.197921752929688 200.29071044921875 182.76058959960938 436.8166198730469 
3 865.2559814453125 0.8121070861816406 890.9837036132812 58.06880187988281 
199
2 660.7005004882812 166.73171997070312 861.8040771484375 519.03125 
2 836.521728515625 90.67524719238281 992.708251953125 458.67633056640625 
3 31.6375732421875 202.7232208251953 182.37216186523438 438.341552734375 
200
2 655.601318359375 166.27980041503906 842.6220703125 518.681640625 
2 829.515380859375 91.25634765625 992.8992919921875 457.4186706542969 
3 30.14910888671875 203.8876190185547 181.19422912597656 436.4686584472656 
201
2 651.4767456054688 164.82107543945312 831.3056640625 517.8787841796875 
2 823.6571044921875 94.09713745117188 993.6741943359375 461.544677734375 
3 29.7916259765625 202.947998046875 181.2838134765625 434.3653564453125 
202
2 646.8553466796875 163.398193359375 823.75537109375 518.2500610351562 
2 817.4541625976562 95.08978271484375 994.7208251953125 463.9051818847656 
3 30.57135009765625 203.9403839111328 181.53099060058594 428.6344909667969 
203
2 642.865234375 164.6372833251953 819.1158447265625 519.114501953125 
2 809.9404296875 98.0303955078125 993.64306640625 464.6942443847656 
3 31.516799926757812 203.81976318359375 180.8854522705078 432.3135681152344 
204
2 638.8501586914062 167.20974731445312 816.9847412109375 519.3377075195312 
2 804.8714599609375 99.48391723632812 992.5093383789062 459.1690368652344 
3 34.83924865722656 204.0258026123047 180.33697509765625 414.2288818359375 
205
2 635.4989624023438 166.55886840820312 815.8582153320312 520.3030395507812 
2 797.8189697265625 98.57281494140625 994.2222290039062 459.4423828125 
3 35.86375427246094 204.0714111328125 179.77647399902344 409.5271911621094 
206
2 631.84619140625 166.1468505859375 813.5107421875 519.4627685546875 
3 35.022987365722656 204.0545654296875 179.71588134765625 415.5035095214844 
2 789.0615234375 97.56802368164062 999.61962890625 457.580322265625 
207
2 780.436279296875 97.42129516601562 984.0187377929688 449.201416015625 
3 31.9906005859375 203.9698028564453 179.50238037109375 411.9240417480469 
2 630.147216796875 166.5567626953125 808.5169677734375 516.8999633789062 
208
2 627.3863525390625 166.70176696777344 807.9873657226562 513.7574462890625 
2 770.2864379882812 97.96379089355469 978.427978515625 444.744384765625 
3 28.31403350830078 204.4674072265625 179.5972442626953 409.954345703125 
209
2 766.4072875976562 99.25885009765625 963.5685424804688 419.2379455566406 
2 624.1796875 163.6472625732422 803.2340698242188 513.69287109375 
3 28.733489990234375 205.39710998535156 179.0350341796875 422.94061279296875 
210
2 622.9569091796875 160.20077514648438 798.84228515625 510.12738037109375 
2 757.2337036132812 94.46136474609375 959.9569702148438 418.5544128417969 
3 32.59400939941406 205.43417358398438 179.47561645507812 409.7745056152344 
211
2 751.2752685546875 93.73046875 939.6271362304688 416.6095275878906 
2 620.3475341796875 158.9723358154297 788.429931640625 487.228759765625 
3 30.3016357421875 205.4261016845703 179.26097106933594 404.24658203125 
212
2 618.2073364257812 155.059326171875 781.9021606445312 471.3424377441406 
2 745.8638916015625 91.08975219726562 934.13525390625 415.8753662109375 
3 29.5184326171875 205.32542419433594 179.761474609375 403.92138671875 
213
2 741.5422973632812 85.61190795898438 929.9339599609375 415.306640625 
2 615.344482421875 151.90142822265625 768.9971313476562 477.59698486328125 
3 34.60430145263672 205.78594970703125 180.99551391601562 409.60528564453125 
214
2 612.0006713867188 148.45205688476562 762.8803100585938 471.4544677734375 
2 736.4166259765625 85.58624267578125 904.3795166015625 416.2041015625 
3 38.79059600830078 205.97853088378906 182.00079345703125 415.5576171875 
215
2 733.4339599609375 81.87429809570312 898.3402099609375 414.3094482421875 
2 610.072509765625 144.9250030517578 763.4620361328125 466.19708251953125 
3 38.31678771972656 206.20465087890625 183.72193908691406 420.2814636230469 
216
2 606.7761840820312 140.1151123046875 759.8739624023438 458.7454833984375 
2 729.3590698242188 82.85862731933594 881.30126953125 414.3613586425781 
3 38.69708251953125 206.5830078125 188.0325164794922 417.84381103515625 
217
2 605.7695922851562 137.78335571289062 758.9306640625 440.5738525390625 
2 726.6146240234375 82.96055603027344 873.2108154296875 417.0052490234375 
3 34.58296203613281 206.46475219726562 193.17950439453125 413.841064453125 
218
2 604.2495727539062 137.6012725830078 758.3543090820312 449.4271240234375 
2 721.4580688476562 82.66342163085938 871.5040893554688 415.7688293457031 
3 39.652381896972656 206.98284912109375 197.50674438476562 408.8958740234375 
219
2 602.9285888671875 138.46585083007812 758.4520263671875 442.6809387207031 
2 719.9194946289062 83.04115295410156 870.732666015625 413.9230041503906 
3 40.67768859863281 206.7613525390625 200.62026977539062 413.13800048828125 
220
2 601.2877807617188 138.6919708251953 758.193115234375 441.3998718261719 
2 715.0115966796875 84.17524719238281 870.70263671875 411.3521728515625 
3 40.84619903564453 206.32452392578125 202.39065551757812 410.77984619140625 
221
2 598.1615600585938 139.25372314453125 757.7190551757812 438.7106628417969 
3 710.159912109375 87.23448181152344 869.8751220703125 410.39019775390625 
3 41.1156005859375 206.161376953125 205.68045043945312 413.07843017578125 
222
2 594.921630859375 139.19216918945312 756.6433715820312 434.0499267578125 
3 705.2305908203125 86.94369506835938 869.7868041992188 408.662353515625 
3 44.47853088378906 205.14920043945312 207.15603637695312 413.6240234375 
223
2 592.5845947265625 140.6996612548828 756.1868896484375 430.9446105957031 
3 46.624481201171875 206.94277954101562 207.87542724609375 415.30926513671875 
2 701.9730834960938 86.79452514648438 870.6005859375 412.3453369140625 
224
2 587.9397583007812 141.86688232421875 755.3643188476562 430.1731872558594 
3 46.765541076660156 205.67152404785156 207.02651977539062 415.5005187988281 
2 698.3025512695312 88.72869873046875 869.0654296875 412.2866516113281 
225
2 583.6825561523438 142.4071044921875 755.356201171875 428.9172668457031 
3 46.611175537109375 206.92869567871094 206.666259765625 418.2579040527344 
2 695.909912109375 88.12440490722656 866.4501342773438 411.64263916015625 
226
2 578.8905029296875 142.92984008789062 751.7726440429688 424.1065673828125 
3 48.242401123046875 206.64364624023438 206.2395477294922 419.75054931640625 
3 694.2680053710938 88.10807800292969 865.0379028320312 410.93408203125 
227
2 574.0494384765625 143.46829223632812 751.4254760742188 422.6124267578125 
3 48.15691375732422 207.08944702148438 206.31930541992188 424.25494384765625 
3 690.963134765625 87.26531982421875 861.0952758789062 410.197509765625 
228
2 570.2063598632812 143.1196746826172 755.1121826171875 429.0664978027344 
3 687.7529296875 86.42721557617188 855.868408203125 409.52215576171875 
3 48.962059020996094 207.06494140625 206.03712463378906 425.3594665527344 
229
2 564.8637084960938 142.75448608398438 750.7337646484375 425.19610595703125 
3 682.4686279296875 86.00302124023438 842.91259765625 400.557373046875 
3 47.8831787109375 207.5281982421875 208.62020874023438 426.1307373046875 
230
3 679.5304565429688 85.47483825683594 831.8394165039062 402.88861083984375 
2 558.4065551757812 141.58837890625 748.214599609375 427.17950439453125 
3 52.32501220703125 207.404296875 209.05218505859375 425.3577880859375 
231
3 678.4297485351562 85.38699340820312 822.0289306640625 396.9892578125 
2 553.2677612304688 139.10989379882812 742.9622802734375 423.7567443847656 
3 50.932350158691406 207.65151977539062 209.1568603515625 425.1300964355469 
232
2 547.3883056640625 137.52635192871094 728.2384643554688 422.1322021484375 
3 674.3881225585938 82.42333984375 809.8536376953125 383.9278259277344 
3 51.43018341064453 208.48602294921875 209.68515014648438 425.17364501953125 
233
2 542.9349365234375 135.27853393554688 720.8866577148438 419.7319641113281 
3 56.52262878417969 205.95408630371094 209.16781616210938 424.6112976074219 
3 671.7232055664062 82.10867309570312 799.1092529296875 382.6824035644531 
3 671.2587890625 82.48112487792969 797.8504638671875 378.8701171875 
234
2 539.2769165039062 134.69068908691406 713.8780517578125 417.42913818359375 
3 670.2037353515625 78.99160766601562 795.1200561523438 380.6255798339844 
3 57.70167541503906 204.09976196289062 208.7679901123047 424.1614074707031 
235
3 667.3796997070312 77.72271728515625 796.2164916992188 385.3711242675781 
2 536.65234375 129.95797729492188 704.245361328125 421.5272216796875 
3 58.62458038330078 202.52301025390625 208.620849609375 424.9826965332031 
236
2 533.7922973632812 132.83758544921875 691.6747436523438 421.83746337890625 
3 665.1043701171875 77.35371398925781 794.7286987304688 382.02606201171875 
3 59.60491943359375 201.72076416015625 208.681396484375 424.1231384277344 
237
3 662.2417602539062 77.65896606445312 793.9199829101562 377.2710876464844 
2 531.1810302734375 133.1244354248047 686.8782348632812 424.84783935546875 
3 59.620941162109375 202.39193725585938 208.64454650878906 423.85369873046875 
238
3 657.6697998046875 78.36341857910156 794.279541015625 373.70098876953125 
2 528.2109375 134.76695251464844 675.1763916015625 422.88018798828125 
3 60.995941162109375 201.2620849609375 208.3212890625 423.96612548828125 
239
3 653.0587768554688 81.4422607421875 792.8468017578125 366.27276611328125 
3 62.081382751464844 201.13990783691406 207.75225830078125 423.15289306640625 
2 526.3919067382812 133.41856384277344 678.0310668945312 422.04156494140625 
240
3 62.931427001953125 201.836669921875 207.7555389404297 424.14208984375 
3 648.4857177734375 82.99082946777344 791.8232421875 364.96337890625 
2 524.2274780273438 134.3251190185547 675.5975952148438 421.17303466796875 
241
3 63.161827087402344 201.92855834960938 207.66818237304688 424.5442199707031 
2 523.1812133789062 135.14910888671875 676.140869140625 419.93121337890625 
3 645.3935546875 85.19332885742188 790.8754272460938 365.30755615234375 
242
3 63.54730224609375 201.03298950195312 207.80917358398438 429.17730712890625 
2 521.4869384765625 134.75555419921875 672.83203125 413.5777893066406 
3 640.796142578125 88.01080322265625 789.9327392578125 371.62799072265625 
243
2 519.4600830078125 134.50265502929688 676.8251953125 419.8301086425781 
3 63.790184020996094 201.07675170898438 207.9118194580078 433.0447998046875 
3 635.9239501953125 88.47921752929688 789.9098510742188 373.16766357421875 
244
3 63.87913513183594 201.10479736328125 206.46519470214844 435.999267578125 
2 518.9564208984375 134.24378967285156 673.88427734375 418.6123962402344 
3 633.2398681640625 90.59912109375 788.6319580078125 368.9436340332031 
245
3 64.51077270507812 201.66107177734375 207.0045928955078 435.9526672363281 
3 628.4414672851562 91.68020629882812 787.400146484375 366.67181396484375 
2 515.9568481445312 135.66043090820312 671.865234375 420.4003601074219 
246
2 513.4151611328125 135.11822509765625 666.031494140625 417.89166259765625 
3 64.35078430175781 201.5841522216797 203.8791961669922 435.5791015625 
3 619.1577758789062 91.67599487304688 781.9874877929688 357.10125732421875 
247
3 616.116943359375 90.96635437011719 781.8842163085938 361.4941101074219 
3 65.53650665283203 200.99667358398438 204.83203125 437.58453369140625 
2 510.44256591796875 135.31553649902344 655.5648803710938 411.51409912109375 
248
3 65.22465515136719 201.2617950439453 204.79061889648438 433.35968017578125 
3 612.1253051757812 90.09767150878906 771.7391357421875 353.2034912109375 
3 507.4971008300781 135.5315704345703 630.9907836914062 373.43072509765625 
249
3 605.708984375 88.46817016601562 767.5523681640625 354.16619873046875 
3 504.8664245605469 131.70614624023438 629.6253662109375 366.8514404296875 
3 63.18463897705078 203.0859375 204.0094757080078 433.5254821777344 
250
3 601.422119140625 88.6920166015625 759.8150634765625 349.94384765625 
3 501.7764587402344 129.93466186523438 629.7744750976562 365.6851501464844 
3 61.70628356933594 203.55638122558594 205.17393493652344 436.60284423828125 
251
3 500.46148681640625 129.57675170898438 624.9227294921875 391.09661865234375 
3 597.1952514648438 86.56008911132812 754.6806640625 351.0367126464844 
3 57.147056579589844 204.68649291992188 204.4466552734375 437.9154052734375 
252
3 498.8447265625 129.4408416748047 622.9597778320312 385.478271484375 
3 592.5203857421875 84.84591674804688 745.0386962890625 351.0916748046875 
3 58.76513671875 203.54769897460938 203.96847534179688 436.41839599609375 
253
3 588.5863037109375 84.15449523925781 737.0450439453125 348.49359130859375 
3 497.7953186035156 129.1690216064453 621.5877685546875 382.6944580078125 
3 61.485107421875 205.29751586914062 204.83612060546875 436.0204162597656 
254
3 584.9828491210938 83.66653442382812 728.8944702148438 353.15106201171875 
3 494.9069519042969 127.52545166015625 621.4827880859375 384.04815673828125 
3 58.59272766113281 207.41310119628906 205.5380859375 444.1142272949219 
255
3 582.138916015625 83.71978759765625 718.139892578125 348.53448486328125 
3 493.75299072265625 126.99858093261719 620.8558349609375 384.8251953125 
3 60.22755432128906 208.59161376953125 204.65028381347656 445.8665771484375 
256
3 489.8822326660156 126.72880554199219 619.5421752929688 387.185791015625 
3 578.8829956054688 84.2596435546875 710.4732055664062 350.6979064941406 
3 59.72544860839844 211.06546020507812 204.66217041015625 449.811279296875 
257
3 488.62615966796875 127.84207153320312 617.740966796875 380.931640625 
3 576.7960205078125 84.66397094726562 706.4730834960938 351.3473205566406 
3 576.474853515625 84.60592651367188 706.5606079101562 352.8293151855469 
3 59.06144714355469 210.773193359375 204.68093872070312 450.8259582519531 
3 15.415580749511719 209.46266174316406 203.5290985107422 451.486572265625 
258
3 485.3570251464844 129.50833129882812 619.427978515625 375.5052490234375 
3 574.2672119140625 86.644775390625 705.8093872070312 354.41009521484375 
3 57.490257263183594 211.332275390625 204.79139709472656 448.5477600097656 
259
3 482.9490051269531 133.07046508789062 614.9844360351562 366.86846923828125 
3 570.435791015625 88.44131469726562 704.5960693359375 353.4606018066406 
3 58.882049560546875 208.51805114746094 203.6497039794922 447.3243103027344 
260
3 479.0696105957031 133.79360961914062 615.1336059570312 371.78216552734375 
3 56.732513427734375 207.80145263671875 201.9490509033203 438.22930908203125 
3 567.8080444335938 88.74517822265625 702.6589965820312 347.90155029296875 
261
3 474.6731872558594 134.66934204101562 613.7160034179688 371.08038330078125 
3 65.33495330810547 209.80758666992188 200.814208984375 440.58074951171875 
3 9.624481201171875 208.28506469726562 200.970947265625 440.73931884765625 
262
3 471.39990234375 135.81239318847656 614.4049682617188 370.1292419433594 
3 565.23974609375 89.14369201660156 697.5969848632812 342.61480712890625 
3 58.75669860839844 210.32882690429688 200.45111083984375 447.402587890625 
3 6.354217529296875 209.81553649902344 200.0160369873047 448.031494140625 
263
3 467.2197265625 135.65240478515625 613.7139282226562 373.5553894042969 
3 54.555755615234375 211.45440673828125 200.2885284423828 442.47900390625 
3 564.2246704101562 89.05967712402344 699.6148681640625 349.17633056640625 
264
3 52.00688171386719 211.16421508789062 200.29592895507812 446.2456970214844 
3 563.1329956054688 88.77256774902344 695.048095703125 353.10943603515625 
3 462.8650207519531 137.37832641601562 613.07568359375 375.6086730957031 
265
3 458.1517333984375 136.83348083496094 608.1397094726562 371.0586853027344 
3 558.900634765625 87.72575378417969 689.6153564453125 355.5125427246094 
3 60.99915313720703 212.0261688232422 200.0268096923828 445.51348876953125 
266
3 454.74871826171875 135.40484619140625 602.8364868164062 369.01934814453125 
3 555.9738159179688 87.29691314697266 686.1078491210938 343.95306396484375 
3 46.826744079589844 212.07322692871094 203.49147033691406 444.61859130859375 
267
3 450.74871826171875 134.04409790039062 601.01171875 371.0265808105469 
3 552.7343139648438 87.45851135253906 674.9949340820312 332.5445556640625 
3 49.406280517578125 211.7700958251953 208.2388458251953 447.00592041015625 
268
3 446.91656494140625 133.12591552734375 597.49462890625 368.4794921875 
3 549.3966064453125 86.8860855102539 671.3370361328125 346.10321044921875 
3 42.23767852783203 212.77725219726562 214.20407104492188 450.2326965332031 
269
3 443.0794677734375 132.2606964111328 591.1981201171875 367.9814147949219 
3 547.8089599609375 87.4073715209961 666.7352294921875 340.4046936035156 
3 55.42915344238281 214.22442626953125 217.8079376220703 454.16912841796875 
270
3 439.8262939453125 131.6150360107422 587.6212158203125 364.3045349121094 
3 544.02294921875 84.68633270263672 661.7667236328125 346.36138916015625 
3 61.32148742675781 213.95578002929688 222.84442138671875 456.2061462402344 
271
3 436.982177734375 130.74261474609375 580.1459350585938 369.7940673828125 
3 544.783935546875 84.0243148803711 658.0228271484375 342.14056396484375 
3 63.379051208496094 215.42274475097656 225.06304931640625 458.36358642578125 
272
3 432.8748779296875 130.91159057617188 572.3627319335938 374.6925354003906 
3 542.8377685546875 82.2797622680664 653.614990234375 339.6619873046875 
3 56.181358337402344 215.06765747070312 230.1156463623047 462.7520751953125 
3 0.7699356079101562 214.44219970703125 230.11712646484375 463.807373046875 
273
3 430.4170837402344 130.21267700195312 564.3897705078125 371.34796142578125 
3 538.9955444335938 80.93737030029297 651.0916137695312 336.1604919433594 
3 42.880218505859375 216.06951904296875 230.85592651367188 466.24737548828125 
274
3 536.2149047851562 80.08757019042969 650.3491821289062 333.20965576171875 
3 429.6103210449219 130.0834197998047 559.48193359375 372.10736083984375 
3 0.44378662109375 215.30853271484375 232.30941772460938 468.9501647949219 
3 55.404075622558594 215.65286254882812 232.12179565429688 467.6702880859375 
275
3 534.309814453125 79.55623626708984 650.0582275390625 331.4112243652344 
3 426.320556640625 130.76083374023438 553.8707275390625 370.5278625488281 
3 33.70817565917969 215.34945678710938 232.4575958251953 462.44525146484375 
276
3 533.710693359375 80.63046264648438 647.1632080078125 328.03302001953125 
3 425.4073791503906 132.55001831054688 548.6528930664062 367.0537109375 
3 42.81044006347656 215.14987182617188 232.176025390625 455.34033203125 
277
3 531.6892700195312 83.00554656982422 646.4674682617188 323.6085205078125 
3 425.8524169921875 133.0445556640625 545.62939453125 368.6535339355469 
3 50.69807434082031 214.35423278808594 230.8424835205078 465.7041320800781 
278
3 527.0962524414062 82.84881591796875 645.2044677734375 319.67559814453125 
3 422.01708984375 136.46646118164062 548.1126098632812 369.4665222167969 
3 53.831031799316406 213.6195068359375 229.69625854492188 460.12774658203125 
279
3 524.439697265625 82.61235046386719 643.5108032226562 318.5948486328125 
3 422.0116271972656 137.41159057617188 547.1978759765625 371.82745361328125 
3 56.17869567871094 217.8526153564453 228.4622039794922 453.253662109375 
3 55.55584716796875 217.7924346923828 228.92271423339844 453.1632080078125 
280
3 419.792724609375 138.31724548339844 546.7181396484375 371.9662170410156 
3 519.7860107421875 85.8079833984375 642.6669311523438 315.392578125 
3 49.73313903808594 220.2869873046875 228.8172607421875 463.72943115234375 
281
3 517.5848999023438 87.8050537109375 643.0360717773438 318.0021667480469 
3 418.37158203125 138.16958618164062 546.31591796875 373.3414306640625 
3 50.363792419433594 216.70077514648438 228.20191955566406 470.0881652832031 
282
3 513.9790649414062 87.85289764404297 643.3883056640625 326.6422119140625 
3 417.0246887207031 136.76498413085938 543.341796875 368.4874267578125 
3 51.833221435546875 216.2767333984375 229.7860107421875 459.12542724609375 
283
3 511.8242492675781 86.72209167480469 643.1314697265625 325.6645202636719 
3 415.87060546875 134.74984741210938 537.1656494140625 363.51226806640625 
3 52.339561462402344 216.9600067138672 228.64413452148438 462.87835693359375 
284
3 508.81964111328125 88.33842468261719 640.7284545898438 325.3944091796875 
3 52.885345458984375 216.54013061523438 228.81280517578125 478.8094482421875 
3 414.6413879394531 132.70947265625 528.975830078125 354.146484375 
285
3 506.1746826171875 88.92349243164062 639.6940307617188 323.7569274902344 
3 414.17889404296875 129.889404296875 524.1150512695312 340.46075439453125 
3 53.37427520751953 215.10101318359375 228.44337463378906 481.806396484375 
286
3 412.9091796875 129.334228515625 521.3961181640625 332.63104248046875 
3 53.74028015136719 214.01266479492188 228.48410034179688 482.94659423828125 
3 502.9437561035156 88.6289291381836 635.9896240234375 317.50445556640625 
287
3 499.00732421875 89.16963958740234 635.82275390625 319.0062561035156 
3 411.39849853515625 129.06982421875 521.88671875 342.1764221191406 
3 53.288352966308594 212.87010192871094 227.85345458984375 480.4642333984375 
288
3 410.53753662109375 128.10531616210938 521.1659545898438 350.85888671875 
3 495.11865234375 90.32854461669922 631.7534790039062 314.55743408203125 
3 53.6656494140625 212.75479125976562 227.3079833984375 481.6085205078125 
289
3 410.3326721191406 127.37826538085938 520.901123046875 349.0770263671875 
3 491.14154052734375 92.76300048828125 629.7492065429688 314.18585205078125 
3 54.03673553466797 212.04830932617188 226.74642944335938 481.561279296875 
290
3 409.90496826171875 126.14016723632812 520.9197998046875 349.7679138183594 
3 54.615936279296875 211.97607421875 225.81573486328125 480.69488525390625 
3 489.5663757324219 92.70526123046875 628.9673461914062 318.9825134277344 
291
3 409.2607727050781 125.65873718261719 520.925048828125 350.10650634765625 
3 55.193084716796875 211.76669311523438 225.33883666992188 466.2588195800781 
3 486.9849853515625 93.53707885742188 624.858642578125 328.27239990234375 
3 487.0588073730469 93.732421875 624.0524291992188 321.6490173339844 
292
3 55.48979187011719 212.39157104492188 224.4191131591797 461.11468505859375 
3 408.4352722167969 125.05302429199219 521.753173828125 354.6222839355469 
3 484.67987060546875 91.98047637939453 619.7496337890625 321.1268615722656 
293
3 56.20960998535156 212.97738647460938 223.99269104003906 463.1679992675781 
3 407.33233642578125 124.17465209960938 520.1972045898438 348.447509765625 
3 483.550537109375 91.27896881103516 614.8170776367188 319.72088623046875 
294
3 56.887603759765625 212.94677734375 224.12738037109375 466.2550964355469 
3 406.35186767578125 124.69537353515625 518.9397583007812 343.576171875 
3 481.06304931640625 92.13375854492188 610.5181884765625 314.8841857910156 
295
3 57.190643310546875 213.37460327148438 224.20156860351562 469.48004150390625 
3 405.69586181640625 125.21084594726562 518.4307861328125 339.4541931152344 
3 479.06146240234375 90.48179626464844 605.0240478515625 315.9586486816406 
296
3 57.94202423095703 214.26058959960938 223.87387084960938 468.9512939453125 
3 476.645751953125 94.15353393554688 600.5887451171875 315.65142822265625 
3 402.314208984375 125.8477783203125 517.7469482421875 336.56915283203125 
297
3 58.18952941894531 214.78521728515625 224.09056091308594 469.0249938964844 
3 401.994873046875 126.53366088867188 517.4661254882812 338.66143798828125 
3 476.17425537109375 94.26864624023438 595.56640625 317.4142150878906 
298
3 58.20068359375 215.57391357421875 223.89620971679688 467.84326171875 
3 398.7747802734375 127.90902709960938 516.1638793945312 334.6477355957031 
3 472.88665771484375 93.578857421875 595.6836547851562 317.1809387207031 
299
3 58.28889465332031 215.9086456298828 223.28915405273438 473.61187744140625 
3 469.9676513671875 94.05082702636719 595.5355834960938 314.701171875 
3 397.8004455566406 129.9364471435547 516.0394287109375 336.04156494140625 
3 397.43994140625 130.1751708984375 517.4498291015625 335.62542724609375 
300
3 58.274574279785156 216.26168823242188 222.7235565185547 477.10491943359375 
3 469.800537109375 94.61090087890625 594.6790771484375 313.1939697265625 
3 395.6402587890625 130.9150390625 517.7967529296875 339.9671630859375 
301
3 57.77423095703125 217.09510803222656 222.49490356445312 476.53985595703125 
3 392.6929016113281 129.91763305664062 515.8870849609375 336.6668701171875 
3 466.5292053222656 94.8050537109375 594.1995849609375 311.6751708984375 
302
3 57.549224853515625 217.39816284179688 222.33384704589844 475.7913818359375 
3 389.4930114746094 129.3447265625 515.8394775390625 336.7403564453125 
3 465.79266357421875 96.06910705566406 593.86767578125 312.3082580566406 
303
3 57.28192138671875 218.49591064453125 222.2168731689453 471.4177551269531 
3 387.4393310546875 128.51217651367188 515.6387939453125 337.4507141113281 
3 466.2238464355469 95.76136779785156 593.6701049804688 311.92596435546875 
304
3 385.0316467285156 128.02459716796875 517.4332275390625 339.34002685546875 
3 56.80335998535156 222.08596801757812 222.18911743164062 474.21820068359375 
3 463.9991760253906 95.46047973632812 593.8312377929688 312.77471923828125 
305
3 381.1445007324219 127.52279663085938 514.5186767578125 337.1348876953125 
3 55.439002990722656 220.151611328125 221.86514282226562 474.2428894042969 
3 462.94293212890625 94.73727416992188 593.5792236328125 311.88885498046875 
306
3 379.5583801269531 127.17001342773438 511.46368408203125 336.27606201171875 
3 53.43989562988281 219.57289123535156 221.98388671875 474.9722900390625 
3 460.756103515625 95.11009216308594 592.4098510742188 309.9372253417969 
307
3 378.661865234375 127.36441040039062 508.5511474609375 333.8883056640625 
3 458.794921875 94.95858764648438 590.7333984375 308.044921875 
3 55.02471923828125 222.73095703125 221.91220092773438 482.29248046875 
308
3 377.41400146484375 124.92170715332031 505.554443359375 334.7367858886719 
3 457.109375 95.596923828125 589.5654296875 307.8729248046875 
3 53.02040100097656 223.97088623046875 221.30593872070312 481.2757568359375 
309
3 50.83959197998047 229.4326171875 221.34144592285156 489.193359375 
3 377.35723876953125 124.93975830078125 502.93634033203125 346.139892578125 
3 454.73980712890625 95.63674926757812 589.6209106445312 308.9385070800781 
310
3 46.447967529296875 228.99014282226562 220.86868286132812 494.560302734375 
3 375.3497314453125 123.16989135742188 499.00140380859375 343.9756774902344 
3 454.5318603515625 96.58645629882812 589.8720092773438 310.4913330078125 
311
3 374.08465576171875 123.33535766601562 494.5155334472656 333.8852844238281 
3 47.33305358886719 234.32437133789062 221.22445678710938 495.24090576171875 
3 450.32379150390625 97.23609924316406 588.9676513671875 311.0659484863281 
312
3 374.0631408691406 123.53068542480469 492.16473388671875 333.6025695800781 
3 45.298500061035156 231.47650146484375 221.11192321777344 495.03375244140625 
3 450.81329345703125 98.12776184082031 589.1796875 310.75213623046875 
313
3 450.09344482421875 98.91207885742188 588.4187622070312 310.9029541015625 
3 374.4606628417969 123.84358215332031 489.13177490234375 332.5334777832031 
3 41.07966232299805 231.67684936523438 220.6042022705078 486.1563720703125 
3 42.02924346923828 232.15093994140625 220.67666625976562 485.79833984375 
314
3 448.0533142089844 99.75262451171875 586.2579345703125 310.1472473144531 
3 41.26793670654297 236.61328125 220.10682678222656 482.892578125 
3 374.68341064453125 125.8309326171875 487.8606872558594 333.2250671386719 
315
3 442.54644775390625 99.61264038085938 583.767822265625 309.468017578125 
3 39.46180725097656 234.60894775390625 219.44900512695312 490.29443359375 
3 375.198486328125 126.21505737304688 488.2198181152344 334.0265808105469 
316
3 442.3221435546875 100.15731811523438 582.9852294921875 310.047119140625 
3 37.44203567504883 236.55038452148438 219.40127563476562 493.27093505859375 
3 376.30914306640625 126.30831909179688 490.24481201171875 334.83441162109375 
317
3 441.0951232910156 100.01165771484375 582.0700073242188 311.1501159667969 
3 35.91503143310547 240.3466796875 219.2510223388672 490.49517822265625 
3 376.599853515625 126.71591186523438 489.91290283203125 331.28643798828125 
318
3 439.94720458984375 100.14276123046875 579.5443115234375 312.57940673828125 
3 36.62213897705078 250.05062866210938 218.3545379638672 481.90576171875 
3 377.0040283203125 127.16412353515625 488.7507019042969 323.6292724609375 
319
3 440.1000671386719 101.252197265625 577.3490600585938 314.4544372558594 
3 36.245784759521484 250.345703125 216.974365234375 482.06866455078125 
3 376.6044616699219 127.1082763671875 488.0646057128906 320.81036376953125 
3 810.6285400390625 0.8191299438476562 839.7055053710938 60.70439910888672 
320
3 441.2212829589844 101.71620178222656 574.6890258789062 314.45501708984375 
3 376.50762939453125 126.82493591308594 487.8305358886719 323.6578674316406 
3 29.7916259765625 238.49020385742188 213.5977783203125 491.441162109375 
3 809.4542236328125 0.8131217956542969 839.7330932617188 60.79973602294922 
321
3 441.96685791015625 102.06452941894531 571.5904541015625 314.7346496582031 
3 376.5602111816406 126.250244140625 487.01470947265625 313.08465576171875 
3 27.316513061523438 238.62551879882812 213.27713012695312 493.39788818359375 
322
3 441.0479431152344 102.46640014648438 566.1504516601562 312.0919189453125 
3 375.8216247558594 124.34782409667969 486.1131591796875 317.2930908203125 
3 30.524032592773438 245.82974243164062 212.58990478515625 491.36492919921875 
3 31.877593994140625 245.2685546875 212.7470703125 491.730224609375 
3 728.3442993164062 0.0 763.4149780273438 66.0848159790039 
323
3 0.3789520263671875 221.55169677734375 209.77157592773438 497.13494873046875 
3 375.7705078125 122.73701477050781 484.7820129394531 321.6794128417969 
3 440.52288818359375 102.9534912109375 567.0057373046875 316.7335205078125 
324
3 376.0111083984375 122.99143981933594 484.215576171875 319.49969482421875 
3 443.9831237792969 103.52044677734375 567.404296875 317.3485107421875 
3 1.98455810546875 240.39706420898438 209.0657196044922 495.15380859375 
325
3 376.0852966308594 122.51605224609375 484.3630676269531 319.0921630859375 
3 448.9319763183594 122.81904602050781 566.5103149414062 317.12628173828125 
3 0.3802642822265625 238.74783325195312 212.99879455566406 493.75738525390625 
326
3 376.6192932128906 122.75527954101562 484.0869140625 322.61370849609375 
3 449.64959716796875 117.81756591796875 565.317138671875 317.40338134765625 
3 0.0 223.32803344726562 212.54733276367188 537.7091064453125 
327
3 435.83038330078125 101.13613891601562 564.4110717773438 314.50701904296875 
3 375.4830627441406 121.77058410644531 483.82763671875 318.9065246582031 
3 0.0 231.25616455078125 211.8406524658203 526.516845703125 
328
3 436.8263244628906 101.57644653320312 563.7379760742188 314.53521728515625 
3 374.16748046875 120.91078186035156 483.04827880859375 316.39373779296875 
3 0.2625732421875 231.39593505859375 208.55796813964844 528.345703125 
329
3 432.45184326171875 102.31866455078125 563.322021484375 314.7564392089844 
3 0.02789306640625 233.12713623046875 208.17611694335938 531.2964477539062 
3 376.5824279785156 120.38507080078125 482.38421630859375 318.2056884765625 
330
3 430.3354797363281 103.47718811035156 563.4368896484375 315.6225280761719 
3 375.9620056152344 120.86831665039062 481.88037109375 312.16326904296875 
3 12.103507995605469 245.48699951171875 208.75730895996094 505.39288330078125 
3 723.5277709960938 0.0 760.9098510742188 67.9036636352539 
331
3 429.3804626464844 103.7528076171875 563.1016845703125 316.120849609375 
3 10.555000305175781 244.63677978515625 208.41493225097656 506.675537109375 
3 376.54779052734375 121.06631469726562 482.5889587402344 313.5310974121094 
3 809.0558471679688 1.0682868957519531 838.28173828125 61.76890563964844 
332
3 423.3350830078125 103.4654541015625 563.451904296875 316.12353515625 
3 16.27680206298828 244.45779418945312 208.29042053222656 507.25634765625 
3 376.77001953125 120.834228515625 482.7942810058594 314.1543273925781 
333
3 8.571067810058594 243.57131958007812 208.40345764160156 508.32623291015625 
3 423.97283935546875 102.13998413085938 563.303955078125 315.5589294433594 
3 381.7810363769531 120.74748229980469 482.916748046875 314.3797607421875 
3 723.9251708984375 0.0 760.4256591796875 67.29466247558594 
334
3 14.0457763671875 243.50057983398438 208.44461059570312 506.46929931640625 
3 421.80816650390625 103.98716735839844 563.087890625 314.97796630859375 
3 381.66876220703125 120.86509704589844 482.1790466308594 314.2904357910156 
3 723.9890747070312 0.0 760.411865234375 66.77052307128906 
335
3 13.782356262207031 244.40093994140625 208.72128295898438 505.94622802734375 
3 426.89508056640625 104.77484130859375 562.47119140625 315.52581787109375 
3 382.1751708984375 119.91534423828125 481.8991394042969 314.3467102050781 
3 724.5291137695312 0.0 759.9112548828125 66.46598815917969 
336
3 6.9194793701171875 243.24310302734375 208.45608520507812 505.1104736328125 
3 424.4614562988281 105.23565673828125 560.994384765625 314.4747314453125 
3 381.8823547363281 119.71185302734375 481.6781921386719 314.60125732421875 
3 724.1029052734375 0.0 759.1036376953125 66.11368560791016 
337
3 4.3867645263671875 243.40032958984375 208.06703186035156 503.546142578125 
3 421.4032897949219 106.93753051757812 560.4130859375 312.5569152832031 
3 381.507568359375 120.0164794921875 482.33294677734375 313.66552734375 
3 723.7745361328125 0.0 759.3572387695312 66.4169921875 
338
3 417.2503662109375 106.89422607421875 559.55615234375 310.5867614746094 
3 2.252655029296875 242.2347412109375 207.68325805664062 504.37353515625 
3 380.42681884765625 120.42849731445312 482.68109130859375 312.32305908203125 
339
3 6.753776550292969 243.03060913085938 207.88919067382812 504.9140625 
3 417.1351318359375 107.74234008789062 558.7467041015625 311.37567138671875 
3 378.20660400390625 120.36495971679688 483.83843994140625 313.77886962890625 
340
3 13.684745788574219 244.03131103515625 207.3925018310547 501.6170654296875 
3 423.188232421875 109.83035278320312 559.92431640625 309.38507080078125 
3 377.82232666015625 120.130615234375 483.1923828125 312.7740478515625 
341
3 17.85382080078125 246.34423828125 207.5640411376953 501.93084716796875 
3 425.24188232421875 111.25039672851562 558.7846069335938 308.9008483886719 
3 377.36614990234375 120.25595092773438 484.63946533203125 309.0180358886719 
342
3 17.577651977539062 248.96002197265625 207.7991943359375 503.496337890625 
3 377.4598388671875 120.68206787109375 485.533203125 310.50677490234375 
3 434.60955810546875 118.56346130371094 556.374755859375 308.2451171875 
343
3 11.668182373046875 246.84051513671875 208.02174377441406 505.19427490234375 
3 431.7927551269531 116.44898986816406 555.7784423828125 308.11907958984375 
3 367.7514343261719 120.76852416992188 487.9246826171875 311.4822998046875 
3 721.7945556640625 0.0 758.1005859375 67.61262512207031 
344
3 12.363548278808594 241.59774780273438 208.45033264160156 510.9273681640625 
3 429.29302978515625 114.09271240234375 555.0803833007812 306.2597351074219 
3 371.94476318359375 120.40567016601562 485.3238830566406 311.6571044921875 
3 722.7182006835938 0.0 757.4378051757812 67.5506591796875 
345
3 6.741889953613281 242.91015625 208.6413116455078 504.8284912109375 
3 427.9267578125 112.46229553222656 554.2721557617188 306.23577880859375 
3 368.5789489746094 120.38783264160156 485.3426208496094 311.4932861328125 
3 722.1510620117188 0.0 757.9658203125 67.45726013183594 
346
3 17.19500732421875 244.44073486328125 208.51918029785156 502.54974365234375 
3 426.7532653808594 111.88314819335938 552.2307739257812 304.1220397949219 
3 366.339111328125 120.52005004882812 484.55926513671875 311.2517395019531 
3 722.006103515625 0.0 757.9581909179688 67.50932312011719 
347
3 14.194976806640625 243.6278076171875 208.70132446289062 499.79364013671875 
3 427.6681213378906 112.44880676269531 553.2794799804688 305.1832580566406 
3 370.24151611328125 120.44256591796875 486.6174621582031 311.09039306640625 
3 722.132080078125 0.0 757.9906005859375 67.55389404296875 
348
3 3.1161880493164062 240.779541015625 208.56129455566406 503.7177734375 
3 426.44818115234375 111.71495056152344 553.3528442382812 305.1319885253906 
3 371.17376708984375 120.21417236328125 487.6400146484375 310.53704833984375 
3 722.7040405273438 0.0 757.7808837890625 67.37548828125 
349
3 0.7750473022460938 240.3233642578125 208.55612182617188 504.00775146484375 
3 428.56341552734375 112.29629516601562 553.7471923828125 305.2466735839844 
3 371.10906982421875 120.27549743652344 484.6453857421875 306.483642578125 
3 723.181396484375 0.0 757.6943359375 67.33096313476562 
350
3 0.6304397583007812 240.34478759765625 208.1398162841797 502.70098876953125 
3 433.20379638671875 113.22734069824219 553.2334594726562 305.13800048828125 
3 375.4123840332031 119.42892456054688 482.71929931640625 308.13372802734375 
351
3 0.5520477294921875 239.80593872070312 208.96347045898438 504.6070556640625 
3 434.3005065917969 113.30276489257812 553.7338256835938 305.2903747558594 
3 375.18438720703125 119.76510620117188 483.01934814453125 306.948486328125 
3 724.301025390625 0.0 758.111083984375 66.23201751708984 
352
3 0.9927902221679688 240.23358154296875 209.09515380859375 505.90692138671875 
3 432.5994873046875 111.91746520996094 554.430419921875 305.56988525390625 
3 373.7027587890625 120.00538635253906 484.3160400390625 306.37005615234375 
3 724.2621459960938 0.0 758.34423828125 65.41952514648438 
353
3 1.08709716796875 240.33648681640625 209.01324462890625 509.1036376953125 
3 426.44085693359375 109.06326293945312 554.677001953125 306.0185852050781 
3 371.9375915527344 119.48710632324219 486.27349853515625 308.1104736328125 
3 724.322021484375 0.0 758.0029296875 65.41207122802734 
354
3 4.282806396484375 238.83489990234375 209.091552734375 506.69677734375 
3 421.8013916015625 107.99899291992188 554.9063110351562 305.961181640625 
3 370.86456298828125 119.16036987304688 483.3836669921875 309.00750732421875 
3 724.6199951171875 0.0 758.1297607421875 65.6317138671875 
355
3 9.158920288085938 236.521240234375 209.47740173339844 504.72344970703125 
3 418.68646240234375 108.38076782226562 555.137939453125 306.5670166015625 
3 370.5756530761719 119.54225158691406 481.2483215332031 309.6846618652344 
3 725.005126953125 0.0 758.3104248046875 66.39393615722656 
356
3 3.6869964599609375 236.87466430664062 209.400634765625 504.11322021484375 
3 370.8693542480469 119.7135009765625 479.2918701171875 309.189208984375 
3 422.24945068359375 109.733642578125 554.93359375 306.83453369140625 
3 724.999267578125 0.0 758.275390625 66.49513244628906 
357
3 2.3176803588867188 238.75567626953125 209.34710693359375 505.710693359375 
3 369.82708740234375 119.91853332519531 474.49603271484375 306.260009765625 
3 425.95526123046875 110.76321411132812 554.7528076171875 306.320068359375 
3 724.9810180664062 0.0 758.8131713867188 66.72019958496094 
358
3 7.928436279296875 239.09356689453125 209.38812255859375 505.383544921875 
3 369.03094482421875 119.75851440429688 474.29620361328125 308.55810546875 
3 435.11785888671875 112.52183532714844 554.718994140625 306.4347229003906 
3 724.8075561523438 0.0 759.262939453125 66.97932434082031 
359
3 7.6651763916015625 239.66229248046875 209.50425720214844 511.28173828125 
3 368.2771301269531 118.56784057617188 472.88409423828125 308.80078125 
3 433.5225830078125 112.01023864746094 554.447998046875 306.5028991699219 
