0
1
2
3
4
5
6
7
8
9
10
11
12
13
14
15
16
17
3 738.8637084960938 0.0 814.3906860351562 190.89637756347656 
18
19
20
21
22
23
24
25
26
27
28
29
30
31
32
33
3 656.4365234375 0.0 734.066650390625 203.81210327148438 
34
35
36
37
38
39
40
41
42
43
44
45
46
47
48
49
50
51
52
53
54
55
56
57
58
59
60
61
62
63
64
65
66
67
68
69
70
71
72
73
74
75
76
77
78
79
80
81
82
83
84
85
86
87
88
89
90
91
3 2480.330078125 109.98011779785156 2559.051025390625 216.17587280273438 
92
3 2470.920166015625 106.86033630371094 2559.0625 220.56161499023438 
93
3 2461.96044921875 87.03846740722656 2558.924072265625 221.00735473632812 
94
3 2453.1396484375 96.52253723144531 2558.905029296875 223.64749145507812 
95
3 2441.449951171875 93.95208740234375 2558.565673828125 224.32351684570312 
96
3 2430.755859375 88.10453796386719 2558.7919921875 224.81329345703125 
97
98
3 2404.040283203125 85.77774047851562 2516.54931640625 185.94894409179688 
99
3 2392.16455078125 82.6420669555664 2501.888427734375 180.3612823486328 
100
3 2116.28466796875 14.949150085449219 2147.892578125 82.1312026977539 
3 2378.462646484375 76.2660140991211 2489.139892578125 173.95440673828125 
101
3 2366.279052734375 74.28843688964844 2477.8095703125 169.57945251464844 
102
103
104
105
106
107
3 2023.471435546875 0.0 2051.813720703125 66.78439331054688 
3 2285.18017578125 58.51753234863281 2393.0986328125 147.82565307617188 
108
3 2270.146484375 48.59210205078125 2377.5908203125 142.5638427734375 
109
110
3 1980.7298583984375 9.811725616455078 1999.6851806640625 57.791099548339844 
3 428.3824462890625 73.48329162597656 452.89373779296875 120.53207397460938 
111
3 1964.090576171875 0.049175262451171875 1989.315673828125 55.49407958984375 
112
113
114
3 1917.54248046875 0.17414093017578125 1940.3896484375 47.63447570800781 
115
3 2475.128173828125 677.8507690429688 2559.132568359375 849.0021362304688 
116
3 2459.29150390625 582.0910034179688 2558.906982421875 846.2139892578125 
3 2138.522705078125 20.982894897460938 2245.691162109375 111.1483154296875 
117
3 2443.437744140625 570.78955078125 2558.925537109375 836.5211791992188 
3 2121.57861328125 16.42041015625 2228.70361328125 108.97288513183594 
3 2444.68310546875 643.10693359375 2559.164794921875 835.9222412109375 
118
3 2435.100830078125 609.17529296875 2558.878662109375 810.8711547851562 
3 0.2254638671875 221.34091186523438 97.79997253417969 381.78363037109375 
3 2110.330322265625 15.773971557617188 2213.641357421875 104.05656433105469 
3 2435.288818359375 559.970458984375 2559.138427734375 814.4329223632812 
119
3 2408.919189453125 518.3577270507812 2559.052001953125 820.3973388671875 
3 2085.635009765625 6.744232177734375 2195.03662109375 104.27792358398438 
3 0.3103609085083008 260.44757080078125 74.69813537597656 390.432373046875 
120
3 2397.812744140625 508.341796875 2558.945068359375 811.1085815429688 
3 2084.664794921875 6.406120300292969 2173.09912109375 97.32791137695312 
3 0.16697216033935547 302.1729431152344 65.95157623291016 399.0423889160156 
121
3 2377.93896484375 489.057373046875 2558.84619140625 804.5731201171875 
3 2050.953125 2.949665069580078 2153.4609375 95.66021728515625 
3 1797.60107421875 0.0 1813.172607421875 31.33551788330078 
3 743.1969604492188 0.0 794.903076171875 61.911705017089844 
122
3 2365.29833984375 469.99530029296875 2558.88916015625 776.70654296875 
3 2029.9730224609375 0.7319183349609375 2134.9853515625 91.38941955566406 
123
3 2348.089111328125 432.0900573730469 2558.837646484375 772.392578125 
124
3 2333.563720703125 399.8675537109375 2558.781494140625 763.6179809570312 
3 1991.4534912109375 0.026203155517578125 2096.004638671875 81.27354431152344 
3 682.2481079101562 0.0 737.1228637695312 69.53651428222656 
125
3 2314.144287109375 378.47894287109375 2558.776611328125 759.035888671875 
3 682.7911376953125 2.260723114013672 718.8538208007812 71.87217712402344 
3 818.0011596679688 0.0 876.6111450195312 85.24209594726562 
126
3 2292.484130859375 359.7616271972656 2558.917724609375 765.2261962890625 
127
3 2272.67431640625 353.4606018066406 2558.884521484375 761.46142578125 
3 647.2763061523438 6.747062683105469 682.7601318359375 76.76300048828125 
128
3 2263.931884765625 329.653076171875 2559.037353515625 738.9224853515625 
3 625.03369140625 9.148456573486328 663.5879516601562 79.85074615478516 
129
3 2239.68212890625 314.2876281738281 2558.795654296875 742.3197021484375 
3 605.310546875 14.226806640625 644.8468627929688 83.40116882324219 
3 586.8296508789062 13.912551879882812 618.8069458007812 83.0086441040039 
3 739.0599365234375 2.2088851928710938 797.1454467773438 94.35365295410156 
130
3 2223.468505859375 275.63916015625 2559.17333984375 717.0550537109375 
3 585.7532958984375 18.029434204101562 619.7782592773438 87.53639221191406 
131
1 2202.281982421875 264.4149169921875 2559.350830078125 725.4138793945312 
3 696.7800903320312 10.162517547607422 756.6638793945312 102.65048217773438 
132
1 2181.207275390625 256.0387268066406 2558.39013671875 702.6121215820312 
3 539.838134765625 25.763458251953125 582.2010498046875 91.50054931640625 
3 195.35650634765625 67.46827697753906 226.4379425048828 105.09927368164062 
133
1 2161.7333984375 248.5811767578125 2548.22216796875 714.4942016601562 
3 654.6719360351562 11.503082275390625 714.7207641601562 108.45700073242188 
3 520.7359008789062 28.164794921875 556.7459106445312 99.020263671875 
3 497.4247741699219 28.647201538085938 531.3193359375 98.149658203125 
134
1 2144.636962890625 239.785888671875 2523.82470703125 681.0025634765625 
3 632.4702758789062 20.044048309326172 693.934814453125 111.67268371582031 
3 477.32537841796875 31.52783203125 533.2567749023438 103.1939697265625 
3 151.87408447265625 80.35765075683594 183.10081481933594 115.19657897949219 
3 492.63336181640625 31.612442016601562 537.5635375976562 102.0791015625 
135
1 2120.634521484375 232.04959106445312 2498.89013671875 691.2476196289062 
3 473.288330078125 36.59465026855469 509.7204284667969 107.19891357421875 
136
1 2102.647705078125 224.2423095703125 2471.119384765625 670.850341796875 
3 446.71575927734375 40.269439697265625 487.4876708984375 110.84519958496094 
3 0.0 168.8977508544922 39.11882781982422 249.5323486328125 
137
1 2075.476806640625 216.97731018066406 2445.436279296875 678.3773803710938 
3 563.206298828125 25.0115966796875 625.4552612304688 123.01052856445312 
3 428.2991943359375 43.42158508300781 475.1011657714844 112.73921203613281 
3 411.5927734375 44.463401794433594 469.09088134765625 114.65473937988281 
138
1 2053.201904296875 210.25514221191406 2423.709228515625 668.7353515625 
3 405.4378662109375 50.44831848144531 446.7781982421875 120.10002136230469 
3 387.93701171875 49.81842803955078 421.3809814453125 119.51077270507812 
139
1 2027.000732421875 203.33346557617188 2389.27587890625 650.236083984375 
3 519.9658813476562 33.68766784667969 580.070068359375 130.6856689453125 
3 382.07867431640625 54.866973876953125 421.89593505859375 125.62100219726562 
3 363.28955078125 54.914527893066406 409.61566162109375 125.94929504394531 
3 381.9472961425781 54.94981384277344 421.5152587890625 123.71231079101562 
140
1 2013.2855224609375 196.16136169433594 2367.884765625 662.6785888671875 
3 493.8011779785156 33.425559997558594 556.9850463867188 137.61761474609375 
3 357.0263366699219 58.226898193359375 396.4612121582031 130.74610900878906 
3 337.1432800292969 58.24293518066406 369.1723327636719 127.82421875 
141
1 1986.12451171875 190.2643280029297 2338.048095703125 635.092041015625 
3 470.0908508300781 41.17669677734375 533.5769653320312 141.99839782714844 
3 330.49066162109375 65.40353393554688 379.14422607421875 137.0938262939453 
142
1 1962.4739990234375 184.76910400390625 2310.880126953125 639.2144775390625 
3 289.8059997558594 69.45707702636719 347.890625 142.91860961914062 
3 443.5758972167969 47.4483642578125 508.41754150390625 140.42532348632812 
3 303.6893310546875 70.51565551757812 350.3919677734375 141.32870483398438 
143
1 1939.5228271484375 177.36721801757812 2282.529541015625 642.1314086914062 
3 418.8971862792969 56.323753356933594 483.0822448730469 149.53492736816406 
3 281.00103759765625 76.85440063476562 326.5667724609375 147.3502655029297 
3 264.548583984375 77.5602035522461 306.78204345703125 149.60760498046875 
144
1 1910.89013671875 170.51876831054688 2254.981201171875 634.2713623046875 
3 392.64617919921875 58.359214782714844 457.648193359375 157.2128448486328 
145
1 1887.7205810546875 165.30442810058594 2225.999755859375 628.0665283203125 
3 225.8505859375 89.8974380493164 277.00494384765625 163.84893798828125 
3 367.77459716796875 61.31211853027344 434.82373046875 160.30075073242188 
146
1 1864.2587890625 159.0423126220703 2196.592529296875 619.9286499023438 
3 341.12445068359375 74.54730987548828 407.0863952636719 167.86509704589844 
3 200.7244873046875 94.65591430664062 254.93092346191406 169.30694580078125 
147
1 1834.697021484375 155.06765747070312 2167.250244140625 613.41943359375 
3 315.287109375 78.528076171875 383.3283996582031 172.9713592529297 
3 171.5587158203125 102.91673278808594 228.47210693359375 175.77804565429688 
148
1 1812.796142578125 149.98098754882812 2139.82177734375 609.8916015625 
3 289.1328430175781 83.72488403320312 356.8587951660156 182.72171020507812 
3 148.5075225830078 110.60311889648438 201.7053680419922 182.84402465820312 
149
1 1784.5238037109375 146.2891387939453 2109.7783203125 607.1493530273438 
3 262.71282958984375 86.27253723144531 330.28448486328125 180.25732421875 
3 122.13206481933594 118.65121459960938 174.36691284179688 189.6154022216797 
150
1 1759.0499267578125 141.8440399169922 2081.330810546875 601.35546875 
3 85.99679565429688 124.88404846191406 147.46469116210938 199.53656005859375 
3 234.97103881835938 96.57928466796875 307.1297302246094 188.30348205566406 
151
1 1731.833740234375 137.72669982910156 2050.6923828125 581.7750244140625 
3 208.56784057617188 99.37428283691406 277.7550964355469 200.67396545410156 
3 57.22102737426758 133.4556427001953 122.16583251953125 209.5775146484375 
152
1 1702.3638916015625 133.7505645751953 2019.64453125 580.133056640625 
3 181.54360961914062 113.32756042480469 250.01583862304688 208.73983764648438 
3 40.829322814941406 141.50254821777344 95.73091125488281 214.79714965820312 
153
2 1675.0137939453125 129.3180389404297 1990.0118408203125 566.7704467773438 
3 152.9740753173828 118.24180603027344 224.33255004882812 215.052734375 
3 10.20888900756836 149.92779541015625 68.77238464355469 225.3021240234375 
154
2 1647.4503173828125 125.06053161621094 1960.1397705078125 562.267578125 
3 126.91757202148438 124.94664001464844 197.41986083984375 223.51010131835938 
3 0.0 159.410888671875 39.492774963378906 239.05572509765625 
3 215.7883758544922 96.28318786621094 248.84291076660156 151.664794921875 
155
2 1617.6973876953125 121.79840087890625 1931.046142578125 555.9019165039062 
3 100.18053436279297 135.3048095703125 170.55198669433594 233.13449096679688 
156
2 1593.9176025390625 118.054931640625 1901.1585693359375 555.320556640625 
3 72.42057800292969 144.8950653076172 144.65586853027344 242.86627197265625 
157
2 1567.489990234375 113.8470458984375 1870.1121826171875 550.2665405273438 
3 43.62267303466797 153.78530883789062 116.75434112548828 247.80160522460938 
158
2 1539.202880859375 110.68875122070312 1840.0535888671875 547.354736328125 
3 18.039417266845703 164.2290802001953 92.36409759521484 260.80364990234375 
159
2 1515.06005859375 106.64752197265625 1809.37841796875 567.73388671875 
160
2 1486.002197265625 102.50546264648438 1777.571044921875 559.135986328125 
3 0.1340351104736328 199.1005859375 37.63138198852539 279.7190856933594 
161
2 1459.2431640625 99.00601196289062 1745.855224609375 548.491455078125 
162
2 1437.38525390625 96.0419921875 1712.8807373046875 532.9849243164062 
3 838.733154296875 0.0 854.0655517578125 25.063884735107422 
163
2 1424.650146484375 94.25384521484375 1680.958251953125 531.95947265625 
164
2 1426.9149169921875 91.77328491210938 1643.5283203125 527.4068603515625 
165
2 1395.748291015625 90.15957641601562 1609.557373046875 524.7760009765625 
166
2 1364.9677734375 88.31455993652344 1574.81103515625 539.3795166015625 
167
2 1333.0906982421875 87.09915161132812 1539.7640380859375 530.3172607421875 
168
2 1300.9442138671875 85.73876953125 1505.63525390625 542.5303955078125 
3 677.4427490234375 1.0397224426269531 696.9187622070312 43.24170684814453 
169
2 1269.188232421875 85.07611083984375 1472.680419921875 542.313720703125 
170
2 1236.9207763671875 84.23420715332031 1438.9705810546875 543.9970703125 
171
2 1205.0733642578125 84.05810546875 1408.4915771484375 547.4349365234375 
172
2 1173.82763671875 83.1512451171875 1380.2696533203125 543.8751220703125 
173
2 1141.3150634765625 82.73297119140625 1360.8306884765625 538.4898681640625 
174
2 1110.0721435546875 81.50433349609375 1348.1981201171875 522.677978515625 
175
2 1078.946533203125 82.45355224609375 1340.8006591796875 520.6727294921875 
176
2 1049.6512451171875 82.8243408203125 1300.823486328125 526.5684204101562 
177
2 1017.379150390625 84.09490966796875 1301.020751953125 525.3642578125 
178
2 990.07177734375 83.26495361328125 1307.8922119140625 527.4841918945312 
179
2 961.12255859375 84.80361938476562 1291.071044921875 528.3253173828125 
3 0.1039113998413086 143.96502685546875 26.30660057067871 243.3175048828125 
180
2 934.9947509765625 85.56692504882812 1273.7855224609375 527.679931640625 
181
2 909.8365478515625 86.99569702148438 1250.18994140625 532.1681518554688 
182
2 882.829345703125 90.03515625 1223.338134765625 544.17822265625 
183
2 857.8367309570312 90.96026611328125 1195.105224609375 535.2509765625 
184
2 833.963623046875 92.95703125 1171.7825927734375 544.2698364257812 
185
2 810.6060791015625 94.78469848632812 1140.744140625 539.77197265625 
186
2 788.8553466796875 96.3521728515625 1084.992431640625 542.5659790039062 
187
2 767.0098266601562 96.78643798828125 1092.922607421875 551.12158203125 
188
2 747.8990478515625 99.18988037109375 1041.444580078125 546.1725463867188 
189
2 729.4352416992188 99.8155517578125 1019.5596923828125 554.9534912109375 
190
2 709.67333984375 100.66845703125 1002.1589965820312 553.9619140625 
191
2 691.8942260742188 102.37335205078125 978.5394287109375 556.4010620117188 
192
2 673.2369384765625 103.65576171875 957.8143310546875 561.9312744140625 
193
2 656.6114501953125 104.40399169921875 952.3717651367188 564.865234375 
194
2 637.0445556640625 109.10757446289062 917.1458129882812 562.2205200195312 
195
2 620.4624633789062 109.4541015625 898.8727416992188 565.462158203125 
196
1 603.8768310546875 111.83932495117188 889.0562744140625 571.5925903320312 
197
1 587.5260620117188 113.0101318359375 864.0452880859375 574.865478515625 
198
1 571.5582275390625 115.57464599609375 855.459228515625 579.2327880859375 
199
1 556.2554321289062 117.7044677734375 833.330322265625 584.7684936523438 
200
1 542.2989501953125 119.39456176757812 826.6026611328125 578.0242919921875 
201
1 526.7977294921875 122.81695556640625 806.3223876953125 592.067138671875 
202
1 513.4305419921875 123.89407348632812 790.5713500976562 581.8280029296875 
203
1 498.33660888671875 125.8846435546875 777.8609008789062 598.4933471679688 
204
1 484.53558349609375 129.1461181640625 763.88916015625 596.1371459960938 
205
1 471.96063232421875 131.5950927734375 756.6128540039062 591.4664916992188 
206
1 459.4576721191406 133.74017333984375 760.7228393554688 589.6075439453125 
207
1 448.140380859375 135.62811279296875 759.8314208984375 592.2298583984375 
208
1 437.16729736328125 136.97189331054688 726.1680908203125 585.58837890625 
209
1 424.2449951171875 141.05197143554688 711.3985595703125 587.808837890625 
210
1 412.1522521972656 145.26046752929688 704.8233032226562 589.0228881835938 
211
1 400.3435974121094 148.1961669921875 700.7042236328125 604.18408203125 
212
1 391.010986328125 149.17919921875 688.0698852539062 590.674560546875 
213
1 382.154541015625 152.33438110351562 683.2607421875 592.9983520507812 
214
1 370.4974365234375 152.77459716796875 670.343505859375 598.4282836914062 
215
1 363.5245361328125 155.51126098632812 663.9068603515625 594.0634155273438 
216
1 356.6033935546875 157.00653076171875 657.0877685546875 594.2374877929688 
217
1 350.5724182128906 160.04086303710938 654.0244140625 596.8040771484375 
218
1 344.5335693359375 161.2860107421875 649.6399536132812 594.9485473632812 
219
1 338.76220703125 163.2626953125 646.5201416015625 596.665283203125 
220
1 330.6903991699219 163.99066162109375 642.2029418945312 595.796875 
221
1 322.30780029296875 164.96929931640625 641.22021484375 593.8282470703125 
222
1 316.2286071777344 165.7158203125 655.5106811523438 595.8809204101562 
223
1 310.53509521484375 166.369873046875 639.8663330078125 596.2117919921875 
224
1 306.1917724609375 166.93194580078125 639.7308349609375 592.7318725585938 
225
1 300.1187438964844 166.62030029296875 633.7156982421875 590.3273315429688 
226
1 296.8687744140625 166.0946044921875 632.2998046875 589.8833618164062 
227
1 293.75958251953125 166.73516845703125 630.2990112304688 587.8433227539062 
228
1 292.2509765625 167.24566650390625 638.5457763671875 588.27294921875 
229
1 289.5848693847656 166.55145263671875 667.0626220703125 590.5126342773438 
230
1 289.11639404296875 165.75335693359375 661.0670776367188 589.8202514648438 
231
1 288.0926208496094 166.60980224609375 662.2301025390625 579.2818603515625 
232
1 287.9012451171875 166.2086181640625 632.2756958007812 575.078125 
233
1 289.57855224609375 164.381591796875 630.3013916015625 571.6923217773438 
234
2 291.12298583984375 161.7701416015625 634.1885375976562 566.3341064453125 
235
2 294.5802001953125 160.94546508789062 667.8558959960938 565.529541015625 
236
2 298.337646484375 160.82464599609375 637.6432495117188 563.475830078125 
237
2 302.155029296875 160.0556640625 641.6925048828125 559.2554321289062 
238
2 308.65380859375 157.78662109375 647.0311279296875 556.51416015625 
239
2 314.5820007324219 158.27105712890625 676.2545776367188 556.5079345703125 
240
2 319.9639892578125 154.36048889160156 663.1610107421875 553.1381225585938 
241
2 324.62823486328125 152.33450317382812 678.51220703125 549.89990234375 
242
2 334.1126708984375 150.32626342773438 688.1146240234375 547.7838745117188 
243
2 342.19805908203125 149.4041748046875 697.8819580078125 541.71484375 
244
2 349.0064697265625 145.34722900390625 699.9799194335938 537.6552124023438 
245
2 357.553466796875 141.44696044921875 709.55517578125 531.7158203125 
246
2 364.3166198730469 137.58128356933594 702.0350952148438 526.409423828125 
247
2 371.2498474121094 134.54844665527344 705.2230224609375 523.7867431640625 
248
2 381.1314697265625 131.49472045898438 738.0926513671875 522.437255859375 
249
2 392.2001953125 130.18057250976562 736.4971313476562 522.9097900390625 
250
2 400.1748352050781 128.57391357421875 746.4220581054688 513.7332763671875 
251
2 410.70281982421875 124.87095642089844 723.076416015625 504.9459228515625 
252
2 420.85693359375 119.3944091796875 740.9317016601562 503.403076171875 
253
2 432.8101806640625 115.02789306640625 732.8270874023438 499.000244140625 
254
2 443.8558349609375 113.42352294921875 740.7221069335938 497.36248779296875 
255
2 455.9018859863281 111.93719482421875 748.0709838867188 496.06744384765625 
256
2 469.45635986328125 112.06488037109375 752.4506225585938 492.71795654296875 
257
2 480.9365234375 106.99554443359375 748.48779296875 489.3682861328125 
258
2 492.99615478515625 102.29496765136719 751.4337158203125 486.29473876953125 
259
2 503.52008056640625 99.71084594726562 759.5010986328125 483.59112548828125 
260
2 516.85205078125 97.23312377929688 774.14306640625 481.18743896484375 
261
2 525.5983276367188 96.75634765625 767.6649169921875 473.789794921875 
262
2 536.3358764648438 94.01129150390625 781.4046020507812 473.2394714355469 
263
2 548.1968994140625 92.41752624511719 789.5425415039062 493.986083984375 
264
2 558.9556274414062 90.32505798339844 788.7539672851562 487.6343994140625 
265
2 566.510986328125 86.2801513671875 795.627685546875 484.9100341796875 
266
2 577.2745971679688 85.57771301269531 804.01904296875 485.3837890625 
267
2 587.0647583007812 83.01785278320312 809.8248291015625 472.2814025878906 
268
2 597.2060546875 82.955810546875 814.8662719726562 468.3294677734375 
269
2 605.820068359375 81.78817749023438 821.1417846679688 466.63958740234375 
270
2 613.1583251953125 80.471435546875 827.490966796875 461.1736145019531 
271
2 621.1092529296875 79.88560485839844 833.6620483398438 464.6273193359375 
272
2 620.8048706054688 79.96823120117188 840.2350463867188 463.24969482421875 
273
2 632.2840576171875 81.01182556152344 850.9077758789062 459.4377136230469 
274
2 652.23681640625 81.01431274414062 868.0641479492188 461.20391845703125 
275
2 662.400146484375 83.4293212890625 881.8757934570312 457.1308288574219 
276
2 673.95458984375 81.8487548828125 901.957763671875 457.3935241699219 
277
2 684.942138671875 82.64509582519531 913.6527099609375 452.25927734375 
278
2 695.0122680664062 83.290771484375 932.5218505859375 451.39031982421875 
279
2 707.1565551757812 82.20353698730469 922.0960693359375 450.9179382324219 
280
2 718.774169921875 82.67817687988281 918.0728759765625 449.046142578125 
281
2 728.8724365234375 81.80471801757812 920.1246337890625 448.16070556640625 
282
2 738.4129638671875 79.18827819824219 928.9293212890625 446.466552734375 
283
2 749.3764038085938 76.43983459472656 928.2906494140625 441.8639221191406 
284
2 757.93310546875 74.70083618164062 932.6990356445312 439.9140319824219 
285
2 768.4767456054688 72.60696411132812 936.36865234375 437.72198486328125 
286
2 777.8966674804688 70.171142578125 949.1885375976562 438.19635009765625 
287
2 787.3207397460938 71.0433349609375 963.3590698242188 437.2242126464844 
288
2 796.8764038085938 68.70677185058594 976.6267700195312 436.0596923828125 
289
2 806.7012939453125 67.02958679199219 986.3101806640625 434.5978088378906 
290
2 816.4049072265625 65.89961242675781 1001.1472778320312 431.8031921386719 
291
2 825.6445922851562 65.90077209472656 1033.3494873046875 429.89385986328125 
292
2 837.4239501953125 65.24185180664062 1063.5797119140625 429.5687561035156 
293
2 849.2811889648438 68.88822937011719 1087.8590087890625 426.4041442871094 
294
2 861.6919555664062 70.14486694335938 1114.444091796875 425.83868408203125 
295
2 875.4591674804688 71.05204772949219 1130.0477294921875 428.5591735839844 
296
2 888.2453002929688 72.82745361328125 1138.969970703125 422.83367919921875 
297
2 900.397705078125 73.38241577148438 1141.251220703125 425.4154357910156 
298
2 905.362060546875 76.555908203125 1143.18603515625 425.3300476074219 
299
2 908.1557006835938 78.49261474609375 1147.3543701171875 424.52569580078125 
300
2 911.5404052734375 80.195068359375 1126.2420654296875 424.20074462890625 
301
2 918.6651611328125 83.22297668457031 1151.0755615234375 427.18914794921875 
302
2 926.1226196289062 84.3441162109375 1151.9486083984375 433.01910400390625 
303
2 934.5914916992188 85.06956481933594 1152.9173583984375 425.3892822265625 
304
2 947.3273315429688 86.36372375488281 1155.00927734375 427.9568786621094 
305
2 965.129150390625 86.40243530273438 1157.262451171875 421.83929443359375 
306
2 988.526123046875 89.00614929199219 1156.8721923828125 422.1499328613281 
307
2 1011.6135864257812 89.86912536621094 1161.6551513671875 422.67291259765625 
308
2 1031.955322265625 90.29450988769531 1164.3056640625 423.42510986328125 
309
2 1044.985595703125 92.78419494628906 1170.1153564453125 405.9522399902344 
310
2 1055.9354248046875 94.98130798339844 1180.8594970703125 420.779052734375 
311
2 1067.84521484375 97.21116638183594 1192.51318359375 422.46527099609375 
312
2 1080.275390625 100.844970703125 1204.2347412109375 420.67431640625 
313
2 1091.6649169921875 103.02679443359375 1228.8887939453125 425.57464599609375 
314
2 1105.51806640625 105.01408386230469 1258.7532958984375 419.5667724609375 
315
2 1116.2891845703125 107.30303955078125 1288.8721923828125 419.4246520996094 
316
2 1118.1456298828125 108.99482727050781 1302.3773193359375 418.122802734375 
317
2 1120.5565185546875 110.77409362792969 1308.3709716796875 416.36895751953125 
318
2 1121.80615234375 114.795654296875 1313.232421875 421.7628479003906 
319
2 1126.7957763671875 117.21418762207031 1314.3985595703125 421.63226318359375 
320
2 1128.03662109375 116.6131591796875 1320.60009765625 420.8607177734375 
321
2 1132.5631103515625 114.48475646972656 1314.3619384765625 409.6912841796875 
322
2 1140.342041015625 114.27142333984375 1323.9263916015625 412.8495788574219 
323
2 1150.0579833984375 112.5631103515625 1323.06884765625 404.9664306640625 
324
2 1162.204833984375 114.01277160644531 1328.763916015625 404.6783447265625 
325
2 1178.199462890625 114.27630615234375 1336.54443359375 409.0047607421875 
326
2 1193.648193359375 114.29743957519531 1345.6700439453125 411.44537353515625 
327
2 1212.3592529296875 112.31391906738281 1354.018310546875 404.84637451171875 
328
2 1229.01611328125 110.9091796875 1363.1317138671875 408.0882263183594 
329
2 1251.840087890625 110.56446838378906 1370.4482421875 402.3728942871094 
330
2 1261.0430908203125 109.48638916015625 1377.8033447265625 398.45233154296875 
331
2 1266.416259765625 112.69097900390625 1383.018798828125 401.44122314453125 
332
2 1269.50439453125 115.6220703125 1389.2816162109375 397.15936279296875 
333
2 1268.3994140625 115.77471923828125 1399.002197265625 400.39862060546875 
334
2 1269.1688232421875 117.49717712402344 1419.2276611328125 397.13433837890625 
335
2 1271.0233154296875 117.88240051269531 1433.590087890625 396.11767578125 
336
2 1271.2767333984375 118.90544128417969 1442.0714111328125 390.6506652832031 
337
2 1272.77978515625 122.50296020507812 1450.4268798828125 394.30120849609375 
338
2 1273.84423828125 126.53225708007812 1449.924072265625 398.35174560546875 
339
2 1274.5443115234375 130.73800659179688 1453.5673828125 402.2655029296875 
340
2 1276.5484619140625 132.078857421875 1452.883056640625 401.42510986328125 
341
2 1281.8018798828125 133.20993041992188 1456.107666015625 399.44012451171875 
342
2 1289.517333984375 131.07070922851562 1462.865234375 397.676025390625 
343
2 1300.884033203125 133.72637939453125 1469.0665283203125 397.90081787109375 
344
2 1310.4210205078125 133.306396484375 1474.636474609375 395.20928955078125 
345
2 1324.1641845703125 131.087158203125 1478.8314208984375 394.39630126953125 
346
2 1336.69482421875 129.91500854492188 1483.4359130859375 390.92340087890625 
347
2 1348.1116943359375 127.8388671875 1488.882080078125 389.21258544921875 
348
2 1363.0111083984375 125.56890869140625 1492.459228515625 385.45196533203125 
349
2 1376.5662841796875 123.28866577148438 1493.9713134765625 384.55767822265625 
350
2 1381.0972900390625 122.8621826171875 1495.8228759765625 384.5675354003906 
351
2 1377.9366455078125 119.37814331054688 1500.22509765625 388.68927001953125 
352
2 1377.2352294921875 122.59114074707031 1504.1861572265625 383.1734313964844 
353
2 1376.2314453125 121.50146484375 1510.117919921875 387.55047607421875 
354
2 1377.1856689453125 119.87016296386719 1514.3441162109375 384.1376647949219 
355
2 1375.655029296875 119.06011962890625 1518.9117431640625 379.3039245605469 
356
2 1376.726806640625 117.85023498535156 1527.26171875 380.12957763671875 
357
2 1374.6767578125 119.25692749023438 1527.3580322265625 379.2154846191406 
358
2 1375.333740234375 117.59523010253906 1531.5504150390625 375.5709228515625 
359
2 1376.6090087890625 117.68478393554688 1537.726806640625 371.19207763671875 
360
2 1381.91015625 116.75338745117188 1544.3438720703125 373.941162109375 
361
2 1387.72705078125 115.36976623535156 1551.1258544921875 370.077880859375 
362
2 1399.4696044921875 116.18522644042969 1557.296630859375 372.5526428222656 
363
2 1409.7139892578125 118.91802978515625 1561.3541259765625 371.4497375488281 
364
2 1418.2198486328125 119.14482116699219 1565.9534912109375 370.47027587890625 
365
2 1426.9185791015625 117.685302734375 1574.0592041015625 365.6636962890625 
3 118.8016128540039 102.52998352050781 174.7504119873047 186.31015014648438 
366
2 1439.4078369140625 115.53463745117188 1580.5068359375 363.90380859375 
367
2 1454.0572509765625 115.57756042480469 1588.3251953125 361.23114013671875 
368
2 1468.0203857421875 117.19554138183594 1593.22119140625 359.6920166015625 
2 1468.6956787109375 117.67010498046875 1592.69287109375 360.0755310058594 
369
2 1480.9090576171875 118.81402587890625 1598.8529052734375 358.48486328125 
370
2 1485.5001220703125 119.83505249023438 1603.8651123046875 361.055908203125 
371
2 1487.71630859375 119.808837890625 1606.655029296875 363.5744934082031 
372
3 1484.1912841796875 117.37554931640625 1610.684814453125 352.55908203125 
373
3 1484.2518310546875 115.48136901855469 1613.4910888671875 351.3086242675781 
374
3 1485.2327880859375 115.37663269042969 1616.3282470703125 351.7132263183594 
375
3 1485.2110595703125 115.39201354980469 1620.3482666015625 349.71795654296875 
376
3 1483.9852294921875 115.02194213867188 1620.7569580078125 350.0241394042969 
377
3 1484.0787353515625 112.49430847167969 1621.274658203125 347.9945983886719 
378
3 1481.6531982421875 108.44007873535156 1622.44140625 341.5357666015625 
379
3 1481.717041015625 103.48870849609375 1623.6453857421875 336.42559814453125 
380
3 1475.79736328125 101.59957885742188 1623.93798828125 337.6521911621094 
381
3 1481.5731201171875 99.12591552734375 1624.3369140625 334.49169921875 
382
3 1479.4173583984375 97.68734741210938 1624.8526611328125 330.2421569824219 
383
3 1477.1846923828125 94.59957885742188 1626.3707275390625 328.2320251464844 
384
3 1478.6953125 88.17280578613281 1626.88818359375 323.9358825683594 
385
3 1486.16357421875 82.19329833984375 1629.6741943359375 316.18255615234375 
3 2480.740234375 317.1282653808594 2559.07373046875 422.8155517578125 
386
3 1489.8653564453125 75.35088348388672 1630.44580078125 308.88446044921875 
387
3 1493.650634765625 70.04669189453125 1631.4947509765625 305.6856689453125 
388
3 1495.853271484375 67.33479309082031 1633.0164794921875 300.5138854980469 
389
3 1498.056884765625 62.884925842285156 1633.728515625 296.6645812988281 
390
3 1499.7547607421875 55.128204345703125 1632.68408203125 288.9747619628906 
391
3 1500.315185546875 45.963829040527344 1632.63525390625 280.66845703125 
392
3 1504.166748046875 45.56017303466797 1629.4757080078125 277.38531494140625 
393
3 1502.9923095703125 39.211669921875 1628.34326171875 275.02728271484375 
394
3 1504.1153564453125 35.194984436035156 1632.3062744140625 267.11322021484375 
395
3 1505.539306640625 33.921287536621094 1633.3907470703125 265.5541076660156 
396
3 1503.767578125 28.89000701904297 1635.4385986328125 258.8020935058594 
397
3 1505.5975341796875 19.580772399902344 1635.3734130859375 252.70086669921875 
398
3 1504.407958984375 19.762237548828125 1635.2095947265625 253.51385498046875 
399
3 1505.075439453125 23.926620483398438 1636.68896484375 254.294921875 
400
3 1508.433837890625 19.524940490722656 1638.4287109375 249.08111572265625 
3 142.65760803222656 56.133827209472656 196.80917358398438 160.76422119140625 
401
3 1509.7510986328125 16.779396057128906 1644.2930908203125 245.4942626953125 
402
3 1512.65234375 11.203765869140625 1647.2138671875 244.46246337890625 
403
3 1516.3846435546875 9.13641357421875 1649.9163818359375 238.02218627929688 
404
3 1518.7491455078125 8.651802062988281 1653.3902587890625 236.79083251953125 
405
3 1521.28173828125 10.031890869140625 1655.6126708984375 237.03042602539062 
406
3 1520.3538818359375 9.196548461914062 1657.5848388671875 235.3275146484375 
407
3 1520.9609375 9.048454284667969 1657.45263671875 234.57058715820312 
3 159.87767028808594 46.06153106689453 231.78294372558594 149.33071899414062 
3 160.27487182617188 48.73792266845703 217.56820678710938 147.43209838867188 
408
3 1521.9703369140625 4.615364074707031 1657.436767578125 231.40380859375 
3 160.423095703125 46.767486572265625 219.3405303955078 144.4126739501953 
409
3 1521.2890625 0.4971466064453125 1654.240478515625 222.84646606445312 
3 1521.3433837890625 0.9272384643554688 1654.5174560546875 223.01666259765625 
410
3 1518.2781982421875 0.7550201416015625 1652.1258544921875 222.48587036132812 
3 1518.245361328125 0.8176498413085938 1652.3770751953125 222.552734375 
411
3 1513.7320556640625 0.48688507080078125 1647.8192138671875 221.69744873046875 
3 155.25909423828125 42.66957092285156 228.9799041748047 148.654052734375 
412
3 1513.431640625 0.5726776123046875 1647.0789794921875 217.1554718017578 
413
3 1511.736328125 0.2419281005859375 1646.399658203125 216.6702880859375 
3 155.20590209960938 42.65900421142578 223.31494140625 142.0602569580078 
3 155.75015258789062 39.89884948730469 240.103759765625 142.4503173828125 
414
3 1510.2716064453125 0.8739700317382812 1644.3790283203125 213.42022705078125 
3 156.60317993164062 39.89666748046875 225.02224731445312 142.3603057861328 
415
3 1510.0362548828125 0.8496246337890625 1644.446533203125 212.367919921875 
3 154.01437377929688 30.637863159179688 246.74351501464844 139.5408172607422 
416
3 1510.4267578125 0.35909271240234375 1644.7034912109375 212.8953857421875 
3 157.57180786132812 27.439910888671875 242.75245666503906 138.1324920654297 
3 158.1193084716797 29.675743103027344 224.72024536132812 138.05093383789062 
417
3 1511.563232421875 0.0 1645.1116943359375 208.919921875 
3 158.5720977783203 29.469512939453125 231.77842712402344 139.33543395996094 
418
3 1511.082275390625 0.0 1644.651611328125 209.93289184570312 
3 158.986572265625 32.31159973144531 234.16860961914062 139.99281311035156 
419
3 1509.90380859375 0.0 1642.6474609375 209.528076171875 
420
3 1510.8255615234375 0.0 1642.2557373046875 199.36138916015625 
421
3 1510.421630859375 0.0 1641.730712890625 197.913330078125 
3 160.69436645507812 29.84369659423828 241.33828735351562 132.40621948242188 
422
3 1512.0438232421875 0.0 1643.903564453125 201.8865966796875 
3 166.4763946533203 34.53875732421875 239.69564819335938 131.11212158203125 
423
3 1513.208984375 0.2752532958984375 1644.2880859375 200.44491577148438 
3 167.8935546875 36.643768310546875 239.07167053222656 130.54376220703125 
424
3 1513.046875 0.0 1642.143798828125 196.73753356933594 
3 165.34039306640625 33.71888732910156 242.40122985839844 130.67306518554688 
425
3 1512.908203125 0.0 1641.886474609375 193.84542846679688 
3 168.1855010986328 42.357879638671875 238.42066955566406 128.75259399414062 
426
3 1513.5706787109375 0.0 1642.1239013671875 189.00555419921875 
3 170.75836181640625 38.242820739746094 236.86900329589844 129.058349609375 
427
3 1518.52197265625 0.0 1645.8780517578125 189.09814453125 
3 175.2588653564453 36.83738708496094 241.44094848632812 126.7999267578125 
428
3 1523.0333251953125 0.0 1648.8170166015625 190.46469116210938 
3 180.55270385742188 26.91350555419922 244.45513916015625 126.639404296875 
429
3 1526.5921630859375 0.0 1652.9556884765625 185.9501495361328 
3 183.34251403808594 22.571510314941406 252.7649383544922 119.62710571289062 
430
3 1526.7353515625 0.0 1651.2930908203125 185.6082000732422 
3 186.57044982910156 30.124526977539062 253.26271057128906 126.20063781738281 
431
3 1525.616943359375 0.0 1649.2779541015625 185.67752075195312 
3 188.52194213867188 24.07361602783203 264.15093994140625 127.2569580078125 
432
3 1526.1741943359375 0.0 1649.2508544921875 181.11196899414062 
433
3 1527.7017822265625 0.0 1650.7799072265625 180.15231323242188 
3 191.4716033935547 20.779205322265625 266.8089599609375 123.04681396484375 
434
3 1530.6474609375 0.0 1653.1444091796875 176.0307159423828 
435
3 1533.2003173828125 0.0 1656.87646484375 175.40249633789062 
436
3 1532.6744384765625 0.0 1654.102294921875 177.7742919921875 
3 197.97174072265625 24.599769592285156 266.511474609375 118.36996459960938 
437
3 1531.273681640625 0.0 1653.265869140625 177.24501037597656 
3 198.3589324951172 27.422412872314453 268.7345886230469 116.3067626953125 
438
3 1530.5870361328125 0.0 1650.247802734375 170.9852294921875 
439
3 1531.8963623046875 0.0 1652.345947265625 167.007080078125 
440
3 1535.9420166015625 0.0 1657.5257568359375 165.92642211914062 
441
3 1539.8094482421875 0.0 1661.414306640625 160.87025451660156 
3 207.9898223876953 0.6941299438476562 284.456787109375 98.05439758300781 
442
3 1540.9718017578125 0.0 1661.8310546875 163.4505157470703 
3 209.91868591308594 1.576141357421875 291.36383056640625 97.96466064453125 
443
3 1540.8841552734375 0.0 1661.125 161.96389770507812 
444
3 1540.34912109375 0.0 1660.9886474609375 157.84652709960938 
445
3 1542.0142822265625 0.0 1662.2591552734375 158.2401123046875 
446
3 1543.519287109375 0.0 1665.26806640625 154.74925231933594 
3 215.3887939453125 0.838165283203125 299.06494140625 95.41421508789062 
447
3 1544.5184326171875 0.0 1666.5982666015625 148.48760986328125 
448
3 1544.135498046875 0.0 1665.49755859375 146.7755889892578 
3 215.58770751953125 0.24386215209960938 299.6106262207031 90.7779769897461 
449
3 1542.7572021484375 0.0 1663.2947998046875 144.87879943847656 
3 214.69143676757812 0.167572021484375 305.5456237792969 86.37696075439453 
450
3 1541.6033935546875 0.0 1661.9921875 147.36306762695312 
3 214.98435974121094 0.0 296.1407165527344 86.22450256347656 
451
3 1541.7196044921875 0.0 1661.3380126953125 143.5968017578125 
452
3 1539.7442626953125 0.0 1660.229248046875 145.9354705810547 
453
3 1538.8875732421875 0.0 1658.349609375 138.3463592529297 
454
3 1538.7122802734375 0.0 1656.798828125 139.32501220703125 
455
3 1538.5968017578125 0.0702667236328125 1653.070068359375 135.1796875 
456
3 1535.41455078125 0.01883697509765625 1651.6365966796875 140.65786743164062 
457
3 1531.828857421875 0.0 1647.7916259765625 141.28482055664062 
458
3 1526.6787109375 0.0 1641.853759765625 139.01132202148438 
459
3 1521.86376953125 0.0 1636.218017578125 137.37203979492188 
460
3 1513.89453125 0.0 1629.6572265625 135.6187744140625 
461
3 1508.87255859375 0.0 1621.7061767578125 141.1409454345703 
462
3 1502.89990234375 0.0 1615.031005859375 141.11268615722656 
463
3 1497.5977783203125 0.0 1608.540283203125 143.65731811523438 
464
3 1492.940673828125 0.0 1604.506591796875 145.32090759277344 
465
3 1488.124267578125 0.0 1597.3809814453125 148.63577270507812 
466
3 1483.3055419921875 0.0 1592.076171875 156.54946899414062 
467
3 1478.174560546875 0.0 1585.70947265625 154.00381469726562 
468
3 1470.4423828125 0.0 1577.749267578125 152.1998291015625 
469
3 1460.89794921875 0.0 1567.4053955078125 159.0379638671875 
470
3 1449.8756103515625 0.0 1557.0023193359375 157.19155883789062 
471
3 1441.5166015625 0.0 1545.9931640625 160.83566284179688 
472
3 1431.298828125 0.0 1536.283935546875 164.09988403320312 
473
3 1423.399658203125 0.0 1528.0201416015625 170.51434326171875 
474
3 1417.1219482421875 0.0 1520.08837890625 174.34344482421875 
475
3 1412.474609375 0.0 1515.7032470703125 176.32310485839844 
476
3 1407.4837646484375 0.0 1511.5618896484375 177.5265350341797 
477
3 1402.00439453125 0.0 1505.23876953125 177.92092895507812 
478
3 1396.5933837890625 0.0 1500.8341064453125 175.85104370117188 
479
3 1388.42236328125 0.015594482421875 1492.1588134765625 182.72906494140625 
3 1388.512451171875 0.0 1492.547119140625 182.69256591796875 
480
3 1381.218017578125 0.0 1483.8310546875 181.41644287109375 
481
3 1372.972900390625 1.36749267578125 1476.9403076171875 182.166259765625 
482
3 1365.4893798828125 1.58941650390625 1469.283203125 180.80116271972656 
483
3 1356.5301513671875 1.2049942016601562 1461.5491943359375 179.47727966308594 
484
3 1350.1627197265625 0.0 1453.7469482421875 175.9909210205078 
485
3 1345.1806640625 0.0 1449.4156494140625 175.0106964111328 
486
3 1339.2708740234375 0.8457183837890625 1444.978759765625 175.27435302734375 
487
3 1335.331298828125 1.210418701171875 1440.4903564453125 174.87643432617188 
488
3 1331.61328125 0.5588531494140625 1436.6558837890625 176.36671447753906 
489
3 1328.158203125 0.0 1433.0738525390625 172.36123657226562 
490
3 1323.0972900390625 0.0 1429.0863037109375 172.84420776367188 
491
3 1321.0157470703125 0.0 1427.2384033203125 168.4711456298828 
492
3 1318.8023681640625 0.0 1425.603515625 169.4241180419922 
493
3 1317.30224609375 0.0 1424.516357421875 172.42495727539062 
494
3 1314.25830078125 0.0 1421.488037109375 169.90347290039062 
495
3 1310.131591796875 0.0 1418.117919921875 168.2894287109375 
496
3 1305.8111572265625 0.0 1416.92724609375 155.85589599609375 
497
3 1302.7659912109375 0.0 1413.6761474609375 169.97482299804688 
498
3 1298.4462890625 0.0 1408.1781005859375 169.72071838378906 
499
3 1294.1610107421875 0.0 1404.9404296875 171.96835327148438 
500
3 1292.126220703125 0.0348663330078125 1400.02978515625 172.04025268554688 
501
3 1288.7672119140625 0.0 1396.3275146484375 168.69058227539062 
502
3 1287.5821533203125 0.8290481567382812 1394.7252197265625 170.8271484375 
503
3 1287.2825927734375 1.2934951782226562 1392.585693359375 169.784912109375 
504
3 1287.039306640625 2.764251708984375 1391.343505859375 171.92727661132812 
505
3 1286.8798828125 6.888153076171875 1389.915283203125 173.36160278320312 
506
3 1285.9764404296875 7.3894805908203125 1388.7845458984375 176.66592407226562 
507
3 1284.2628173828125 9.615974426269531 1386.219482421875 174.79275512695312 
508
3 1282.6248779296875 10.102287292480469 1383.220458984375 176.11663818359375 
509
3 1280.25830078125 13.812934875488281 1379.1973876953125 179.14035034179688 
510
3 1276.7603759765625 14.700042724609375 1373.48291015625 180.1716766357422 
511
3 1270.654541015625 18.017715454101562 1368.668212890625 183.89340209960938 
512
3 1265.6805419921875 19.935714721679688 1361.0767822265625 183.91549682617188 
513
3 1260.390625 22.75359344482422 1356.488525390625 113.55271911621094 
3 1258.121337890625 22.160011291503906 1357.1871337890625 185.78424072265625 
514
3 1255.4805908203125 22.358951568603516 1350.442138671875 116.84112548828125 
515
3 1250.81103515625 22.851394653320312 1343.9969482421875 116.01319885253906 
516
3 1242.880615234375 20.311996459960938 1337.6798095703125 178.09783935546875 
517
3 1238.33203125 19.58972930908203 1333.5455322265625 184.09176635742188 
3 1238.7845458984375 19.08739471435547 1333.9805908203125 182.80239868164062 
3 1239.79296875 19.727195739746094 1332.2978515625 125.1866455078125 
518
3 1234.37158203125 17.895565032958984 1327.072021484375 158.72140502929688 
519
3 1229.853515625 14.084552764892578 1323.0234375 177.69720458984375 
520
521
3 1219.9637451171875 8.873527526855469 1313.6240234375 176.8653564453125 
522
3 1213.0880126953125 5.912544250488281 1306.18701171875 175.89308166503906 
523
3 1206.7442626953125 7.206825256347656 1299.0958251953125 176.29965209960938 
524
3 1197.5123291015625 6.2591400146484375 1290.258056640625 174.98687744140625 
525
3 1188.08251953125 6.026397705078125 1280.53173828125 173.79702758789062 
526
3 1179.3201904296875 5.7351531982421875 1270.2320556640625 172.59396362304688 
527
3 1166.7442626953125 6.770538330078125 1259.0604248046875 173.30172729492188 
528
3 1155.489013671875 6.429740905761719 1248.095458984375 172.18125915527344 
529
3 1143.6458740234375 6.0594329833984375 1236.7296142578125 175.9762725830078 
530
3 1131.769287109375 5.49658203125 1225.6754150390625 172.46408081054688 
531
3 1120.715576171875 6.399391174316406 1212.864013671875 172.697265625 
532
3 1108.490966796875 7.06365966796875 1200.1346435546875 175.9976348876953 
533
3 1096.70166015625 6.1923370361328125 1188.3304443359375 176.6033172607422 
534
3 1083.8699951171875 7.80572509765625 1174.85205078125 176.65968322753906 
535
3 1069.0472412109375 8.3804931640625 1160.215576171875 176.88348388671875 
536
3 1053.8997802734375 9.976791381835938 1144.31103515625 178.61526489257812 
537
3 1035.98046875 9.406524658203125 1129.2432861328125 179.17721557617188 
538
3 1019.8628540039062 10.178779602050781 1111.6495361328125 181.19241333007812 
539
3 1000.7019653320312 10.444961547851562 1093.46826171875 181.0154571533203 
540
3 982.537109375 12.287002563476562 1075.9161376953125 180.2427978515625 
541
3 962.884033203125 13.943267822265625 1056.675537109375 181.8321533203125 
542
3 945.136962890625 14.863777160644531 1037.6539306640625 185.37619018554688 
543
3 925.5145874023438 18.15807342529297 1020.0184326171875 187.1533660888672 
544
3 906.2733764648438 18.517807006835938 1001.036376953125 187.45965576171875 
545
3 883.56201171875 22.894432067871094 978.9224243164062 192.38009643554688 
546
3 862.4966430664062 23.8468017578125 956.210205078125 194.45169067382812 
0 2170.87890625 893.1155395507812 2283.107421875 1077.11181640625 
547
3 839.2236328125 26.65032958984375 933.6444702148438 199.64389038085938 
548
3 813.7684326171875 27.473365783691406 910.3074340820312 198.77230834960938 
549
3 791.3314208984375 30.699317932128906 886.3662109375 202.29640197753906 
550
3 767.5465087890625 31.378341674804688 862.3554077148438 203.40350341796875 
0 2142.497802734375 849.738037109375 2234.023681640625 1066.055419921875 
551
3 744.3114013671875 34.93329620361328 839.4181518554688 206.5355224609375 
552
3 724.8877563476562 38.571746826171875 819.506591796875 210.05517578125 
553
3 708.653564453125 41.502769470214844 802.852783203125 211.68878173828125 
0 2097.952880859375 831.2427978515625 2164.38720703125 1039.763671875 
554
3 692.39501953125 43.66156005859375 786.2235107421875 217.51251220703125 
555
3 676.6615600585938 46.005584716796875 769.7340698242188 217.054931640625 
556
3 659.406494140625 48.02799987792969 752.1109619140625 221.43695068359375 
557
3 642.5693969726562 49.889610290527344 734.7598876953125 220.88897705078125 
558
3 625.4140014648438 50.99922180175781 716.9464111328125 223.41900634765625 
559
3 607.825927734375 52.432945251464844 699.8320922851562 224.7362060546875 
560
3 592.583740234375 54.642181396484375 685.0769653320312 228.29977416992188 
0 2017.65087890625 796.1383056640625 2120.3125 1049.4017333984375 
561
3 581.8621826171875 55.05414581298828 673.4364013671875 229.56781005859375 
562
3 575.68017578125 55.622100830078125 666.9951171875 229.97817993164062 
563
3 573.4491577148438 55.009910583496094 665.9241333007812 229.8408203125 
564
3 572.290283203125 54.6893310546875 665.5087280273438 229.94403076171875 
565
3 572.1188354492188 55.518394470214844 664.1246948242188 231.15728759765625 
566
3 571.137451171875 55.461570739746094 663.3073120117188 227.89385986328125 
567
3 569.2171020507812 56.42363739013672 660.5057983398438 231.50830078125 
568
3 566.2537841796875 57.820556640625 658.5806274414062 232.88922119140625 
569
3 564.7958984375 57.98584747314453 657.8404541015625 233.08160400390625 
570
3 564.6820678710938 58.052337646484375 657.3782958984375 232.35357666015625 
571
3 565.0484008789062 57.92559814453125 657.7362060546875 231.65643310546875 
572
3 566.8189697265625 58.11237335205078 659.2515258789062 232.9073486328125 
573
3 568.9051513671875 58.25480651855469 660.974365234375 232.17498779296875 
574
3 571.6569213867188 58.33245086669922 664.2538452148438 231.29849243164062 
575
3 573.3604736328125 58.20732116699219 665.9896850585938 231.926025390625 
576
3 575.5621337890625 57.43048858642578 668.6395874023438 228.0430908203125 
577
3 577.812744140625 57.40789794921875 669.8958740234375 229.18710327148438 
578
3 579.7368774414062 57.54206085205078 672.0390014648438 228.706298828125 
579
3 580.0806274414062 56.68645477294922 672.111083984375 228.89175415039062 
580
3 578.9229736328125 57.97200012207031 670.414794921875 228.89230346679688 
581
3 576.8463134765625 57.2205810546875 668.0859375 231.23385620117188 
582
3 572.9464721679688 58.162994384765625 665.0872802734375 232.2603759765625 
583
3 568.025634765625 58.32550048828125 659.4293823242188 232.49716186523438 
584
3 561.8810424804688 59.093849182128906 653.9498291015625 232.67587280273438 
585
3 554.8258056640625 60.809364318847656 647.15283203125 234.58566284179688 
586
3 548.7072143554688 61.89635467529297 640.8018798828125 236.08013916015625 
587
3 542.549560546875 62.594932556152344 633.9005737304688 236.11883544921875 
0 1953.000244140625 781.4224853515625 2087.454833984375 976.9166259765625 
588
3 536.7296142578125 63.00061798095703 627.5206298828125 236.01019287109375 
589
3 528.4163818359375 65.82699584960938 620.6669921875 240.32492065429688 
590
3 519.9605712890625 65.98365783691406 612.4277954101562 239.32373046875 
591
3 510.32977294921875 66.10987091064453 602.615966796875 240.8218994140625 
592
3 499.3774108886719 67.84481048583984 591.5962524414062 246.14901733398438 
593
3 487.8634033203125 70.1385498046875 580.3424072265625 243.35675048828125 
594
3 475.47833251953125 74.04167938232422 567.1167602539062 248.21258544921875 
595
3 461.5167236328125 74.19816589355469 553.848876953125 253.18606567382812 
596
3 447.07708740234375 79.20599365234375 538.9961547851562 256.74127197265625 
597
3 431.3961181640625 82.19108581542969 523.9583740234375 257.29412841796875 
598
3 415.22955322265625 86.68106842041016 508.547607421875 263.5409851074219 
599
3 398.3328857421875 89.1919937133789 491.3990173339844 266.040283203125 
