0
1
2
3
4
5
6
7
8
9
10
11
12
13
14
15
16
17
18
19
20
21
22
23
24
25
26
27
28
29
30
31
32
33
34
35
36
37
38
39
40
41
42
43
44
45
3 2513.967529296875 147.62921142578125 2559.08935546875 241.40924072265625 
46
47
48
49
50
51
52
53
54
55
56
57
58
59
60
61
3 2481.11865234375 65.36418914794922 2558.90185546875 229.25347900390625 
62
63
64
65
66
67
68
3 2467.07958984375 59.02650451660156 2558.870361328125 223.767822265625 
69
70
71
72
73
74
75
76
77
78
79
80
81
82
83
84
85
86
87
88
89
90
91
92
93
94
95
96
97
98
99
100
101
102
103
104
105
106
107
108
109
110
111
112
113
114
115
116
117
118
119
3 757.843505859375 0.05231475830078125 800.4902954101562 49.2320556640625 
120
3 755.7435302734375 0.24666213989257812 801.2395629882812 49.34461975097656 
121
122
3 753.8642578125 0.0 801.0992431640625 49.03993225097656 
123
124
3 751.8872680664062 0.0 803.9935913085938 44.56206512451172 
125
3 2533.21923828125 138.39425659179688 2558.931396484375 198.43341064453125 
126
127
3 2353.9892578125 3.9684982299804688 2439.76220703125 202.13833618164062 
128
3 752.8041381835938 0.0 802.08203125 45.06706237792969 
129
3 756.4302978515625 0.0 804.8360595703125 44.24102783203125 
130
131
132
3 756.17919921875 0.0 805.260009765625 47.775970458984375 
133
3 755.362060546875 0.0 804.566650390625 49.33399963378906 
134
3 757.733642578125 0.0 806.1509399414062 47.17462921142578 
135
3 755.4376220703125 0.0 805.597900390625 49.448081970214844 
136
137
138
139
3 758.8748779296875 0.0 802.2645263671875 48.81554412841797 
140
141
142
143
144
145
146
147
148
149
150
151
152
153
154
155
156
157
158
159
160
161
162
163
164
165
166
167
168
169
170
171
172
173
174
175
176
177
178
179
180
181
182
183
184
185
186
187
188
189
190
191
3 2251.311767578125 41.19133758544922 2307.131103515625 166.00933837890625 
192
193
194
195
196
197
198
199
200
201
202
203
204
205
206
207
208
209
210
211
212
213
214
215
216
217
218
219
220
221
3 2194.349853515625 42.066246032714844 2250.093017578125 162.89572143554688 
222
223
224
225
226
227
228
229
230
231
232
233
234
235
236
237
238
239
240
241
242
243
244
245
246
247
248
249
250
251
252
3 1080.4239501953125 0.0 1125.072265625 98.9832763671875 
253
254
255
3 1138.25732421875 0.0 1184.574951171875 92.32827758789062 
256
257
258
259
260
261
3 14.667499542236328 194.6511993408203 80.37491607666016 299.2760925292969 
262
263
264
3 1347.529541015625 0.0 1388.5555419921875 74.71664428710938 
265
3 1375.6966552734375 0.05892181396484375 1414.9189453125 79.00302124023438 
266
3 1400.204345703125 0.0 1442.604736328125 81.91177368164062 
267
3 1423.9112548828125 0.0 1472.22265625 83.07597351074219 
268
3 1457.2725830078125 0.0 1497.260498046875 81.9747314453125 
269
3 1483.264404296875 0.10993194580078125 1523.3341064453125 88.09078216552734 
270
3 1509.6751708984375 1.4324111938476562 1552.618896484375 89.25323486328125 
271
3 1535.641845703125 3.6239852905273438 1581.5870361328125 89.17141723632812 
272
3 1565.2801513671875 7.771625518798828 1607.52099609375 91.39068603515625 
273
3 1594.6234130859375 8.654739379882812 1637.423095703125 101.92147827148438 
274
3 1623.50927734375 11.039936065673828 1669.076171875 105.54493713378906 
275
3 1645.5921630859375 13.5819091796875 1693.44873046875 110.49627685546875 
276
3 1677.0732421875 15.577217102050781 1720.43115234375 111.1746826171875 
3 434.4456787109375 86.92804718017578 482.03387451171875 186.77890014648438 
277
3 1701.4346923828125 19.00440216064453 1747.114990234375 120.05172729492188 
3 462.0411376953125 80.06195831298828 510.5611572265625 181.36740112304688 
3 2026.7564697265625 0.3590126037597656 2061.103759765625 49.25071716308594 
278
3 1727.4287109375 23.37735366821289 1774.1053466796875 124.24575805664062 
3 2053.661376953125 5.340663909912109 2086.98583984375 54.41667175292969 
279
3 1754.3817138671875 31.882431030273438 1799.0987548828125 129.57196044921875 
3 518.2009887695312 65.09024047851562 564.7409057617188 169.18081665039062 
280
3 1779.14794921875 35.65966796875 1827.6007080078125 132.24749755859375 
281
3 1804.66455078125 38.44953918457031 1856.458740234375 135.619873046875 
3 574.4915771484375 63.517730712890625 620.17041015625 161.49293518066406 
282
3 1831.04296875 46.424156188964844 1882.8636474609375 139.0785675048828 
283
284
3 1875.859375 53.37493133544922 1934.4993896484375 146.07737731933594 
285
3 671.5400390625 43.700653076171875 716.7008056640625 145.564453125 
286
287
3 715.3362426757812 37.69451904296875 759.6001586914062 137.57565307617188 
288
3 1958.8187255859375 69.06281280517578 2021.6416015625 165.27053833007812 
289
3 1975.9847412109375 69.36280822753906 2035.303955078125 169.40283203125 
290
3 2004.352783203125 75.205322265625 2056.368408203125 171.05462646484375 
291
3 2020.1937255859375 79.16004943847656 2078.76953125 178.19744873046875 
3 802.158203125 27.99762725830078 844.93017578125 127.33322143554688 
292
3 825.3402709960938 25.248188018798828 863.949951171875 124.01934814453125 
293
294
3 2077.72705078125 92.25875854492188 2139.528564453125 193.27816772460938 
3 2124.359130859375 0.0 2195.833984375 67.05833435058594 
295
296
297
3 2138.849609375 99.03955078125 2196.125732421875 205.86981201171875 
298
3 2156.07080078125 105.0821533203125 2218.447998046875 210.7315673828125 
3 64.94425964355469 226.8287353515625 170.58924865722656 325.04388427734375 
299
3 2176.514892578125 109.26004028320312 2236.2861328125 217.4787139892578 
3 95.79225158691406 219.298095703125 224.21298217773438 376.36090087890625 
300
3 988.2822265625 21.62859344482422 1021.8929443359375 112.38447570800781 
301
3 2216.775146484375 119.04615783691406 2276.60791015625 229.18649291992188 
3 135.9818572998047 209.41357421875 228.77969360351562 306.5202941894531 
3 937.10888671875 23.67511749267578 971.98046875 77.55978393554688 
302
3 1022.8516235351562 15.177291870117188 1066.9227294921875 110.97087097167969 
303
3 1046.696533203125 13.330223083496094 1086.3033447265625 110.26042175292969 
3 982.7643432617188 19.139751434326172 1012.6377563476562 72.5473403930664 
304
3 1064.769775390625 10.614997863769531 1104.59130859375 108.39425659179688 
3 203.787841796875 186.98521423339844 291.49114990234375 282.94073486328125 
305
3 1089.1558837890625 16.187469482421875 1125.2115478515625 108.32688903808594 
3 225.22825622558594 184.33718872070312 346.1194152832031 333.06390380859375 
3 1027.5091552734375 22.4241943359375 1054.7305908203125 70.26910400390625 
306
3 1109.4285888671875 13.138504028320312 1145.09814453125 108.29484558105469 
307
3 2334.691650390625 159.8966064453125 2407.8427734375 265.9981689453125 
3 1122.2265625 5.42877197265625 1167.49853515625 108.18028259277344 
308
3 1147.31982421875 11.524665832519531 1188.9384765625 103.66058349609375 
309
3 317.7044982910156 162.314697265625 402.1368103027344 252.25537109375 
3 1176.8740234375 9.846153259277344 1211.5804443359375 106.07601928710938 
310
3 330.581298828125 155.98196411132812 426.37066650390625 248.4906005859375 
311
3 1221.3392333984375 8.376075744628906 1257.9468994140625 106.03279113769531 
3 358.93408203125 152.49002075195312 450.2843017578125 243.27178955078125 
312
3 394.865234375 147.4742431640625 475.687255859375 234.47308349609375 
313
3 2465.785400390625 201.1594696044922 2557.1708984375 313.7358093261719 
3 421.081787109375 140.63436889648438 500.4705810546875 230.709716796875 
314
315
316
317
3 511.7965087890625 119.87994384765625 606.1817016601562 273.64654541015625 
3 1366.4923095703125 21.63555145263672 1414.351318359375 143.03738403320312 
318
319
3 1407.5443115234375 16.524932861328125 1457.2113037109375 111.63749694824219 
3 584.7826538085938 112.24948120117188 657.833740234375 197.78224182128906 
320
3 597.7403564453125 100.53843688964844 691.8211059570312 232.776123046875 
321
3 1472.3956298828125 18.840866088867188 1512.4818115234375 113.09121704101562 
3 630.6447143554688 102.28094482421875 722.4747924804688 246.70040893554688 
322
323
324
325
326
3 775.4983520507812 80.513427734375 861.6870727539062 208.95187377929688 
327
3 804.1116943359375 71.30744934082031 892.1445922851562 200.0791473388672 
328
3 836.9904174804688 72.95693969726562 921.2216186523438 192.77243041992188 
329
330
331
3 1699.301025390625 36.48243713378906 1726.489013671875 92.78094482421875 
332
3 960.33203125 61.00590515136719 1044.0928955078125 193.71844482421875 
333
3 993.74462890625 63.434967041015625 1076.5048828125 187.928466796875 
3 994.9371948242188 64.4862289428711 1075.6724853515625 152.32772827148438 
334
3 1027.271240234375 59.369903564453125 1106.9910888671875 186.16737365722656 
335
336
3 1090.0950927734375 60.95775604248047 1173.998779296875 228.82638549804688 
3 1904.02099609375 67.51521301269531 1947.6822509765625 166.45809936523438 
337
3 1129.447021484375 58.43934631347656 1212.691650390625 182.96438598632812 
338
3 1151.9793701171875 57.856048583984375 1242.0224609375 187.73391723632812 
339
340
3 1234.7197265625 56.58454895019531 1308.6986083984375 183.06146240234375 
341
3 1261.9361572265625 57.249107360839844 1341.51220703125 180.56454467773438 
342
3 1299.62255859375 58.48054504394531 1374.630126953125 175.06520080566406 
343
3 1333.394287109375 57.07624053955078 1407.9539794921875 175.93240356445312 
344
3 1368.5716552734375 57.685791015625 1445.0123291015625 177.49734497070312 
345
3 1390.667236328125 57.902915954589844 1480.0552978515625 176.04052734375 
346
3 1393.1314697265625 62.311500549316406 1514.5111083984375 230.67153930664062 
3 2170.145751953125 120.60337829589844 2212.47802734375 178.23513793945312 
347
3 1477.1632080078125 65.55441284179688 1549.8681640625 178.31787109375 
348
349
3 1500.270751953125 68.65328979492188 1623.7906494140625 245.27679443359375 
3 1549.29541015625 70.05977630615234 1622.0494384765625 183.07925415039062 
350
351
352
3 1662.6173095703125 80.72367095947266 1729.1494140625 183.34521484375 
353
3 1694.1292724609375 84.96221160888672 1764.7296142578125 212.66970825195312 
3 1696.8560791015625 85.55853271484375 1764.233642578125 188.6209259033203 
354
3 1731.383544921875 89.45780181884766 1800.2901611328125 215.87521362304688 
355
3 1760.48046875 94.44825744628906 1834.977294921875 237.46359252929688 
356
357
358
359
360
361
362
363
364
365
366
367
368
369
370
371
372
373
374
375
376
377
378
379
380
381
382
383
384
385
386
387
388
389
390
391
392
393
394
395
396
397
398
399
400
401
402
403
404
405
3 89.1020278930664 73.65736389160156 114.19046020507812 135.09759521484375 
406
407
408
409
410
3 174.5674285888672 54.190887451171875 197.53948974609375 113.38021850585938 
411
3 185.30862426757812 50.98561096191406 210.1672821044922 112.69802856445312 
412
413
414
415
416
3 232.7811737060547 43.071571350097656 255.82888793945312 99.55712890625 
417
418
419
420
3 255.34375 41.672821044921875 278.08209228515625 100.261474609375 
421
422
423
424
425
426
427
428
429
430
431
432
433
434
3 255.1433563232422 46.8472900390625 276.87042236328125 101.77621459960938 
435
436
3 247.49069213867188 42.235870361328125 269.88848876953125 99.81607055664062 
437
3 245.9192657470703 40.07658386230469 269.8996276855469 97.20315551757812 
438
3 243.8011016845703 44.447662353515625 267.4749450683594 100.28901672363281 
439
440
441
442
443
444
445
446
447
448
449
450
451
452
453
454
455
456
457
458
459
3 232.8332061767578 47.20356750488281 258.55670166015625 107.93830871582031 
460
3 234.30055236816406 45.89160919189453 259.11737060546875 106.64361572265625 
461
462
3 237.3563995361328 45.44097137451172 260.0760192871094 104.83200073242188 
463
3 238.41787719726562 45.535301208496094 261.65447998046875 103.76995849609375 
464
465
466
467
3 236.65499877929688 45.4478759765625 261.319091796875 103.75309753417969 
468
469
470
471
472
3 237.58831787109375 43.02215576171875 260.906982421875 98.81576538085938 
473
3 238.31039428710938 42.159278869628906 262.37103271484375 101.34890747070312 
474
3 239.3448486328125 44.211875915527344 262.7288818359375 101.74114990234375 
475
3 241.47964477539062 42.12352752685547 265.7649230957031 100.81367492675781 
476
3 241.46389770507812 41.3341064453125 267.05657958984375 101.50332641601562 
477
478
479
3 241.56275939941406 41.80247497558594 265.8240661621094 105.04562377929688 
480
3 241.94796752929688 41.14379119873047 265.51580810546875 104.75192260742188 
