0
1
2
3
4
5
6
7
8
9
10
11
12
13
14
15
16
17
18
19
20
21
22
23
24
25
26
27
28
29
30
31
32
33
34
35
36
37
38
39
40
41
42
43
44
45
46
47
48
49
50
51
52
53
54
55
56
57
58
59
60
61
62
63
64
3 0.3019266128540039 418.4067687988281 63.60353088378906 503.2470703125 
65
3 0.31307029724121094 413.81988525390625 67.6059341430664 501.0262451171875 
66
3 0.2886219024658203 409.25054931640625 71.32696533203125 500.48162841796875 
67
3 0.3111991882324219 406.7666931152344 73.03009033203125 501.76129150390625 
68
3 0.40311431884765625 401.1473693847656 75.31558227539062 502.67877197265625 
69
3 0.26972198486328125 395.2474365234375 78.2908935546875 500.52886962890625 
70
3 0.27704620361328125 390.046142578125 78.89464569091797 499.65020751953125 
71
3 0.23729705810546875 385.65008544921875 79.60340881347656 498.9632568359375 
72
3 0.14282989501953125 384.99896240234375 80.96882629394531 498.095703125 
3 0.0 268.89227294921875 26.05316925048828 318.673095703125 
73
3 0.11194610595703125 381.7706298828125 81.90117645263672 497.5379638671875 
3 0.0 269.1223449707031 28.495067596435547 320.23974609375 
74
3 0.45722198486328125 375.61895751953125 85.18267822265625 494.48321533203125 
75
3 0.4248466491699219 370.364501953125 88.3983383178711 493.4599609375 
76
3 0.4396400451660156 366.3509826660156 89.17254638671875 492.8553466796875 
77
3 0.3457832336425781 361.7115478515625 91.51522827148438 490.7108154296875 
78
3 0.2648162841796875 357.9598693847656 93.34668731689453 491.08221435546875 
79
3 0.1920318603515625 354.22845458984375 95.05632781982422 488.21484375 
80
3 0.1852264404296875 352.0126037597656 97.29402923583984 485.94659423828125 
81
3 0.26389312744140625 347.95477294921875 100.39266967773438 487.25592041015625 
82
3 0.3761444091796875 344.20977783203125 100.24824523925781 485.94683837890625 
83
3 0.32037353515625 342.728271484375 100.66588592529297 480.9259033203125 
84
3 0.29729461669921875 340.0158996582031 103.82149505615234 480.492919921875 
85
3 0.34903717041015625 337.2381286621094 107.3607177734375 479.683349609375 
86
3 0.43888092041015625 333.1134948730469 107.90144348144531 479.56915283203125 
87
3 0.4033470153808594 332.9830322265625 108.95181274414062 480.0159912109375 
88
89
3 0.4800071716308594 324.9908447265625 111.1108627319336 476.03857421875 
90
3 0.5537261962890625 319.1076965332031 115.02012634277344 475.9332275390625 
91
3 0.5187606811523438 318.0052795410156 115.85214233398438 476.08172607421875 
92
3 0.5077667236328125 317.4140319824219 116.36346435546875 474.26068115234375 
93
3 0.6222305297851562 314.2154846191406 117.69779968261719 474.8028564453125 
94
3 0.5159530639648438 313.19293212890625 121.61634826660156 475.62396240234375 
95
3 0.4977264404296875 311.31317138671875 124.28694152832031 474.303466796875 
96
3 0.478302001953125 307.52618408203125 124.92289733886719 473.769775390625 
97
3 0.4215240478515625 306.6929931640625 127.16957092285156 473.9401550292969 
98
3 0.5420303344726562 308.36065673828125 127.89398956298828 473.32672119140625 
99
3 0.48477935791015625 308.1114196777344 128.65582275390625 472.4193115234375 
100
3 0.5848388671875 309.6634521484375 129.6193084716797 472.11260986328125 
101
3 0.4064292907714844 310.99896240234375 129.31935119628906 471.7715148925781 
102
3 0.25864410400390625 312.565185546875 129.930908203125 470.5375061035156 
103
3 0.4502830505371094 311.94976806640625 131.53475952148438 470.2314453125 
104
105
106
107
108
109
110
111
112
3 0.330841064453125 316.3736572265625 131.9908905029297 475.4783020019531 
113
3 0.36212158203125 316.49609375 132.5613250732422 475.5606689453125 
114
3 0.4700126647949219 313.95635986328125 130.85157775878906 476.1865234375 
115
3 0.43929290771484375 314.593505859375 130.04762268066406 477.95703125 
116
3 0.53961181640625 309.8841552734375 130.3299560546875 477.7799072265625 
117
3 0.3996162414550781 313.253173828125 129.65341186523438 477.72247314453125 
3 0.24839019775390625 251.238525390625 130.4912109375 478.51483154296875 
118
3 0.5111618041992188 316.6944580078125 132.1084442138672 475.1130065917969 
119
3 0.3473052978515625 312.0054626464844 132.8614959716797 475.02813720703125 
120
3 0.13564682006835938 311.95770263671875 136.31808471679688 477.11029052734375 
121
3 0.23934555053710938 309.3970031738281 137.32305908203125 475.1832275390625 
122
3 0.3529815673828125 310.9866638183594 138.30426025390625 474.0773620605469 
123
3 0.3072052001953125 312.7864074707031 139.42352294921875 474.74676513671875 
124
3 0.151885986328125 311.112548828125 141.07003784179688 473.7699890136719 
125
3 0.1982879638671875 310.9855651855469 141.5891876220703 474.09405517578125 
126
3 0.033111572265625 309.29559326171875 141.76693725585938 472.9662170410156 
127
3 0.093353271484375 304.6405029296875 142.58143615722656 473.0155944824219 
128
3 0.0700836181640625 307.12896728515625 142.38778686523438 473.0634765625 
129
3 0.1049652099609375 307.33428955078125 142.28549194335938 472.2709655761719 
130
3 0.07430267333984375 306.83355712890625 142.18157958984375 472.61212158203125 
131
3 0.064453125 309.72222900390625 142.3925018310547 472.4089050292969 
132
133
3 0.034271240234375 311.1910705566406 141.777099609375 472.5673522949219 
134
3 0.0 312.17706298828125 141.65121459960938 472.19970703125 
135
3 0.11133956909179688 307.75701904296875 139.41213989257812 472.142333984375 
136
3 0.21502685546875 307.6201171875 137.76625061035156 471.89599609375 
137
138
3 0.268218994140625 314.3603515625 133.6799774169922 474.3761291503906 
139
3 0.3083953857421875 312.6357421875 133.83819580078125 474.67840576171875 
140
3 0.402984619140625 311.44354248046875 132.2091522216797 474.5489501953125 
141
3 0.37210845947265625 312.674072265625 131.23992919921875 473.98028564453125 
142
3 0.335418701171875 307.78350830078125 130.6263427734375 474.06982421875 
143
3 0.4173431396484375 305.05413818359375 132.67868041992188 474.494873046875 
144
3 0.39328765869140625 311.38232421875 132.2738037109375 474.1734619140625 
145
3 0.346099853515625 315.19097900390625 132.21890258789062 474.9077453613281 
146
147
3 0.27337646484375 315.8795166015625 133.0546417236328 475.9196472167969 
148
3 0.4836997985839844 315.869873046875 132.41917419433594 474.531982421875 
149
3 0.4417877197265625 314.36468505859375 131.89309692382812 474.26959228515625 
150
3 0.395599365234375 305.2031555175781 132.0834503173828 474.138916015625 
151
3 0.46302032470703125 304.2541198730469 130.5122528076172 473.626953125 
152
3 0.37175750732421875 307.6103820800781 130.1529541015625 474.8216247558594 
153
3 0.41683197021484375 306.2135925292969 130.16761779785156 474.3960876464844 
154
3 0.37094879150390625 308.5269775390625 130.12493896484375 474.583740234375 
155
3 0.3902626037597656 306.74200439453125 130.1869354248047 474.83673095703125 
156
3 0.41742706298828125 307.2957763671875 130.0008087158203 474.88775634765625 
157
3 0.3912353515625 307.84100341796875 130.75872802734375 474.31939697265625 
158
3 0.3974571228027344 309.887939453125 131.78671264648438 474.02545166015625 
159
3 0.38143157958984375 305.8582763671875 130.93771362304688 474.5487060546875 
160
3 0.439117431640625 313.5680236816406 131.66871643066406 474.61273193359375 
161
3 0.3775787353515625 313.90911865234375 129.28697204589844 474.9242858886719 
162
3 0.5464248657226562 314.63232421875 129.41685485839844 478.02587890625 
163
3 0.18099594116210938 251.70809936523438 128.818359375 479.805908203125 
164
3 0.5983543395996094 314.5049743652344 123.92417907714844 476.84295654296875 
165
3 0.5286026000976562 313.6021423339844 124.62096405029297 479.00701904296875 
166
3 0.5733985900878906 315.6811218261719 121.26213073730469 478.55029296875 
167
3 0.6038055419921875 316.8609619140625 121.72742462158203 479.080810546875 
168
3 0.6123428344726562 318.83172607421875 121.36064147949219 480.8140869140625 
3 0.2742271423339844 255.7677001953125 122.561767578125 482.0089111328125 
169
3 0.5022048950195312 321.5687255859375 120.0479736328125 481.46923828125 
170
3 0.52880859375 320.2787780761719 118.76910400390625 480.55096435546875 
171
3 0.4334526062011719 326.45135498046875 116.44110870361328 482.0184326171875 
3 0.3632392883300781 257.1585693359375 117.0154800415039 483.2239990234375 
172
3 0.530303955078125 324.44708251953125 114.49734497070312 483.25482177734375 
3 0.37773895263671875 257.32672119140625 115.15872192382812 484.554443359375 
173
3 0.4240913391113281 331.60845947265625 114.56912231445312 483.8021240234375 
174
3 0.3573760986328125 333.63299560546875 111.66607666015625 485.6114501953125 
175
3 0.4326934814453125 342.7881164550781 109.806884765625 485.5941162109375 
176
3 0.32807159423828125 344.29693603515625 108.77265930175781 485.443359375 
177
3 0.48358154296875 344.3489990234375 104.93215942382812 487.33612060546875 
178
3 0.49427032470703125 348.3083801269531 103.21002960205078 489.43682861328125 
179
3 0.2599525451660156 350.35650634765625 100.25651550292969 490.84942626953125 
180
3 0.05096435546875 351.0367431640625 97.08965301513672 489.38250732421875 
181
3 0.23398208618164062 352.83880615234375 95.14089965820312 491.8453369140625 
182
3 0.1971893310546875 359.14398193359375 95.8844223022461 494.8489990234375 
183
3 0.2753715515136719 358.9044189453125 94.84525299072266 495.617919921875 
184
3 0.29187774658203125 362.7276916503906 92.74343872070312 494.93524169921875 
185
3 0.328857421875 367.6299743652344 89.86785888671875 498.0462646484375 
186
3 0.339141845703125 374.60882568359375 87.12966918945312 496.6478271484375 
3 585.0971069335938 0.0 624.1161499023438 37.542999267578125 
3 0.0025577545166015625 267.75823974609375 31.646141052246094 319.99432373046875 
187
3 0.234588623046875 380.89996337890625 84.63508605957031 499.29583740234375 
188
3 0.15124893188476562 384.77850341796875 81.28076171875 499.74041748046875 
3 577.9915771484375 0.0 620.6785278320312 37.21037292480469 
189
3 0.19860458374023438 392.4831237792969 79.2345199584961 500.02496337890625 
3 573.8165283203125 0.0 617.8767700195312 37.408180236816406 
190
3 0.29340267181396484 402.3314514160156 75.20338439941406 499.45916748046875 
191
3 0.3264322280883789 402.7607116699219 72.32084655761719 497.958251953125 
192
3 0.35899925231933594 406.60101318359375 65.45648956298828 495.996826171875 
193
3 0.2509927749633789 404.14471435546875 68.4725341796875 494.07391357421875 
194
3 0.24222183227539062 401.3328857421875 68.15286254882812 493.5908203125 
195
3 0.31937694549560547 394.0171203613281 71.40037536621094 489.92755126953125 
196
3 0.2526884078979492 391.17437744140625 71.43873596191406 490.2811279296875 
197
3 0.3383941650390625 386.59466552734375 75.24072265625 484.32757568359375 
198
3 0.30997657775878906 376.0997009277344 77.99821472167969 484.78277587890625 
199
3 0.1399078369140625 372.0396423339844 81.01311492919922 485.8663330078125 
200
3 0.2738037109375 362.77203369140625 85.33765411376953 485.46038818359375 
201
3 0.19979095458984375 354.36505126953125 88.8202896118164 485.9720458984375 
202
3 0.12378311157226562 350.2188720703125 93.94992065429688 484.32470703125 
203
3 0.36426544189453125 347.0653076171875 98.75511169433594 489.9718017578125 
204
205
3 0.3933372497558594 336.0802001953125 108.12198638916016 482.1558837890625 
206
207
3 0.5969619750976562 313.3171081542969 118.00231170654297 477.81085205078125 
208
3 0.5267524719238281 311.3570251464844 120.89087677001953 473.55828857421875 
209
210
211
212
3 0.26421356201171875 298.4747314453125 142.52369689941406 463.8946838378906 
213
214
215
216
217
3 0.4351043701171875 276.5196838378906 174.90806579589844 447.1801452636719 
3 0.0 276.314453125 173.72048950195312 447.0379333496094 
218
3 0.372283935546875 270.9410705566406 179.98776245117188 443.82061767578125 
3 0.709686279296875 270.78826904296875 182.00296020507812 444.16107177734375 
219
220
221
3 0.03634071350097656 147.89439392089844 20.789596557617188 198.9799346923828 
3 28.650680541992188 261.0695495605469 203.12220764160156 430.0938720703125 
222
3 45.28026580810547 256.8253173828125 214.2427520751953 428.3395690917969 
223
224
3 35.54248809814453 192.24862670898438 232.92193603515625 418.54547119140625 
3 1048.262939453125 0.0 1142.89697265625 90.93040466308594 
225
226
3 53.347991943359375 233.68649291992188 250.33984375 409.06097412109375 
227
2 61.65899658203125 230.97296142578125 256.3481140136719 402.59814453125 
228
2 74.25492858886719 225.48233032226562 267.9544372558594 403.17547607421875 
3 1089.599609375 0.0 1189.766357421875 86.93029022216797 
229
2 87.13574981689453 220.43234252929688 279.834716796875 396.0985107421875 
3 1102.41064453125 0.0 1196.5174560546875 77.80899047851562 
230
2 102.89790344238281 214.1800079345703 292.0140686035156 389.8917541503906 
2 102.78459167480469 215.061279296875 292.22589111328125 388.3799743652344 
231
2 114.43669128417969 207.18411254882812 306.0652160644531 385.65692138671875 
2 112.05442810058594 206.66232299804688 305.2424011230469 385.1326599121094 
232
2 127.86536407470703 200.8529510498047 318.2225341796875 377.9345397949219 
233
2 141.50674438476562 196.90399169921875 331.21539306640625 371.87530517578125 
234
2 155.4073944091797 190.1062774658203 343.2969970703125 369.8753662109375 
235
3 167.7720184326172 184.416259765625 354.851806640625 365.52716064453125 
236
3 176.52716064453125 179.87850952148438 365.0177307128906 358.2922058105469 
237
3 225.20809936523438 178.383544921875 375.8896789550781 351.1053161621094 
238
3 227.0028076171875 170.1005859375 393.276611328125 348.3622131347656 
239
240
3 248.9332275390625 153.20516967773438 428.4632263183594 334.3990173339844 
241
242
3 306.9501647949219 143.1885986328125 460.63128662109375 320.76409912109375 
243
3 305.91046142578125 134.38052368164062 477.11602783203125 317.7242126464844 
244
3 322.6612548828125 128.5908203125 495.27490234375 312.7440185546875 
245
3 360.75042724609375 124.48469543457031 509.3253479003906 307.1893310546875 
246
3 359.6488952636719 117.77897644042969 526.0567016601562 301.2784729003906 
247
3 380.3793640136719 112.7943115234375 546.1573486328125 293.99005126953125 
3 379.5047607421875 81.46537780761719 546.9053955078125 294.68359375 
248
3 398.83123779296875 73.47044372558594 564.9149780273438 287.9372253417969 
249
3 423.5033874511719 90.89938354492188 588.4290161132812 280.3551025390625 
250
3 443.33233642578125 65.24798583984375 600.8862915039062 275.4307861328125 
251
3 464.47259521484375 87.42039489746094 623.2835693359375 272.5273742675781 
252
3 409.68463134765625 65.37765502929688 643.871337890625 266.5495300292969 
3 484.9002685546875 83.06292724609375 642.9766235351562 265.5477600097656 
253
3 507.0687255859375 75.42224884033203 662.8035888671875 262.98516845703125 
254
3 446.4038391113281 42.26585388183594 681.3440551757812 258.78466796875 
255
3 548.8426513671875 65.27850341796875 698.3722534179688 253.90264892578125 
3 0.035866737365722656 180.3709259033203 26.990097045898438 219.9065704345703 
256
3 562.0895385742188 36.64018249511719 716.6826782226562 251.29672241210938 
3 69.72469329833984 152.90940856933594 103.68284606933594 187.644287109375 
257
3 507.99755859375 31.740478515625 738.0716552734375 246.658935546875 
3 0.11925983428955078 171.00367736816406 20.671966552734375 215.6095733642578 
3 31.513790130615234 157.06629943847656 63.430606842041016 199.4314422607422 
3 607.1033935546875 62.49290466308594 738.3074340820312 246.54837036132812 
258
3 629.0884399414062 56.2218017578125 754.3798828125 242.095458984375 
259
3 614.9718017578125 24.004989624023438 777.013427734375 237.3929443359375 
3 648.5504150390625 54.59281921386719 776.73974609375 237.67144775390625 
260
3 664.0204467773438 46.40431213378906 794.3232421875 230.51776123046875 
261
3 679.2911987304688 37.275604248046875 813.5201416015625 225.50653076171875 
3 1707.1527099609375 0.0 1795.4510498046875 93.60943603515625 
262
3 687.3528442382812 29.964813232421875 834.2753295898438 221.88943481445312 
263
3 714.531005859375 29.244239807128906 848.8070068359375 219.5785369873047 
264
3 742.8007202148438 27.35192108154297 865.298583984375 215.207763671875 
265
3 748.6808471679688 22.815757751464844 879.6231689453125 208.76565551757812 
266
3 777.138671875 21.96978759765625 894.74267578125 205.68023681640625 
267
3 783.0930786132812 15.671623229980469 906.3158569335938 205.75656127929688 
3 56.52015686035156 129.46194458007812 93.813232421875 175.5477294921875 
268
3 807.6792602539062 21.049476623535156 918.15966796875 195.92828369140625 
269
3 810.27197265625 10.002487182617188 936.3958129882812 199.86541748046875 
270
3 832.664306640625 9.452079772949219 950.1034545898438 195.77783203125 
271
3 841.802734375 8.828193664550781 962.1805419921875 198.01803588867188 
3 114.98127746582031 112.18946838378906 147.2529754638672 156.9254150390625 
272
3 866.3831787109375 12.288726806640625 973.928955078125 192.21774291992188 
3 126.29466247558594 106.40353393554688 158.1174774169922 156.38912963867188 
273
3 864.777587890625 4.0904998779296875 985.6220092773438 191.96725463867188 
274
3 888.49755859375 7.894599914550781 992.9327392578125 187.52044677734375 
3 147.84486389160156 93.99313354492188 181.50173950195312 140.53048706054688 
275
3 899.0670166015625 4.013816833496094 1001.6689453125 186.4931640625 
276
3 904.9244995117188 1.227874755859375 1012.717041015625 182.32591247558594 
3 464.10736083984375 3.1067123413085938 505.2254638671875 47.29893493652344 
3 292.0450744628906 18.057998657226562 340.9669494628906 85.70945739746094 
277
3 915.8292236328125 1.9450149536132812 1018.0797119140625 182.27951049804688 
278
3 922.2312622070312 3.1086654663085938 1026.1148681640625 181.46945190429688 
3 185.73886108398438 83.15116882324219 218.44619750976562 128.22569274902344 
279
3 932.5181884765625 1.89642333984375 1036.1243896484375 180.47889709472656 
3 192.28700256347656 76.162353515625 223.42442321777344 127.29275512695312 
280
3 943.6990966796875 1.3548965454101562 1041.8336181640625 176.74435424804688 
3 200.37330627441406 73.57721710205078 230.53717041015625 144.8260498046875 
281
3 952.873779296875 0.7047805786132812 1049.2071533203125 173.3636474609375 
282
3 958.3788452148438 0.0 1055.1318359375 170.68118286132812 
3 214.69480895996094 66.55973052978516 241.22589111328125 107.56689453125 
283
3 963.564453125 0.1972198486328125 1058.4588623046875 162.1481475830078 
284
3 964.2352905273438 0.236846923828125 1058.9898681640625 163.33111572265625 
285
3 958.3994140625 0.0642242431640625 1060.460693359375 167.9263916015625 
3 217.16128540039062 66.75839233398438 252.18275451660156 130.74317932128906 
286
3 963.5372314453125 0.26728057861328125 1059.3529052734375 162.32386779785156 
287
3 969.5514526367188 0.0 1066.2647705078125 160.14846801757812 
3 224.8990020751953 60.2501220703125 254.63084411621094 104.107421875 
3 374.2806701660156 27.509674072265625 405.0334167480469 61.70752716064453 
288
3 974.8660278320312 0.0 1069.3519287109375 157.0654754638672 
289
3 975.6224365234375 0.0 1071.4964599609375 158.65878295898438 
290
3 978.7926635742188 0.0 1072.71630859375 154.8271484375 
291
3 978.4503173828125 0.0 1070.56591796875 158.78436279296875 
292
3 976.1266479492188 0.0 1070.498046875 156.76119995117188 
293
3 977.9627075195312 0.0 1073.2308349609375 152.28514099121094 
294
3 980.3934936523438 0.0 1073.7630615234375 148.04574584960938 
295
3 978.11328125 0.0 1069.5220947265625 148.84878540039062 
296
3 974.8597412109375 0.0 1066.2086181640625 148.84532165527344 
3 227.8087615966797 53.207725524902344 260.5386657714844 96.63674926757812 
297
3 974.7736206054688 0.0 1066.031494140625 149.78643798828125 
298
3 970.820556640625 0.0 1064.8262939453125 148.85850524902344 
299
3 977.688232421875 0.0 1067.2696533203125 141.9735870361328 
3 230.44869995117188 51.02433776855469 260.36151123046875 96.44308471679688 
300
3 976.7158813476562 0.0 1066.2637939453125 139.61546325683594 
3 229.91586303710938 51.0067138671875 258.70916748046875 95.56497192382812 
3 228.39125061035156 50.45872497558594 260.27459716796875 117.788330078125 
301
3 977.0879516601562 0.0 1066.169189453125 136.35433959960938 
3 228.25552368164062 44.88727569580078 256.0002136230469 91.74128723144531 
302
3 973.1568603515625 0.0 1061.0491943359375 136.8763885498047 
303
3 971.6578369140625 0.0 1059.190185546875 138.5882568359375 
3 124.83800506591797 221.49746704101562 146.45497131347656 264.6167297363281 
304
3 964.0769653320312 0.0 1049.841552734375 136.80194091796875 
305
3 966.5775756835938 0.0 1051.492431640625 135.28109741210938 
306
3 967.685791015625 0.0 1056.7342529296875 133.7498321533203 
3 1916.0887451171875 0.11897659301757812 1959.5933837890625 91.13191986083984 
307
3 968.0355224609375 0.0 1055.3118896484375 128.07174682617188 
3 216.4569854736328 44.322418212890625 248.34249877929688 92.0159912109375 
308
3 966.2251586914062 0.0 1053.842529296875 128.18064880371094 
3 1962.361328125 0.705718994140625 2001.979248046875 44.29151916503906 
3 215.3992156982422 43.95909118652344 243.63851928710938 92.55801391601562 
309
3 963.339111328125 0.0 1051.326171875 132.48704528808594 
310
3 962.46142578125 0.0 1049.2408447265625 135.38742065429688 
3 1901.912353515625 0.406036376953125 1941.3056640625 90.7068862915039 
311
3 958.8262329101562 0.0 1045.9241943359375 131.30982971191406 
312
3 961.1763305664062 0.0 1048.912109375 127.56393432617188 
313
3 959.225830078125 0.0 1047.71923828125 123.94735717773438 
314
3 959.4180908203125 0.0 1047.8245849609375 122.01188659667969 
315
3 954.7994384765625 0.0 1044.4888916015625 123.57441711425781 
316
3 954.5075073242188 0.0 1042.5960693359375 128.84986877441406 
317
3 949.6981811523438 0.06005096435546875 1039.2945556640625 130.0831756591797 
3 199.934326171875 50.03575134277344 232.01467895507812 99.9439697265625 
318
3 949.1762084960938 0.0 1038.8489990234375 130.4862060546875 
319
3 954.7968139648438 0.0 1044.478515625 125.45025634765625 
3 204.61094665527344 41.864593505859375 233.65081787109375 89.28658294677734 
320
3 953.3062744140625 0.0 1043.7191162109375 126.19546508789062 
3 1881.812744140625 0.0 1978.6019287109375 72.10307312011719 
3 203.59405517578125 42.15483093261719 233.20265197753906 90.64888000488281 
321
3 950.6116943359375 0.0 1043.088623046875 124.45747375488281 
3 1880.5838623046875 0.0 1975.8726806640625 72.60736083984375 
322
3 949.69189453125 0.0 1041.188720703125 126.34609985351562 
3 205.14540100097656 41.218650817871094 233.16273498535156 88.41754150390625 
323
3 946.5554809570312 0.0 1038.9912109375 129.67030334472656 
324
3 943.0382690429688 0.0 1034.58154296875 130.2326202392578 
325
3 946.3473510742188 0.0 1037.7730712890625 129.58360290527344 
326
3 948.0994262695312 0.0 1042.43115234375 132.13307189941406 
3 2346.218505859375 47.196311950683594 2372.850830078125 86.11061096191406 
3 1871.375732421875 0.0 1973.6929931640625 69.24169921875 
327
3 946.1800537109375 0.0 1041.7188720703125 131.8043975830078 
328
3 944.11865234375 0.0 1040.7369384765625 130.99313354492188 
329
3 943.8385620117188 0.0 1039.3636474609375 130.68255615234375 
3 1872.6812744140625 0.0 1971.56201171875 71.04436492919922 
330
3 943.2742919921875 0.0 1041.4256591796875 129.11416625976562 
3 1875.138671875 0.0 1972.39794921875 64.42125701904297 
331
3 942.9901733398438 0.0 1043.2586669921875 129.57611083984375 
3 1875.496826171875 0.0 1975.1373291015625 67.27017211914062 
332
3 940.0543823242188 0.0 1044.5367431640625 128.61663818359375 
3 210.3209686279297 38.98426818847656 245.3483428955078 90.81592559814453 
333
3 939.7530517578125 0.0 1045.038330078125 127.558349609375 
3 213.18096923828125 40.09294128417969 243.86590576171875 90.24475860595703 
334
3 935.5592041015625 0.0 1041.81884765625 127.23460388183594 
335
3 934.6962890625 0.0 1045.941162109375 127.49813842773438 
3 213.00697326660156 40.626312255859375 245.21644592285156 97.43948364257812 
3 1872.028076171875 0.0 1973.13623046875 66.56954956054688 
336
3 934.44873046875 0.0 1042.3408203125 127.49072265625 
337
3 931.4913330078125 0.0 1034.28271484375 124.29124450683594 
338
3 929.6450805664062 0.0 1031.5919189453125 126.97824096679688 
3 211.22254943847656 38.767852783203125 246.74867248535156 98.60978698730469 
339
3 927.23388671875 0.0 1029.7198486328125 128.42385864257812 
340
3 923.54052734375 0.0 1026.8828125 128.57504272460938 
3 1862.3343505859375 0.0 1900.6834716796875 66.49095153808594 
3 2337.840087890625 45.36590576171875 2364.613525390625 81.45846557617188 
341
3 922.1788330078125 0.0 1023.536865234375 130.09266662597656 
342
3 918.8521728515625 0.0 1022.1853637695312 129.12704467773438 
343
3 915.6973876953125 0.0 1020.379150390625 138.92584228515625 
3 1863.5159912109375 0.0 1962.6142578125 62.213645935058594 
344
3 914.1790161132812 0.0 1018.3845825195312 140.49237060546875 
3 1844.1849365234375 0.0 1961.1470947265625 65.22203826904297 
345
3 912.4328002929688 0.0 1018.5299682617188 141.248779296875 
346
3 911.1986083984375 0.0 1015.9923095703125 145.38258361816406 
3 1840.0677490234375 0.0 1959.3465576171875 64.1401138305664 
347
3 910.8903198242188 0.0 1014.8765258789062 146.6317138671875 
348
3 910.2880859375 0.0 1014.2211303710938 148.93812561035156 
3 1856.07861328125 0.0 1890.6744384765625 63.06359100341797 
3 1856.32666015625 0.0 1960.43896484375 63.00836944580078 
349
3 908.4389038085938 0.0 1011.394775390625 149.3206329345703 
3 1850.2216796875 0.0 1954.2415771484375 60.361106872558594 
350
3 906.9143676757812 0.0 1009.421630859375 149.21258544921875 
351
3 905.6384887695312 0.0 1007.064453125 151.98715209960938 
3 1845.9029541015625 0.0 1949.3289794921875 60.919219970703125 
352
3 904.273681640625 0.0 1005.9415283203125 151.69602966308594 
3 1845.377685546875 0.0 1947.9310302734375 58.85646057128906 
353
3 901.9619140625 0.0 1002.4683837890625 151.673095703125 
3 107.83833312988281 206.29478454589844 132.34811401367188 249.945068359375 
354
3 899.4357299804688 0.0 999.9104614257812 151.48085021972656 
355
3 897.3851928710938 0.0 997.6652221679688 150.92178344726562 
3 105.36618041992188 206.0984649658203 130.15789794921875 249.38839721679688 
3 1840.0272216796875 0.0 1873.49462890625 59.793212890625 
356
3 894.8635864257812 0.0 993.3047485351562 151.25253295898438 
357
3 890.7506103515625 0.0 989.396484375 150.67913818359375 
358
3 886.8143310546875 0.0 985.7796020507812 151.20086669921875 
359
3 882.5608520507812 0.0 981.3704833984375 156.58538818359375 
360
3 875.8265380859375 0.0 977.430908203125 160.95333862304688 
361
3 870.3340454101562 0.0 973.6506958007812 162.42494201660156 
3 1818.18115234375 0.0 1921.1754150390625 55.56742858886719 
362
3 866.7244262695312 0.00738525390625 968.2896118164062 168.2286376953125 
3 1814.578125 0.0 1916.528076171875 54.16357421875 
363
3 862.4591064453125 0.0 964.5509643554688 169.25149536132812 
3 1812.4268798828125 0.0 1912.8192138671875 52.62080383300781 
364
3 855.507080078125 0.0 962.0802001953125 178.38272094726562 
3 1806.904296875 0.0 1908.38525390625 53.497467041015625 
365
3 851.491943359375 0.0 956.0860595703125 172.74449157714844 
3 1804.640625 0.0 1834.31005859375 52.79926300048828 
366
3 845.6199951171875 0.0 953.1275634765625 178.0172882080078 
367
3 839.4839477539062 1.3280105590820312 948.5205688476562 177.92852783203125 
368
3 831.442626953125 0.0 944.2996826171875 184.81895446777344 
3 1790.335693359375 0.0 1896.4019775390625 47.447418212890625 
369
3 826.4319458007812 0.38775634765625 937.4685668945312 186.37570190429688 
3 1785.6719970703125 0.0 1890.893798828125 49.03538513183594 
370
3 815.446533203125 0.62451171875 930.9066772460938 186.13833618164062 
3 2249.81591796875 15.379386901855469 2276.322998046875 53.230499267578125 
3 1779.49609375 0.013153076171875 1810.381103515625 50.726104736328125 
371
3 807.4844970703125 0.4732818603515625 926.3007202148438 188.29542541503906 
3 1772.6358642578125 0.0 1802.35595703125 47.63902282714844 
3 127.83587646484375 68.78346252441406 170.6208038330078 129.793212890625 
372
3 797.6853637695312 0.3822479248046875 919.29931640625 188.54486083984375 
373
3 783.9646606445312 0.0 920.215576171875 191.14109802246094 
374
3 775.4053344726562 0.0 906.6115112304688 190.49937438964844 
3 1748.1552734375 0.0 1777.0009765625 45.1212158203125 
375
3 765.2972412109375 0.45751953125 903.4384765625 191.56951904296875 
3 2209.58544921875 5.793956756591797 2235.089599609375 42.56689453125 
376
3 755.264892578125 0.0 887.4210815429688 196.1654815673828 
377
3 741.6578369140625 0.0 883.0074462890625 199.21783447265625 
378
3 732.8421630859375 0.9393310546875 867.0990600585938 206.91021728515625 
3 732.4498291015625 3.9681243896484375 866.470458984375 207.20387268066406 
379
3 720.4287719726562 3.0416717529296875 853.284912109375 212.30604553222656 
380
3 708.4696044921875 4.057098388671875 845.291015625 220.67041015625 
3 708.320556640625 9.71429443359375 844.640869140625 220.5562744140625 
381
3 695.2706298828125 5.359199523925781 831.599365234375 225.98797607421875 
382
3 682.3309326171875 9.562042236328125 812.1571044921875 230.7950439453125 
383
3 670.7256469726562 14.307594299316406 799.6329345703125 233.32794189453125 
384
3 658.1693115234375 18.254547119140625 786.730224609375 245.67791748046875 
385
3 647.0604858398438 24.572601318359375 775.6852416992188 250.7279052734375 
3 647.0175170898438 26.57494354248047 776.2166137695312 252.21820068359375 
386
3 635.0044555664062 27.166831970214844 763.8848266601562 255.62161254882812 
387
3 618.8316650390625 32.652198791503906 749.3909912109375 254.53701782226562 
3 618.7908935546875 33.649658203125 749.0298461914062 255.90335083007812 
388
3 603.249267578125 32.97911071777344 737.1015625 258.7315368652344 
389
3 585.7888793945312 41.20404052734375 723.0625610351562 262.6708679199219 
390
3 566.331298828125 44.31645202636719 707.5324096679688 264.9102478027344 
3 565.7037353515625 45.521697998046875 707.1106567382812 264.67742919921875 
3 567.1366577148438 45.143898010253906 708.0484619140625 262.3565979003906 
391
3 523.9502563476562 28.765701293945312 693.5010986328125 269.655517578125 
392
3 529.9100341796875 53.503021240234375 679.4664306640625 272.47320556640625 
393
3 500.19757080078125 45.0572509765625 665.101318359375 275.95703125 
394
3 491.16839599609375 57.494354248046875 651.0689086914062 282.0390625 
395
3 464.4200744628906 46.2735595703125 637.568359375 287.97808837890625 
396
3 458.89593505859375 65.08564758300781 623.6095581054688 301.4798583984375 
397
3 441.633056640625 69.92154693603516 610.1619262695312 311.97222900390625 
398
3 421.4119873046875 77.50164794921875 594.4359130859375 317.8772277832031 
3 95.33724975585938 101.40748596191406 120.43255615234375 137.3561248779297 
399
3 410.2882385253906 91.26852416992188 578.61962890625 328.6509704589844 
400
3 391.5968933105469 95.63682556152344 564.425537109375 332.107177734375 
401
3 372.70135498046875 89.22805786132812 549.440673828125 340.29638671875 
402
3 355.8775634765625 109.7484130859375 529.9439086914062 353.04193115234375 
403
3 338.59320068359375 126.23722839355469 518.5336303710938 359.26055908203125 
404
3 318.85675048828125 131.16647338867188 505.5002136230469 366.94464111328125 
405
3 298.83941650390625 141.6347198486328 487.86083984375 368.47723388671875 
406
2 279.4249572753906 148.68936157226562 472.91949462890625 375.02789306640625 
407
2 260.47222900390625 153.84634399414062 457.0984802246094 380.90179443359375 
408
2 242.71725463867188 162.35879516601562 444.3082580566406 385.920654296875 
409
2 220.5875701904297 165.02391052246094 424.65789794921875 393.0247802734375 
410
2 202.40158081054688 175.21026611328125 412.16412353515625 400.04266357421875 
411
2 183.07745361328125 182.50979614257812 398.87054443359375 404.8846435546875 
412
2 164.54238891601562 188.798583984375 372.66162109375 409.0097351074219 
413
2 147.10447692871094 195.3187255859375 372.6260070800781 415.4804992675781 
414
415
2 109.70796203613281 208.7261505126953 346.28997802734375 427.5700378417969 
416
2 92.51234436035156 218.44680786132812 336.9658508300781 439.5010070800781 
417
2 76.30245971679688 225.6580810546875 324.2764892578125 445.3984680175781 
418
419
2 50.722862243652344 237.503662109375 296.723876953125 463.20745849609375 
420
2 37.09065246582031 244.28851318359375 285.33502197265625 469.1421203613281 
421
2 23.82098388671875 252.43719482421875 267.0009765625 474.06097412109375 
422
2 10.185577392578125 259.9599914550781 257.10400390625 478.07635498046875 
423
2 0.21950531005859375 267.0632019042969 240.4683380126953 490.97930908203125 
424
3 0.0901641845703125 276.6628112792969 228.00045776367188 498.5098876953125 
425
3 0.127044677734375 287.25177001953125 212.53146362304688 503.505126953125 
426
3 0.5273284912109375 303.6549987792969 205.44155883789062 508.5677490234375 
427
3 0.7071456909179688 310.7869873046875 194.14480590820312 514.1740112304688 
428
429
430
3 0.169036865234375 329.0642395019531 165.22886657714844 526.703369140625 
431
3 0.26815032958984375 333.70733642578125 157.73947143554688 532.4236450195312 
432
3 0.1919097900390625 342.5274658203125 148.02699279785156 539.6513061523438 
3 0.3675537109375 343.1849365234375 146.44097900390625 538.8789672851562 
433
3 0.1764049530029297 353.16302490234375 64.1024169921875 455.7676086425781 
434
3 0.1463613510131836 363.22662353515625 58.568115234375 460.7811279296875 
435
3 0.11284255981445312 374.34454345703125 49.5842399597168 462.68798828125 
436
3 0.44795989990234375 384.36181640625 111.61494445800781 552.5385131835938 
437
438
439
440
3 31.759262084960938 383.04840087890625 123.27938842773438 563.6862182617188 
441
442
443
444
445
446
447
448
449
450
451
452
453
454
455
456
457
458
459
3 2538.272705078125 0.19300079345703125 2558.905029296875 84.82814025878906 
460
461
3 2527.72509765625 0.0 2558.947265625 80.90795135498047 
462
3 2522.721435546875 0.0 2558.968505859375 80.08651733398438 
463
464
3 407.81536865234375 2.5983963012695312 447.8352355957031 50.59490966796875 
465
466
467
468
469
470
471
472
473
474
475
476
477
3 361.3732604980469 18.93939208984375 396.8718566894531 64.84500122070312 
478
479
3 356.0194396972656 20.941226959228516 396.0057373046875 65.95654296875 
480
481
482
483
484
3 2445.923095703125 0.7686576843261719 2475.01123046875 55.42737579345703 
485
486
487
488
489
490
491
492
493
494
495
496
497
498
499
500
501
502
503
504
505
506
507
508
509
510
511
512
513
514
515
516
517
518
519
520
521
522
523
524
525
526
527
528
529
530
531
532
533
534
535
536
537
538
539
540
541
542
543
544
545
546
547
548
549
550
551
552
553
554
555
556
557
558
559
560
561
562
563
564
565
3 420.0550231933594 1.8933258056640625 458.38983154296875 49.969566345214844 
566
3 421.6806640625 0.47455596923828125 460.0726318359375 48.767852783203125 
567
3 421.9630432128906 0.3758697509765625 460.321533203125 50.118011474609375 
568
569
570
571
572
3 423.3761901855469 1.1632308959960938 457.780517578125 51.06800842285156 
573
3 2530.463623046875 0.7042007446289062 2558.886962890625 78.34223175048828 
3 425.685791015625 0.5845718383789062 461.8782653808594 47.49365997314453 
574
3 2533.79736328125 1.6354560852050781 2558.904296875 79.03119659423828 
575
576
577
578
579
580
581
582
583
584
585
586
587
588
589
590
591
592
593
594
595
596
597
598
599
600
601
602
603
604
605
606
607
608
609
610
611
612
613
614
615
616
617
618
3 0.4793853759765625 465.69873046875 95.54273986816406 564.272705078125 
619
3 0.2767181396484375 439.28472900390625 103.48503112792969 558.6039428710938 
620
3 0.2563591003417969 425.7866516113281 109.80728912353516 552.8229370117188 
621
622
3 0.31128692626953125 385.9945373535156 119.14788055419922 547.5487060546875 
623
3 0.16742706298828125 384.8673095703125 124.92578125 548.6727294921875 
624
3 0.0988922119140625 386.2288513183594 127.77728271484375 546.5814208984375 
625
3 0.21216583251953125 383.8298645019531 126.14605712890625 545.2211303710938 
626
3 0.19979095458984375 385.59710693359375 128.34719848632812 546.4022216796875 
627
3 0.15584182739257812 382.9492492675781 122.48591613769531 543.9981689453125 
628
3 0.327850341796875 379.3679504394531 127.04210662841797 539.5720825195312 
629
3 0.36768341064453125 376.47332763671875 128.30726623535156 543.3927612304688 
630
3 0.4490089416503906 371.02862548828125 131.3802947998047 539.2200317382812 
631
3 0.4318199157714844 368.92901611328125 135.18569946289062 536.0657958984375 
632
3 0.7763824462890625 365.6299133300781 138.2457275390625 533.6152954101562 
633
3 0.5626754760742188 361.9016418457031 137.1036376953125 534.9326171875 
634
635
3 0.222564697265625 352.4774169921875 145.12554931640625 532.3928833007812 
636
3 0.30866241455078125 349.73236083984375 145.43203735351562 530.1944580078125 
637
3 0.20340347290039062 346.2508544921875 155.95457458496094 528.5316772460938 
638
3 0.23123931884765625 342.4468688964844 159.36473083496094 526.6559448242188 
639
3 0.30533599853515625 339.5506286621094 160.74119567871094 523.7906494140625 
640
3 0.3343696594238281 336.0207824707031 164.87966918945312 522.522216796875 
641
3 0.3421745300292969 332.22076416015625 168.45831298828125 520.784912109375 
642
3 0.38159942626953125 329.2892761230469 171.64920043945312 518.782958984375 
643
644
3 0.506683349609375 322.81488037109375 178.5159149169922 515.7567749023438 
645
646
647
648
649
3 0.3904876708984375 306.2450866699219 203.49154663085938 500.22613525390625 
650
3 0.13466644287109375 299.97662353515625 207.57537841796875 497.051513671875 
651
3 0.1547393798828125 288.6960144042969 215.54034423828125 496.78155517578125 
652
3 0.0866241455078125 297.2611083984375 220.99093627929688 496.56396484375 
653
3 0.5162429809570312 152.58262634277344 225.78707885742188 492.458984375 
654
3 0.309906005859375 292.04302978515625 228.53271484375 488.7008056640625 
655
3 0.2157440185546875 277.98065185546875 231.1737518310547 488.89422607421875 
656
3 0.36667633056640625 284.3681640625 231.9307861328125 489.1156005859375 
657
3 0.151458740234375 279.9664306640625 231.72409057617188 485.95269775390625 
658
3 0.07891845703125 279.3638000488281 229.75372314453125 484.7327880859375 
659
3 0.17694091796875 279.57537841796875 228.00527954101562 484.11309814453125 
660
3 0.2289581298828125 278.9595947265625 224.03207397460938 480.722412109375 
661
3 0.3271484375 143.00831604003906 223.24227905273438 483.3267822265625 
662
3 0.01575469970703125 274.9125671386719 224.67800903320312 481.8939208984375 
663
3 0.35518646240234375 146.94320678710938 223.37283325195312 482.6107177734375 
664
3 0.0 270.36138916015625 228.4627227783203 484.296875 
665
3 0.45697784423828125 272.0675354003906 228.01727294921875 478.331787109375 
666
3 0.3594818115234375 138.22930908203125 231.70236206054688 478.47216796875 
667
3 0.1129608154296875 204.88430786132812 234.86911010742188 478.4117431640625 
668
3 0.23137664794921875 205.03936767578125 233.5575714111328 479.3173828125 
669
3 0.5341339111328125 271.1129150390625 237.22547912597656 481.77239990234375 
670
3 0.228851318359375 208.3448486328125 238.084716796875 479.4066162109375 
671
2 0.35400390625 202.18124389648438 239.75973510742188 486.78253173828125 
2 0.34612274169921875 143.622314453125 239.6517333984375 486.33795166015625 
672
2 0.19992828369140625 191.29058837890625 239.59835815429688 481.58062744140625 
673
2 0.24265289306640625 202.5247344970703 240.41375732421875 482.23382568359375 
674
2 0.519012451171875 144.74655151367188 239.69198608398438 481.52105712890625 
3 0.5050201416015625 229.54507446289062 239.4169921875 481.3182373046875 
675
3 0.7431106567382812 281.6370544433594 233.3974151611328 481.81744384765625 
676
3 1.2523956298828125 283.19976806640625 235.020751953125 481.96392822265625 
677
3 0.7072906494140625 283.7337951660156 233.30044555664062 484.49920654296875 
678
3 1.0601806640625 283.1438293457031 232.72923278808594 481.573974609375 
679
3 1.1703948974609375 283.25927734375 233.24026489257812 479.5919189453125 
680
3 0.9824676513671875 284.8630065917969 233.06692504882812 483.84100341796875 
3 0.5390777587890625 145.2845001220703 231.84295654296875 483.545654296875 
681
3 0.1005706787109375 143.76124572753906 232.56881713867188 481.8770751953125 
682
3 0.17284393310546875 280.297119140625 232.06207275390625 483.67547607421875 
683
3 0.20154571533203125 278.13055419921875 230.80508422851562 484.4066162109375 
684
685
3 0.25650787353515625 290.01458740234375 224.91322326660156 489.9873046875 
686
687
3 0.1618194580078125 296.233642578125 213.80117797851562 496.45037841796875 
688
689
690
691
692
693
3 0.476959228515625 308.8133544921875 199.98062133789062 502.52862548828125 
694
695
696
697
698
699
3 0.4929046630859375 328.5894775390625 170.2681121826172 517.5860595703125 
700
3 0.3567390441894531 331.9902038574219 165.22637939453125 520.7779541015625 
701
3 0.3274726867675781 337.4569396972656 161.13397216796875 523.2051391601562 
702
3 0.2882347106933594 342.96759033203125 157.495361328125 528.217041015625 
703
3 0.2830810546875 350.9720458984375 150.519775390625 530.1466674804688 
704
3 0.25559234619140625 358.34332275390625 142.05032348632812 530.2651977539062 
705
3 0.21858978271484375 363.8085632324219 137.25607299804688 535.2139282226562 
706
707
708
709
710
3 0.3395233154296875 432.2936096191406 103.99832153320312 555.828857421875 
711
712
713
714
715
716
717
718
719
720
721
722
723
724
725
726
727
728
729
730
3 415.8706359863281 1.9605712890625 455.02423095703125 49.03924560546875 
731
732
733
734
735
736
3 387.52569580078125 7.051715850830078 426.3243408203125 56.03660583496094 
737
738
739
740
3 381.02716064453125 11.654605865478516 411.7444763183594 58.43476867675781 
741
742
3 376.0089111328125 12.511260986328125 410.3664245605469 59.670257568359375 
743
3 376.7094421386719 19.37799072265625 406.5467529296875 60.177894592285156 
744
745
746
3 368.0915832519531 16.16533660888672 406.34716796875 62.77989196777344 
747
3 368.7640075683594 19.748943328857422 405.4096374511719 63.79443359375 
748
749
750
751
752
753
754
755
3 367.0042419433594 23.335174560546875 397.1119384765625 64.17457580566406 
756
3 366.07745361328125 23.460201263427734 396.5994567871094 64.34345245361328 
757
3 363.6751403808594 21.632583618164062 397.4486083984375 64.60820007324219 
758
3 360.9252014160156 21.0712890625 396.57366943359375 65.02147674560547 
759
760
761
3 0.314239501953125 487.54736328125 77.18653106689453 615.3778686523438 
762
3 0.14748764038085938 484.3709716796875 74.80329895019531 617.4135131835938 
763
3 0.18587875366210938 481.71356201171875 74.81900024414062 617.7305908203125 
764
765
3 0.3736381530761719 468.8708190917969 112.35337829589844 621.20654296875 
766
3 0.26532745361328125 468.2207946777344 130.0929718017578 622.4542846679688 
767
3 0.23989105224609375 460.1363525390625 149.86245727539062 622.517333984375 
768
3 0.21759796142578125 464.5874938964844 162.02694702148438 623.84033203125 
769
3 0.3977394104003906 440.79193115234375 170.7440643310547 625.6520385742188 
770
3 0.040630340576171875 435.0614013671875 180.14157104492188 623.8547973632812 
771
3 0.05755615234375 426.77093505859375 189.54737854003906 624.2323608398438 
772
3 0.0 421.5465393066406 190.74156188964844 626.0885009765625 
773
3 0.13550567626953125 414.9391174316406 198.34158325195312 625.0830688476562 
774
3 0.267669677734375 407.20574951171875 195.12796020507812 621.9010009765625 
775
3 0.00103759765625 404.99957275390625 190.8099365234375 619.711181640625 
776
3 0.128692626953125 399.86358642578125 186.3107147216797 612.652099609375 
777
3 0.21848297119140625 392.801513671875 190.5937042236328 608.8486328125 
778
3 0.10858154296875 388.2207336425781 190.79000854492188 606.1196899414062 
779
3 0.3972625732421875 386.5610656738281 182.48631286621094 610.2194213867188 
3 316.518798828125 28.19451141357422 356.1202697753906 81.44463348388672 
780
3 0.2773094177246094 375.139892578125 186.0906982421875 598.7666015625 
781
3 0.19008636474609375 367.4973449707031 188.95648193359375 602.5428466796875 
782
1 0.26299285888671875 364.3058166503906 230.34326171875 606.4476318359375 
783
1 0.32263946533203125 358.7026062011719 231.9398651123047 602.9461669921875 
3 315.3083190917969 33.85231018066406 349.3663330078125 85.64154052734375 
784
1 0.276611328125 356.8397216796875 241.57015991210938 601.6887817382812 
785
1 0.37542724609375 357.87890625 248.9449462890625 601.4681396484375 
3 309.4087219238281 35.14262390136719 343.3064880371094 84.41173553466797 
786
1 0.09686279296875 358.5265197753906 260.5035705566406 602.2650146484375 
787
1 0.5046539306640625 358.1293029785156 266.906494140625 606.4030151367188 
788
1 0.5339279174804688 358.7108459472656 272.442138671875 603.616943359375 
789
1 0.364044189453125 356.6329345703125 280.43280029296875 609.7491455078125 
790
1 0.51019287109375 354.7458801269531 288.55499267578125 613.5765380859375 
3 294.18890380859375 36.09986114501953 332.5697937011719 86.23703002929688 
3 251.42776489257812 50.63959503173828 284.2306823730469 100.71957397460938 
791
1 1.88592529296875 350.5462646484375 283.45703125 615.536376953125 
792
1 6.1988067626953125 346.79888916015625 281.16387939453125 619.254638671875 
793
1 10.1898193359375 342.09625244140625 275.5227966308594 617.1531982421875 
3 247.63206481933594 52.772193908691406 284.87847900390625 103.57473754882812 
3 290.8894348144531 43.93585968017578 328.33624267578125 89.2825927734375 
794
1 14.374465942382812 339.1023864746094 272.16510009765625 615.4515380859375 
3 287.83978271484375 39.42723846435547 327.6889953613281 91.00608825683594 
3 248.064208984375 51.93281555175781 285.59503173828125 103.83311462402344 
795
1 21.030120849609375 333.36993408203125 273.4371032714844 609.801513671875 
796
1 25.897613525390625 329.60540771484375 282.2989501953125 614.7931518554688 
797
1 33.64654541015625 327.8009948730469 310.79827880859375 613.3801879882812 
798
1 40.149681091308594 326.3428955078125 336.264404296875 613.0475463867188 
3 280.463134765625 39.35890197753906 316.1953430175781 90.81547546386719 
799
1 49.3736572265625 326.06878662109375 367.6993408203125 613.822998046875 
800
1 58.827178955078125 324.9201354980469 380.51080322265625 611.9107666015625 
801
1 68.5235595703125 324.386474609375 394.43798828125 610.3721313476562 
802
1 78.08615112304688 323.727783203125 403.07574462890625 608.4730834960938 
803
1 87.249755859375 320.7600402832031 400.31378173828125 609.0115356445312 
804
1 96.13926696777344 317.94134521484375 402.0495910644531 608.7313842773438 
805
1 103.32228088378906 314.668701171875 401.85443115234375 606.4193725585938 
806
1 109.92253112792969 309.5150451660156 399.5269470214844 600.1710815429688 
807
1 116.1060791015625 304.202880859375 400.0617980957031 592.5601806640625 
808
1 120.23983764648438 299.5450439453125 401.86029052734375 584.3704223632812 
809
1 123.08346557617188 293.67852783203125 400.414306640625 577.69970703125 
810
1 124.875244140625 290.178955078125 399.4226989746094 578.9376220703125 
811
1 126.50775146484375 285.3819885253906 397.5587158203125 571.4552001953125 
812
1 132.16754150390625 281.91168212890625 394.76580810546875 576.1893310546875 
3 241.2980499267578 49.078338623046875 299.18914794921875 99.15055847167969 
813
1 137.12237548828125 279.56842041015625 397.7019958496094 569.0517578125 
814
1 142.83050537109375 279.03643798828125 396.66534423828125 573.5780029296875 
815
1 150.1166534423828 279.18328857421875 420.6095886230469 578.2613525390625 
816
1 158.59246826171875 281.02825927734375 450.5596618652344 588.4273071289062 
817
1 166.44566345214844 282.2789611816406 469.1048583984375 588.6504516601562 
818
1 175.44476318359375 281.95977783203125 481.1179504394531 589.9891357421875 
819
1 184.84022521972656 283.42742919921875 496.35064697265625 592.4342651367188 
820
1 192.68994140625 285.7257995605469 509.98858642578125 591.9715576171875 
821
1 200.16815185546875 284.85906982421875 515.7141723632812 595.484130859375 
822
1 207.92184448242188 285.981689453125 511.8475646972656 594.6102294921875 
823
1 214.3478240966797 285.37774658203125 514.6536865234375 596.9007568359375 
824
1 220.40402221679688 282.3674011230469 515.1360473632812 598.4104614257812 
825
1 225.81153869628906 278.5234375 515.5361938476562 598.134033203125 
826
1 231.25784301757812 273.98114013671875 517.2592163085938 597.2830200195312 
827
1 237.51641845703125 269.964111328125 516.0980224609375 595.2794189453125 
3 253.9107208251953 49.589195251464844 292.95654296875 98.39279174804688 
828
1 243.69996643066406 265.39703369140625 516.1004638671875 593.7223510742188 
829
1 250.44407653808594 260.946533203125 520.32666015625 591.294189453125 
830
1 257.76190185546875 258.1321716308594 547.4511108398438 591.252197265625 
3 259.7115783691406 45.24707794189453 301.81427001953125 96.46487426757812 
831
1 264.680908203125 255.7799072265625 590.3743896484375 593.0357055664062 
3 260.4594421386719 47.099449157714844 302.8049621582031 97.10513305664062 
832
1 277.259521484375 254.50811767578125 625.4930419921875 592.44384765625 
3 260.7608947753906 42.710296630859375 302.6822204589844 96.5191650390625 
833
1 288.4568786621094 254.6746826171875 657.8328857421875 590.7605590820312 
3 263.7783203125 44.019989013671875 303.4806823730469 93.95095825195312 
834
1 301.20849609375 255.09783935546875 679.752197265625 590.6264038085938 
835
1 314.9756774902344 255.5023193359375 694.7342529296875 589.697021484375 
836
1 329.6136474609375 256.33367919921875 700.0260009765625 592.05810546875 
837
1 343.21221923828125 255.7987060546875 721.56591796875 599.8558349609375 
838
1 356.96923828125 254.413330078125 736.967529296875 605.01611328125 
839
1 368.3869323730469 251.69134521484375 726.3804931640625 597.537841796875 
840
1 379.45831298828125 249.1070556640625 726.9632568359375 598.8541870117188 
841
1 389.05633544921875 247.14801025390625 719.1033325195312 598.7021484375 
3 264.761474609375 37.97639465332031 308.1961364746094 94.62673950195312 
842
1 397.6632080078125 242.21206665039062 724.8981323242188 599.4517822265625 
3 266.710205078125 39.28401184082031 306.2066650390625 94.467041015625 
843
1 405.31024169921875 237.59793090820312 726.9857177734375 599.0382080078125 
3 266.6751708984375 39.22456359863281 305.79681396484375 93.91893005371094 
844
1 413.5302429199219 234.47222900390625 726.43359375 601.288818359375 
3 265.9388427734375 38.50843811035156 305.72039794921875 94.10684204101562 
845
1 421.77679443359375 230.72073364257812 728.075439453125 610.147216796875 
3 266.7233581542969 39.031288146972656 305.5172424316406 93.60076904296875 
846
1 430.055908203125 227.34359741210938 731.6572875976562 616.4393310546875 
3 267.8393859863281 39.01201629638672 305.5274963378906 93.32064819335938 
847
1 440.9609375 225.55181884765625 738.1485595703125 635.8558349609375 
3 267.7258605957031 38.260658264160156 305.5833740234375 93.94898986816406 
848
1 451.8165588378906 225.51898193359375 745.589599609375 634.8816528320312 
3 268.38690185546875 38.54420471191406 305.1160583496094 95.14498901367188 
849
1 463.84405517578125 226.66510009765625 784.8446655273438 644.8563232421875 
3 268.75469970703125 39.381065368652344 304.4017639160156 95.91612243652344 
850
1 478.15478515625 229.62890625 833.5347900390625 647.2018432617188 
3 266.32196044921875 38.27112579345703 305.0692138671875 95.937744140625 
851
1 492.6170349121094 230.37310791015625 862.3431396484375 645.623291015625 
3 266.2789306640625 38.90724182128906 304.67620849609375 96.09420776367188 
852
1 507.5530700683594 234.77490234375 879.079345703125 646.0203247070312 
3 265.6466064453125 38.224151611328125 303.36566162109375 96.60552978515625 
853
1 523.4325561523438 238.24246215820312 902.4546508789062 652.6819458007812 
3 265.0889587402344 38.47395324707031 301.4884948730469 96.78326416015625 
854
1 539.5091552734375 240.90313720703125 890.7753295898438 645.5783081054688 
3 263.7386779785156 40.536529541015625 302.66058349609375 97.94189453125 
855
1 555.6015625 242.90936279296875 895.2901611328125 647.7772216796875 
3 264.04498291015625 41.49822998046875 302.9959716796875 97.423095703125 
856
1 571.034912109375 241.67050170898438 899.4199829101562 648.4209594726562 
3 264.4560852050781 42.95501708984375 300.931640625 96.17417907714844 
857
1 585.3569946289062 239.41317749023438 900.636474609375 649.656005859375 
3 264.271484375 41.92439270019531 301.6839294433594 96.28182983398438 
858
1 600.23974609375 236.43560791015625 900.25927734375 649.6343383789062 
859
1 615.9518432617188 230.6507568359375 900.9263916015625 649.5925903320312 
3 263.5497741699219 43.785675048828125 302.90338134765625 96.6805419921875 
860
1 627.7733764648438 224.216064453125 900.1876831054688 650.3323974609375 
3 265.0087890625 45.43809509277344 301.0676574707031 96.78530883789062 
861
1 642.732177734375 218.8594970703125 911.574951171875 651.1273193359375 
862
1 659.2825927734375 215.34213256835938 933.2838134765625 650.8238525390625 
863
1 675.7327270507812 210.7718963623047 960.954833984375 651.48095703125 
864
1 695.6826171875 210.716064453125 1025.7161865234375 649.3318481445312 
3 263.3053894042969 43.033660888671875 299.08660888671875 97.246337890625 
865
1 715.005126953125 209.74978637695312 1041.948486328125 650.3091430664062 
866
1 738.9136352539062 210.579345703125 1088.7576904296875 647.7738647460938 
867
1 764.8399658203125 211.21673583984375 1127.188720703125 648.0809326171875 
868
1 791.892578125 212.60009765625 1170.554443359375 648.6991577148438 
869
1 818.8374633789062 213.04962158203125 1191.2779541015625 654.5872192382812 
870
1 845.7587890625 211.6429443359375 1209.9700927734375 655.552490234375 
871
1 858.3988037109375 210.912109375 1228.15185546875 654.5099487304688 
872
1 861.5900268554688 207.14230346679688 1220.962158203125 654.9775390625 
873
1 882.1979370117188 203.327880859375 1204.8526611328125 645.267578125 
3 286.9074401855469 39.98384094238281 319.4287414550781 92.517578125 
874
1 916.75537109375 200.15982055664062 1209.069091796875 649.4069213867188 
875
1 950.6603393554688 195.92388916015625 1222.1927490234375 638.529296875 
876
1 992.6680908203125 187.80587768554688 1225.4471435546875 626.5475463867188 
877
1 1030.2879638671875 182.44561767578125 1226.122314453125 631.3583374023438 
878
1 1055.6278076171875 175.33526611328125 1245.634765625 642.0344848632812 
879
1 1081.3084716796875 171.5181884765625 1274.7734375 645.4652099609375 
880
1 1106.399169921875 170.6492919921875 1302.8662109375 648.8150634765625 
3 307.6026611328125 35.730987548828125 338.1917724609375 86.89613342285156 
881
1 1132.75634765625 170.2886962890625 1330.6494140625 643.1427001953125 
882
1 1153.5472412109375 171.89016723632812 1376.5740966796875 638.2303466796875 
883
1 1157.1610107421875 174.686767578125 1425.5673828125 632.01513671875 
884
1 1155.684326171875 179.68426513671875 1499.9638671875 625.1416625976562 
885
1 1158.8778076171875 184.3876953125 1512.0955810546875 620.0773315429688 
886
1 1163.24755859375 188.75445556640625 1512.68603515625 620.6837158203125 
3 308.1029052734375 36.46342468261719 339.2635192871094 84.17328643798828 
887
1 1168.2060546875 191.959716796875 1513.065185546875 620.1588134765625 
3 309.283935546875 35.399391174316406 343.4419250488281 85.98564147949219 
888
1 1182.11962890625 190.24749755859375 1551.475341796875 627.3019409179688 
889
1 1197.085693359375 193.642578125 1551.7882080078125 622.2037353515625 
890
1 1256.4189453125 192.3011932373047 1577.066162109375 620.6019287109375 
891
1 1293.270751953125 190.32606506347656 1602.9422607421875 621.5643310546875 
892
1 1327.41748046875 186.6474609375 1631.0269775390625 625.05126953125 
893
1 1382.7171630859375 178.13812255859375 1657.813720703125 625.4541015625 
3 326.46343994140625 32.63481903076172 358.4895935058594 84.04889678955078 
894
1 1427.0523681640625 175.3017578125 1684.2479248046875 626.90087890625 
895
1 1471.4364013671875 171.364990234375 1708.385498046875 622.031005859375 
896
1 1474.6197509765625 169.8861083984375 1736.210205078125 623.857421875 
897
1 1477.0394287109375 169.549560546875 1761.7672119140625 625.668701171875 
898
1 1477.979736328125 172.72802734375 1787.3306884765625 627.426025390625 
899
1 1486.4822998046875 177.19744873046875 1815.430419921875 625.03466796875 
900
1 1486.3785400390625 180.27947998046875 1841.0880126953125 623.3214721679688 
901
1 1497.268310546875 186.52215576171875 1865.846923828125 620.75146484375 
902
1 1502.7462158203125 188.78353881835938 1890.853759765625 624.4111328125 
903
1 1509.1385498046875 195.47132873535156 1909.050048828125 629.5560302734375 
904
1 1537.458984375 197.7074737548828 1932.723388671875 631.8703002929688 
905
1 1565.3779296875 197.00314331054688 1952.225830078125 626.71630859375 
906
1 1616.400146484375 197.24896240234375 1973.3524169921875 602.0048828125 
907
1 1651.56982421875 195.07212829589844 1996.9656982421875 596.3353881835938 
908
1 1690.8778076171875 193.5072784423828 2020.107177734375 599.3657836914062 
909
1 1731.924560546875 190.18344116210938 2041.924560546875 594.7098388671875 
910
1 1758.764404296875 188.02540588378906 2063.017822265625 613.4390869140625 
911
1 1768.942626953125 186.82763671875 2085.4326171875 615.3295288085938 
912
1 1773.9886474609375 189.72088623046875 2105.6513671875 615.9093017578125 
913
1 1775.021240234375 190.2011260986328 2128.0625 609.3319091796875 
914
1 1781.4534912109375 194.1888885498047 2150.131103515625 602.1578369140625 
915
1 1785.77783203125 199.29312133789062 2168.3671875 597.1373291015625 
916
1 1791.2891845703125 206.0495147705078 2188.796630859375 596.848388671875 
917
1 1792.9073486328125 210.17257690429688 2207.046630859375 596.897705078125 
918
1 1799.143798828125 215.75094604492188 2224.93994140625 597.8161010742188 
919
1 1809.940185546875 222.2216796875 2241.956787109375 602.6642456054688 
920
1 1831.72119140625 224.20413208007812 2259.333740234375 601.1990966796875 
921
1 1854.2342529296875 227.74069213867188 2275.62158203125 598.8457641601562 
922
1 1861.1708984375 228.89990234375 2293.82373046875 592.369384765625 
923
1 1892.6253662109375 229.38961791992188 2309.202880859375 592.1685791015625 
924
1 1919.043701171875 228.12820434570312 2323.982666015625 594.115478515625 
925
1 1956.3050537109375 228.63116455078125 2337.801513671875 585.8095703125 
926
1 1975.234619140625 225.8359375 2353.226318359375 583.4085693359375 
927
1 2012.6983642578125 223.13784790039062 2368.583740234375 583.222412109375 
928
1 2042.68408203125 222.74545288085938 2382.2060546875 582.6143188476562 
929
1 2042.391357421875 222.22357177734375 2395.590087890625 596.6694946289062 
930
1 2048.08349609375 223.29986572265625 2407.285400390625 591.398681640625 
931
1 2049.101806640625 225.67257690429688 2417.784423828125 595.4242553710938 
932
1 2048.072021484375 228.63082885742188 2429.58837890625 596.2830200195312 
933
1 2048.873779296875 231.3778076171875 2440.818359375 596.3701171875 
934
1 2051.61279296875 234.54855346679688 2449.8984375 597.5887451171875 
935
1 2053.756591796875 237.9619140625 2461.04150390625 592.06640625 
936
1 2057.691650390625 242.65966796875 2470.240478515625 592.9183349609375 
937
1 2063.067138671875 244.69796752929688 2480.5625 596.4931640625 
938
1 2068.9287109375 245.28125 2491.617431640625 596.2252197265625 
3 2517.252685546875 0.0 2558.7802734375 75.40996551513672 
939
1 2079.2734375 244.97021484375 2504.192138671875 596.4006958007812 
940
1 2104.962158203125 243.37142944335938 2512.874267578125 593.530029296875 
941
1 2124.368896484375 243.46917724609375 2522.568603515625 592.05615234375 
942
1 2152.208984375 241.7548828125 2532.060791015625 591.9605712890625 
943
1 2176.2109375 242.40704345703125 2539.843994140625 597.2586059570312 
944
1 2198.455078125 241.02056884765625 2550.724853515625 601.1304931640625 
945
1 2214.158203125 240.23843383789062 2557.9541015625 594.5872802734375 
946
1 2221.256591796875 239.24581909179688 2558.822021484375 598.26904296875 
947
1 2230.26123046875 238.73663330078125 2558.8369140625 608.3203125 
948
1 2241.135986328125 237.4796142578125 2558.7529296875 594.4702758789062 
3 2526.986083984375 0.0 2558.79345703125 76.43987274169922 
949
1 2244.0322265625 238.25482177734375 2558.876953125 595.84423828125 
3 2528.191162109375 0.0 2558.816650390625 76.44791412353516 
950
1 2240.30419921875 242.41693115234375 2558.869140625 594.8580322265625 
3 2528.5009765625 0.0 2558.799072265625 77.18504333496094 
951
1 2238.9619140625 247.720458984375 2558.92431640625 594.7222290039062 
3 2528.888427734375 0.0 2558.8330078125 78.90438079833984 
952
1 2234.26904296875 249.24041748046875 2558.924560546875 594.90380859375 
3 2529.31494140625 0.0 2558.878662109375 79.33849334716797 
953
1 2238.95068359375 251.41070556640625 2559.10546875 592.1953125 
3 2529.568603515625 0.38491058349609375 2558.895263671875 79.4791488647461 
954
1 2240.00048828125 259.99322509765625 2559.244873046875 592.357421875 
3 2530.43994140625 0.09883499145507812 2558.871826171875 79.00315856933594 
955
1 2241.943359375 274.310302734375 2559.033447265625 594.0927734375 
3 2531.962890625 0.0 2558.884521484375 79.73994445800781 
956
1 2248.534423828125 276.86016845703125 2558.989501953125 595.1361083984375 
3 2532.8818359375 0.0 2558.8974609375 79.55545806884766 
957
1 2261.985107421875 287.12591552734375 2558.92138671875 588.5401611328125 
3 2535.172119140625 0.0 2558.920654296875 79.77235412597656 
958
1 2268.425048828125 286.204345703125 2558.9345703125 593.47216796875 
959
1 2273.986328125 285.6210632324219 2558.94775390625 591.2402954101562 
960
1 2310.097412109375 286.06597900390625 2558.982421875 585.5213012695312 
961
1 2301.443359375 275.17852783203125 2558.97021484375 586.096435546875 
3 447.45745849609375 0.0 483.32269287109375 41.88377380371094 
962
1 2339.861572265625 267.7893371582031 2558.897216796875 584.0802612304688 
963
3 2347.119384765625 276.49322509765625 2558.94482421875 584.1302490234375 
964
3 2361.676513671875 267.454345703125 2558.91552734375 584.70458984375 
965
3 2371.33203125 262.5902099609375 2558.917724609375 587.1764526367188 
966
3 2378.245849609375 274.37945556640625 2558.947021484375 590.8213500976562 
967
3 2386.935791015625 271.44683837890625 2558.808349609375 592.1968383789062 
968
3 2397.473876953125 273.530517578125 2558.782470703125 590.009521484375 
969
3 2404.89697265625 275.4541015625 2558.780517578125 591.418701171875 
970
3 2410.1044921875 276.66448974609375 2559.02490234375 592.6923828125 
971
3 2413.14990234375 279.515380859375 2558.97802734375 595.0462036132812 
972
3 2416.010498046875 279.35137939453125 2558.973388671875 593.5453491210938 
973
3 2420.221923828125 277.2497863769531 2559.059814453125 596.192138671875 
974
3 2422.921875 277.7770690917969 2559.00830078125 600.755126953125 
975
3 2423.945556640625 278.4513854980469 2559.032470703125 593.2984619140625 
976
977
3 2429.6904296875 272.8236999511719 2558.82763671875 554.7119140625 
978
3 2433.608642578125 274.93560791015625 2559.08837890625 566.0902099609375 
979
3 2432.642822265625 274.490234375 2558.892822265625 533.157470703125 
980
3 2435.115478515625 274.62261962890625 2558.991943359375 536.7130126953125 
3 2435.26806640625 274.8887939453125 2558.773193359375 535.0738525390625 
981
3 2437.41015625 275.2491760253906 2558.919677734375 523.7412719726562 
982
3 2438.7451171875 271.668701171875 2559.021240234375 516.2966918945312 
983
3 2446.10400390625 275.6000671386719 2559.13818359375 509.739990234375 
984
3 2446.341796875 278.7102966308594 2559.06494140625 511.6268310546875 
985
3 2446.798828125 278.37384033203125 2558.99462890625 521.0071411132812 
986
3 2453.902587890625 279.6654968261719 2559.234130859375 518.3560791015625 
987
3 2455.63232421875 291.8756103515625 2559.140625 519.6038208007812 
988
3 2455.3544921875 291.9739074707031 2559.05419921875 517.51708984375 
989
3 2459.15087890625 303.2128601074219 2559.0078125 519.1336669921875 
990
3 2458.6220703125 303.02935791015625 2559.01416015625 515.4439697265625 
991
3 2462.927734375 304.0414733886719 2558.927978515625 510.80340576171875 
992
3 2482.0234375 300.19482421875 2559.08544921875 483.817138671875 
993
3 2461.357666015625 359.7912902832031 2559.076904296875 507.090087890625 
3 2462.172607421875 303.416015625 2559.03759765625 506.778564453125 
994
3 2495.8310546875 365.288818359375 2559.01123046875 489.79815673828125 
995
3 2501.9833984375 372.3310241699219 2559.025146484375 481.88555908203125 
996
997
998
3 2510.863037109375 389.18255615234375 2559.003662109375 477.1854248046875 
999
1000
1001
1002
1003
1004
1005
1006
1007
1008
1009
1010
1011
1012
1013
1014
1015
1016
1017
1018
1019
1020
1021
1022
1023
1024
1025
1026
1027
1028
1029
1030
1031
1032
1033
1034
1035
1036
1037
1038
1039
1040
1041
1042
1043
1044
1045
1046
1047
1048
1049
1050
1051
1052
1053
1054
1055
1056
1057
1058
1059
1060
1061
1062
1063
1064
1065
1066
1067
1068
1069
1070
1071
1072
1073
1074
1075
1076
1077
1078
1079
