0
1
2
3
4
5
6
7
8
9
10
11
12
13
14
15
16
17
18
19
20
21
3 546.7495727539062 101.46432495117188 578.8468627929688 149.82794189453125 
22
23
24
25
26
27
28
29
30
31
32
33
34
35
36
37
38
39
40
41
42
3 338.3238220214844 152.711181640625 375.9753723144531 202.38873291015625 
43
44
45
46
47
48
49
50
51
52
53
3 228.5257568359375 179.22164916992188 264.33502197265625 227.5133056640625 
54
3 0.2892112731933594 260.35986328125 161.39639282226562 505.30706787109375 
3 215.2061767578125 182.92538452148438 252.46868896484375 233.25140380859375 
55
3 0.38678741455078125 286.2865295410156 159.13209533691406 538.9418334960938 
3 199.6588592529297 186.0116729736328 237.53466796875 235.11993408203125 
56
3 0.39604949951171875 309.8062744140625 153.66067504882812 546.37890625 
57
58
59
3 143.18899536132812 200.38998413085938 181.8719482421875 251.71267700195312 
3 0.4410820007324219 394.7926330566406 112.11100769042969 557.9442138671875 
60
3 0.2655515670776367 421.4640197753906 76.69599914550781 532.6134643554688 
61
3 115.98267364501953 212.14605712890625 152.7651824951172 260.0638427734375 
62
3 101.235107421875 215.9197998046875 141.25576782226562 266.0662536621094 
63
64
65
66
3 38.70147705078125 239.3740234375 79.54515075683594 288.0533447265625 
67
68
69
70
71
72
73
74
75
76
77
3 2499.35791015625 385.869140625 2558.808349609375 446.4559326171875 
78
3 2478.979736328125 353.34307861328125 2559.138427734375 465.71295166015625 
79
3 2458.27197265625 290.5412292480469 2559.16552734375 459.4457702636719 
3 554.0759887695312 13.764762878417969 577.91943359375 54.90470886230469 
80
3 2438.674560546875 270.8800048828125 2558.818115234375 449.238037109375 
3 536.1949462890625 18.28093719482422 556.9505004882812 59.401153564453125 
81
3 2424.82080078125 260.226806640625 2558.564453125 442.95013427734375 
82
3 2406.703857421875 223.21640014648438 2558.962158203125 436.5019836425781 
83
3 2402.005615234375 219.09214782714844 2559.035400390625 431.38824462890625 
84
3 2378.61083984375 214.04168701171875 2559.00146484375 424.2482604980469 
85
3 2366.0615234375 208.04678344726562 2546.3896484375 419.0494384765625 
86
3 2355.044677734375 203.20294189453125 2525.560791015625 413.4877624511719 
87
3 2328.69384765625 198.36892700195312 2503.9267578125 408.436279296875 
88
3 2310.358154296875 193.37051391601562 2484.13134765625 401.607421875 
3 392.3839416503906 43.291748046875 418.0124206542969 85.22343444824219 
89
3 2296.00634765625 188.856689453125 2463.934326171875 398.0951232910156 
3 374.4028015136719 48.64891052246094 398.6800842285156 92.97456359863281 
90
3 2276.588623046875 183.50323486328125 2445.873779296875 391.1500244140625 
91
3 2262.51513671875 180.56875610351562 2428.87841796875 387.2898864746094 
92
3 2246.18896484375 175.447021484375 2413.66845703125 383.39306640625 
93
3 2235.3291015625 170.36581420898438 2399.295654296875 379.00372314453125 
3 317.6692810058594 60.86564636230469 342.2873840332031 108.95524597167969 
94
3 2218.94970703125 167.87783813476562 2385.56201171875 374.79180908203125 
95
3 2209.0302734375 164.83148193359375 2372.908935546875 371.3034973144531 
96
3 2196.912353515625 161.84120178222656 2357.3388671875 368.0130615234375 
3 280.3181457519531 66.41944122314453 305.9562072753906 115.86947631835938 
97
3 2181.98291015625 158.04844665527344 2342.341796875 365.298583984375 
98
3 2167.458251953125 153.7268829345703 2328.904541015625 361.90533447265625 
99
3 2161.6220703125 150.02267456054688 2314.8935546875 356.66070556640625 
100
3 2148.91748046875 145.43939208984375 2302.124755859375 352.9317626953125 
101
3 2138.489501953125 142.1760711669922 2290.0078125 352.69744873046875 
102
3 2128.54638671875 137.80966186523438 2280.171630859375 348.727294921875 
103
3 2123.94140625 133.66297912597656 2270.4833984375 345.6852111816406 
104
3 2113.1279296875 129.55911254882812 2259.82275390625 344.5487365722656 
105
3 2104.68310546875 127.82513427734375 2249.3955078125 342.04364013671875 
106
3 2098.76513671875 125.58702087402344 2240.2880859375 338.2660217285156 
107
3 2089.04248046875 122.47662353515625 2230.807861328125 337.8551940917969 
108
3 2080.36279296875 121.64280700683594 2222.29150390625 339.749755859375 
109
3 2071.678466796875 119.09674072265625 2213.807373046875 340.4451904296875 
110
3 2063.37890625 118.29092407226562 2205.32861328125 340.28558349609375 
111
3 2054.72705078125 117.99691772460938 2197.11962890625 339.84246826171875 
112
3 2048.209228515625 117.81837463378906 2190.545654296875 336.44879150390625 
113
3 2041.7529296875 118.21673583984375 2182.4755859375 337.17877197265625 
114
3 2035.0177001953125 118.20962524414062 2174.295166015625 336.8210754394531 
115
3 2027.170654296875 118.52839660644531 2167.854248046875 339.9620361328125 
116
3 2020.75537109375 118.26408386230469 2160.6494140625 345.7206115722656 
117
3 2013.67529296875 118.56069946289062 2153.91259765625 343.86773681640625 
118
3 2009.1063232421875 118.59098815917969 2145.974365234375 351.51593017578125 
119
3 2003.2711181640625 117.78353881835938 2140.7734375 348.5056457519531 
120
3 1998.0499267578125 118.005859375 2133.891357421875 349.7694091796875 
121
3 1992.1336669921875 118.58575439453125 2128.8193359375 350.78997802734375 
122
3 1986.8094482421875 117.17292785644531 2123.040771484375 350.30841064453125 
123
3 1981.654296875 115.94325256347656 2118.54150390625 346.7379150390625 
3 70.0177993774414 122.08470153808594 98.97064208984375 153.28802490234375 
124
3 1976.9825439453125 115.25433349609375 2113.6787109375 344.6179504394531 
125
3 1970.5611572265625 115.05308532714844 2109.547607421875 345.4243469238281 
126
3 1966.47119140625 114.35903930664062 2105.5673828125 345.56683349609375 
127
3 1963.093505859375 113.15469360351562 2102.2373046875 346.2375793457031 
128
3 1958.603759765625 111.89823913574219 2098.955322265625 346.10784912109375 
3 45.81184387207031 130.69215393066406 71.27088928222656 159.79823303222656 
129
3 1954.721435546875 111.54141235351562 2095.933349609375 346.1424560546875 
130
3 1948.1907958984375 111.46466064453125 2093.251708984375 345.62969970703125 
131
3 1943.8743896484375 110.47920227050781 2090.521484375 342.81201171875 
132
3 1938.23095703125 108.64051818847656 2088.939697265625 339.27392578125 
3 33.09638977050781 133.4889373779297 53.357025146484375 166.04034423828125 
133
3 1931.861083984375 107.60688781738281 2087.4287109375 340.065673828125 
134
3 1930.610595703125 106.75669860839844 2086.610107421875 341.5665283203125 
135
3 1929.40478515625 107.06005859375 2086.4345703125 342.5621337890625 
136
3 1928.18017578125 107.1746826171875 2086.01904296875 341.6671142578125 
137
3 1929.4833984375 106.11050415039062 2085.80419921875 340.759765625 
138
3 1930.1256103515625 106.54214477539062 2085.842529296875 344.0443420410156 
139
3 1931.890869140625 106.58554077148438 2086.314453125 345.48748779296875 
140
3 1930.0517578125 106.54740905761719 2086.33447265625 349.2829284667969 
141
3 1929.36181640625 108.10566711425781 2086.157958984375 353.0212097167969 
142
3 1927.2205810546875 110.39079284667969 2085.7431640625 355.96099853515625 
143
3 1926.162841796875 110.22021484375 2084.249267578125 361.86199951171875 
144
3 1925.287109375 113.83171081542969 2083.805419921875 366.0194091796875 
145
3 1923.3238525390625 115.83842468261719 2083.23388671875 375.029296875 
146
3 1923.2203369140625 116.309814453125 2079.4423828125 376.5570068359375 
147
3 1922.869140625 117.03091430664062 2078.749755859375 376.1152648925781 
148
3 1921.72314453125 117.74664306640625 2078.740234375 377.60906982421875 
149
3 1923.1534423828125 117.53903198242188 2078.23876953125 377.9333190917969 
150
3 1923.845703125 117.69921875 2077.782470703125 376.39581298828125 
151
3 1924.6712646484375 117.42022705078125 2077.002197265625 375.54425048828125 
152
3 1923.8028564453125 117.22245788574219 2077.107177734375 375.9132995605469 
153
3 1924.19482421875 118.14678955078125 2076.118896484375 375.87652587890625 
154
3 1923.604248046875 119.128173828125 2075.27734375 375.7838134765625 
155
3 1922.0828857421875 118.97064208984375 2073.689453125 376.48101806640625 
156
3 1921.839111328125 119.21147155761719 2074.498046875 373.770751953125 
157
3 1921.2701416015625 120.17221069335938 2073.488525390625 376.0613098144531 
158
3 1921.0943603515625 122.601806640625 2075.825439453125 381.0362548828125 
159
3 1920.5550537109375 123.67472839355469 2076.485595703125 385.8570861816406 
160
2 1919.9276123046875 126.31376647949219 2078.822265625 390.5143127441406 
161
2 1918.9930419921875 127.13673400878906 2082.097900390625 396.1669921875 
162
2 1919.0689697265625 129.17068481445312 2085.428466796875 393.2179260253906 
163
2 1919.467041015625 131.61343383789062 2088.957275390625 397.9193115234375 
164
2 1918.031494140625 134.1991424560547 2092.9541015625 398.493408203125 
165
2 1914.8568115234375 134.39495849609375 2096.154052734375 403.56622314453125 
166
2 1915.422119140625 135.828369140625 2100.800537109375 401.5821533203125 
167
2 1914.684814453125 137.37713623046875 2105.760009765625 403.5482482910156 
168
2 1911.6416015625 137.44317626953125 2110.93310546875 400.88116455078125 
169
2 1911.5517578125 137.612060546875 2116.44384765625 400.627685546875 
170
2 1911.333251953125 138.07293701171875 2122.98388671875 401.32366943359375 
171
2 1913.99169921875 138.6749267578125 2128.949951171875 400.8458251953125 
172
2 1920.169677734375 138.71221923828125 2132.940673828125 401.02667236328125 
173
2 1926.46435546875 139.2159423828125 2139.44580078125 402.32513427734375 
174
2 1934.9705810546875 140.2805938720703 2144.34375 405.36358642578125 
175
2 1945.24169921875 140.95556640625 2149.8623046875 405.2231140136719 
176
2 1954.4066162109375 141.92515563964844 2154.6357421875 404.4482421875 
177
2 1965.5098876953125 143.16171264648438 2158.236328125 406.92523193359375 
178
2 1976.206787109375 143.48167419433594 2161.33056640625 409.83355712890625 
179
2 1978.964599609375 144.31915283203125 2164.9248046875 402.9046936035156 
180
2 1976.8736572265625 146.81634521484375 2169.11962890625 419.45208740234375 
181
2 1974.95751953125 146.8853302001953 2174.25341796875 427.70880126953125 
182
2 1974.40185546875 150.3256378173828 2180.888427734375 432.8447570800781 
183
2 1973.695556640625 150.97750854492188 2186.18359375 438.407958984375 
184
2 1974.0985107421875 153.47802734375 2189.5244140625 438.9635009765625 
185
2 1975.494384765625 157.41226196289062 2193.78369140625 442.8561706542969 
186
2 1976.7755126953125 159.34866333007812 2199.64501953125 444.3609924316406 
187
2 1976.7158203125 162.44976806640625 2205.056396484375 448.384033203125 
188
2 1978.0706787109375 164.07273864746094 2209.3466796875 451.18548583984375 
189
2 1981.16748046875 165.8203125 2215.400390625 454.8434143066406 
190
2 1985.1290283203125 166.4178924560547 2220.76171875 454.38323974609375 
191
2 1991.664794921875 166.55526733398438 2228.117919921875 453.61468505859375 
192
2 2001.5478515625 166.89736938476562 2233.2392578125 456.76995849609375 
193
2 2015.09130859375 166.6170196533203 2240.7685546875 455.2151794433594 
194
2 2025.366455078125 166.67828369140625 2247.556396484375 456.2364501953125 
195
2 2035.4564208984375 166.9677734375 2252.9931640625 455.57000732421875 
196
2 2047.523681640625 167.23287963867188 2258.575927734375 451.97003173828125 
197
2 2067.208984375 167.3790283203125 2265.4296875 448.9945983886719 
198
2 2070.009033203125 167.48550415039062 2271.22802734375 457.905517578125 
199
2 2074.35986328125 167.33612060546875 2278.218017578125 448.0585021972656 
200
2 2074.958984375 168.6227569580078 2283.9736328125 456.6755676269531 
201
2 2076.68017578125 170.11508178710938 2289.05322265625 463.5165100097656 
202
2 2077.416015625 170.23257446289062 2294.593505859375 469.5487060546875 
203
2 2076.66455078125 171.06207275390625 2299.581298828125 481.63507080078125 
204
2 2078.449462890625 174.65330505371094 2305.2197265625 490.197509765625 
205
2 2080.68701171875 176.21249389648438 2313.136962890625 495.22064208984375 
206
2 2083.0732421875 179.87461853027344 2320.2021484375 498.3153076171875 
207
2 2085.8583984375 182.73532104492188 2328.605712890625 504.47174072265625 
208
2 2088.9599609375 186.8656463623047 2335.818603515625 511.5001220703125 
209
2 2091.559814453125 190.6830291748047 2343.555419921875 527.6077880859375 
210
2 2095.037841796875 194.4857177734375 2351.565185546875 528.1378784179688 
211
2 2100.989013671875 197.63157653808594 2360.19970703125 523.580322265625 
212
2 2102.71630859375 201.89077758789062 2368.42333984375 532.4927978515625 
213
2 2106.072021484375 203.253662109375 2378.388916015625 531.3975830078125 
214
2 2108.100830078125 206.3531036376953 2385.478515625 530.2779541015625 
215
2 2110.386474609375 206.38604736328125 2393.553466796875 529.1068115234375 
216
2 2113.798828125 208.19635009765625 2400.253662109375 528.8594970703125 
217
2 2117.391845703125 209.51910400390625 2407.89111328125 527.7042236328125 
218
2 2125.348876953125 210.33734130859375 2412.637451171875 526.1985473632812 
219
2 2131.25390625 210.50013732910156 2417.836181640625 525.1138916015625 
220
2 2135.521240234375 210.78863525390625 2423.1513671875 523.4923095703125 
221
2 2139.215576171875 213.05126953125 2426.831787109375 529.1121215820312 
222
2 2139.68408203125 213.93490600585938 2431.185791015625 528.103515625 
223
2 2140.4072265625 214.85452270507812 2436.251953125 528.4091796875 
224
2 2151.406494140625 216.21273803710938 2441.3203125 526.63525390625 
225
2 2157.3251953125 217.47109985351562 2446.031005859375 525.1679077148438 
226
2 2152.30859375 217.3333740234375 2449.708251953125 525.8436279296875 
227
2 2156.7001953125 217.34454345703125 2453.13916015625 526.60009765625 
228
2 2161.71826171875 216.88827514648438 2454.425048828125 522.9888916015625 
229
2 2159.5478515625 216.60247802734375 2455.9326171875 527.2275390625 
230
2 2160.27685546875 216.42630004882812 2456.84423828125 537.3384399414062 
231
2 2163.885498046875 217.64303588867188 2456.984619140625 539.7449340820312 
232
2 2165.628173828125 218.51817321777344 2457.105224609375 537.9010009765625 
3 0.0032682418823242188 150.89028930664062 19.257478713989258 197.53823852539062 
233
2 2168.705810546875 219.55239868164062 2458.0771484375 531.3224487304688 
234
2 2169.0712890625 221.92059326171875 2459.413330078125 538.0664672851562 
235
2 2171.769287109375 222.6297607421875 2460.585693359375 534.160888671875 
236
2 2174.350830078125 222.49945068359375 2461.855224609375 530.826416015625 
237
2 2171.036865234375 222.786865234375 2463.812255859375 545.12548828125 
238
2 2176.43798828125 222.6680908203125 2465.0693359375 546.1895141601562 
239
2 2175.499267578125 222.3345947265625 2466.673828125 548.429931640625 
240
2 2176.76611328125 222.5352783203125 2468.15771484375 549.7208251953125 
241
2 2181.26806640625 222.6485595703125 2471.013671875 548.303466796875 
242
2 2181.572998046875 223.36737060546875 2473.05126953125 548.4713745117188 
243
2 2184.8095703125 224.99307250976562 2476.235107421875 548.2130126953125 
244
2 2189.051025390625 225.7564697265625 2479.45947265625 536.7075805664062 
245
2 2187.786376953125 226.54119873046875 2481.5029296875 551.2481689453125 
246
2 2189.63232421875 226.74169921875 2484.75244140625 554.115966796875 
247
2 2189.755126953125 226.616943359375 2486.94091796875 554.4351806640625 
248
2 2191.540771484375 228.37991333007812 2489.1552734375 553.8914184570312 
249
2 2197.365966796875 229.2213134765625 2490.57177734375 547.3865966796875 
250
2 2198.696044921875 229.8453369140625 2492.6513671875 554.2559204101562 
251
2 2200.346923828125 230.2552490234375 2495.509521484375 554.721435546875 
252
2 2200.9833984375 232.49453735351562 2497.606689453125 554.2037963867188 
253
2 2204.08203125 233.62127685546875 2502.121826171875 551.1793212890625 
254
2 2208.080078125 234.16360473632812 2505.74267578125 551.4291381835938 
255
2 2209.064697265625 235.09625244140625 2508.072021484375 554.9298095703125 
256
2 2211.2333984375 237.443115234375 2509.84375 551.931396484375 
257
2 2212.81689453125 238.626953125 2512.864501953125 552.6881103515625 
258
2 2213.630859375 238.81500244140625 2514.521728515625 558.3615112304688 
259
2 2215.797607421875 238.65594482421875 2517.813720703125 558.313720703125 
260
2 2217.077880859375 240.00433349609375 2520.451171875 561.1123046875 
261
2 2219.28857421875 241.91094970703125 2522.45068359375 559.7283935546875 
3 28.24002456665039 130.52667236328125 75.325927734375 217.218505859375 
262
2 2219.3828125 242.1842041015625 2525.59130859375 563.4088745117188 
3 31.200191497802734 132.34329223632812 76.41143035888672 219.6495819091797 
263
2 2224.092041015625 242.854248046875 2527.677734375 561.50341796875 
264
2 2228.392578125 243.75640869140625 2530.150390625 565.2352294921875 
265
2 2231.015869140625 244.94876098632812 2532.625732421875 566.2528076171875 
266
2 2233.607421875 245.20458984375 2535.798583984375 566.6905517578125 
267
2 2234.697265625 245.81890869140625 2538.33251953125 567.098876953125 
268
2 2236.965087890625 245.94342041015625 2540.744140625 558.3385009765625 
269
2 2237.846435546875 246.75433349609375 2543.509521484375 568.2412719726562 
270
2 2240.924560546875 248.4871826171875 2546.952392578125 571.6739501953125 
271
2 2245.0244140625 249.41455078125 2550.439453125 567.320556640625 
272
2 2245.50927734375 249.8658447265625 2552.359619140625 568.2381591796875 
273
2 2248.947021484375 251.033935546875 2554.8330078125 572.9690551757812 
274
2 2253.229736328125 252.88180541992188 2557.65869140625 573.6795654296875 
275
2 2255.87890625 253.91238403320312 2558.380859375 577.458984375 
276
2 2257.94189453125 255.81927490234375 2558.536865234375 576.7971801757812 
277
2 2263.38134765625 258.175048828125 2558.64306640625 577.8458251953125 
278
2 2268.078369140625 258.65673828125 2558.62841796875 572.8344116210938 
279
2 2268.9775390625 261.8901062011719 2558.782470703125 577.5575561523438 
280
2 2275.803466796875 262.3053894042969 2558.875 580.5012817382812 
281
2 2277.07080078125 265.4462890625 2558.853271484375 587.3956298828125 
3 88.71857452392578 116.19227600097656 137.73284912109375 196.7026824951172 
282
2 2281.23583984375 266.6947937011719 2558.845703125 587.6109619140625 
283
2 2286.606689453125 269.8310546875 2558.86279296875 590.2774658203125 
284
2 2292.4814453125 273.2315368652344 2558.9140625 591.591552734375 
285
3 2295.422607421875 278.1624755859375 2558.863037109375 590.277099609375 
286
3 2298.466796875 284.0664978027344 2558.91650390625 594.6019287109375 
287
3 2305.3935546875 302.6264343261719 2558.91552734375 593.9351806640625 
288
3 2309.13037109375 310.21148681640625 2558.9921875 599.5275268554688 
289
3 2314.261962890625 314.6373291015625 2559.00634765625 599.3818359375 
290
3 2316.235595703125 317.1314392089844 2559.025390625 603.8324584960938 
291
3 2325.19775390625 321.33197021484375 2558.998291015625 603.2395629882812 
292
3 2329.639404296875 322.45916748046875 2558.9287109375 608.042236328125 
293
3 2336.514404296875 325.4625549316406 2558.94140625 601.810302734375 
294
3 2337.1416015625 327.5961608886719 2558.9765625 607.670654296875 
295
3 2342.890380859375 330.1778564453125 2558.88623046875 614.2075805664062 
296
3 2345.92822265625 333.82257080078125 2558.893310546875 618.9386596679688 
297
3 2352.061767578125 336.9266052246094 2558.9208984375 625.4322509765625 
298
3 2358.41015625 339.7763671875 2558.8935546875 620.972900390625 
299
3 2365.07080078125 344.26202392578125 2558.945556640625 624.2449951171875 
300
3 2367.7314453125 351.70068359375 2558.87890625 625.612060546875 
301
3 2376.77197265625 358.189453125 2558.9853515625 624.6070556640625 
3 190.19961547851562 92.12384033203125 221.52264404296875 133.12533569335938 
302
3 2381.809814453125 364.4357604980469 2559.031005859375 636.3262329101562 
303
3 2387.47998046875 370.51031494140625 2559.069580078125 633.2439575195312 
304
3 2394.33251953125 377.6070556640625 2559.0263671875 634.2828369140625 
305
3 2395.325439453125 386.94085693359375 2558.983642578125 639.5260009765625 
306
3 2400.4462890625 393.1446838378906 2558.96728515625 646.438720703125 
307
3 2405.510009765625 400.49163818359375 2559.00537109375 654.232177734375 
308
3 2409.8330078125 410.4881896972656 2558.9921875 658.1937255859375 
309
3 2412.976318359375 418.22308349609375 2558.893310546875 665.1527099609375 
310
3 2416.788818359375 430.7344970703125 2559.32958984375 668.3720703125 
311
3 2423.359130859375 454.9024963378906 2559.1708984375 671.11083984375 
312
3 2423.6533203125 478.201171875 2559.15576171875 674.1092529296875 
313
3 2425.09326171875 485.20196533203125 2558.935546875 676.036376953125 
314
3 2431.6474609375 494.754150390625 2558.9345703125 683.1068725585938 
315
3 2433.507568359375 510.3577880859375 2558.990478515625 687.2822875976562 
316
3 2438.2275390625 520.5903930664062 2558.984375 691.3607788085938 
317
3 2442.564208984375 529.2249145507812 2559.025634765625 692.7117309570312 
318
3 2448.841796875 538.5551147460938 2559.0322265625 698.5535888671875 
319
3 2453.7919921875 559.8839111328125 2559.02197265625 699.4312744140625 
320
3 2461.523193359375 566.9381103515625 2558.973388671875 700.9627685546875 
321
3 2464.65478515625 572.5010375976562 2558.974609375 702.8524780273438 
322
3 2471.94970703125 577.9219970703125 2558.970458984375 701.2376708984375 
323
3 2478.32861328125 580.739013671875 2559.025146484375 695.7559204101562 
324
3 2479.9365234375 578.98388671875 2559.01513671875 692.560546875 
325
3 2488.15283203125 577.5511474609375 2559.001708984375 684.2991333007812 
326
3 2486.506591796875 573.412109375 2559.050048828125 684.5203857421875 
327
3 2488.29833984375 574.1100463867188 2559.038818359375 683.157470703125 
328
3 2487.986572265625 573.5362548828125 2559.049560546875 683.708740234375 
329
3 2490.199951171875 575.8513793945312 2559.130615234375 683.9019165039062 
330
3 2490.7890625 574.4562377929688 2559.128662109375 676.5765380859375 
331
3 2490.741455078125 577.634033203125 2559.16650390625 677.27197265625 
332
3 2486.116455078125 577.7696533203125 2559.057373046875 688.3860473632812 
333
3 2488.516357421875 578.4144287109375 2558.942138671875 688.0956420898438 
334
3 2486.7431640625 581.4097900390625 2558.950927734375 685.703369140625 
335
3 2483.059814453125 578.4671630859375 2559.0107421875 686.088623046875 
336
3 2482.9619140625 574.44775390625 2558.946044921875 688.307373046875 
337
3 2476.5986328125 572.6778564453125 2558.986572265625 688.5542602539062 
338
3 2473.67333984375 566.8348388671875 2558.90673828125 683.2539672851562 
339
3 2470.841796875 555.8468627929688 2558.859375 677.9146728515625 
340
3 2464.226806640625 549.93505859375 2558.993896484375 673.8380126953125 
341
3 2461.868896484375 539.426025390625 2559.017578125 674.6970825195312 
342
3 2456.70166015625 534.2026977539062 2558.97265625 670.9617309570312 
343
3 2453.690673828125 528.23779296875 2558.934326171875 670.538330078125 
344
3 2448.693115234375 516.5780639648438 2558.971435546875 670.7052612304688 
345
3 2446.315673828125 509.7972412109375 2558.976806640625 668.2315673828125 
346
3 2442.3359375 498.65826416015625 2559.037353515625 662.58203125 
347
3 2435.716552734375 490.38250732421875 2559.09521484375 662.9798583984375 
348
3 2428.918212890625 474.7643737792969 2559.08935546875 664.4940795898438 
349
3 2423.344482421875 460.3507385253906 2559.03369140625 658.8276977539062 
350
3 2417.457275390625 409.6149597167969 2559.006103515625 657.1889038085938 
351
3 2408.401123046875 401.83514404296875 2559.053466796875 653.9127197265625 
352
3 2401.950439453125 391.62005615234375 2558.98193359375 647.3616943359375 
353
3 2395.81884765625 385.90496826171875 2558.96826171875 640.8768310546875 
354
3 2390.472412109375 376.3854675292969 2559.038330078125 637.7476806640625 
355
3 2382.45458984375 368.74310302734375 2559.0400390625 641.302490234375 
356
3 2371.35498046875 361.09625244140625 2558.991943359375 635.8023681640625 
357
3 2364.157470703125 354.1944580078125 2558.8916015625 633.1204833984375 
358
3 2357.833251953125 348.1403503417969 2558.878173828125 626.0711059570312 
359
3 2347.016845703125 341.673828125 2558.927978515625 625.1895751953125 
360
3 2339.48779296875 337.551513671875 2558.950439453125 617.5379028320312 
361
3 2331.344970703125 333.5196838378906 2558.945556640625 606.7113647460938 
362
3 2323.78662109375 328.3699951171875 2559.01806640625 605.086669921875 
363
3 2311.695556640625 320.0343017578125 2559.0068359375 607.7859497070312 
364
3 2300.52685546875 296.2736511230469 2558.90234375 606.9054565429688 
365
1 2293.97900390625 285.6938171386719 2558.882080078125 603.150146484375 
366
1 2285.44677734375 282.39935302734375 2558.904541015625 598.855712890625 
367
1 2275.9248046875 277.751708984375 2558.8466796875 597.613525390625 
368
2 2271.36279296875 274.6711730957031 2558.8408203125 590.5326538085938 
369
2 2263.8330078125 271.5794982910156 2558.509033203125 591.8533935546875 
370
2 2252.808837890625 266.306396484375 2557.786376953125 587.2593994140625 
371
2 2246.0703125 263.0450439453125 2546.119140625 576.6558227539062 
372
2 2235.040771484375 260.24627685546875 2533.349365234375 564.7833251953125 
373
2 2229.274658203125 257.3935241699219 2524.90625 571.7984619140625 
374
2 2219.0859375 254.26995849609375 2518.107666015625 573.0968627929688 
375
2 2214.77490234375 251.142333984375 2510.995361328125 571.1840209960938 
376
2 2212.137939453125 249.13021850585938 2505.2783203125 569.41943359375 
377
2 2204.0888671875 246.50216674804688 2498.3798828125 566.3599243164062 
378
2 2201.4580078125 245.96954345703125 2490.62744140625 560.6271362304688 
379
2 2193.61083984375 242.44625854492188 2485.78515625 566.1121826171875 
380
2 2188.2041015625 242.18862915039062 2478.457275390625 561.658447265625 
381
2 2186.359375 239.21200561523438 2472.971923828125 555.4479370117188 
382
2 2181.90380859375 238.30392456054688 2469.294189453125 563.0184936523438 
383
2 2176.789794921875 238.46429443359375 2464.450439453125 559.5646362304688 
384
2 2175.628173828125 238.42459106445312 2461.125 551.2227783203125 
385
2 2171.632568359375 237.63198852539062 2458.20849609375 552.4218139648438 
386
2 2170.95751953125 235.78466796875 2456.218017578125 554.2994384765625 
387
2 2167.83642578125 234.46673583984375 2452.856201171875 553.9024658203125 
388
2 2164.819091796875 233.05404663085938 2450.7373046875 555.3416137695312 
389
2 2164.219970703125 230.95492553710938 2449.822998046875 555.09814453125 
390
2 2163.918701171875 229.8895263671875 2447.0439453125 553.5606689453125 
391
2 2161.490966796875 229.84518432617188 2445.50537109375 554.7111206054688 
392
2 2159.821533203125 228.04461669921875 2444.981201171875 550.1467895507812 
393
2 2158.39794921875 226.95330810546875 2444.121337890625 545.2315063476562 
394
2 2155.967041015625 226.36062622070312 2443.25390625 542.862060546875 
395
2 2155.223876953125 225.99542236328125 2442.9287109375 547.85302734375 
396
2 2155.03369140625 225.5400390625 2442.4716796875 546.4525146484375 
397
2 2156.140625 222.73422241210938 2440.205322265625 537.4925537109375 
398
2 2152.05810546875 221.959716796875 2438.56103515625 544.9530029296875 
399
2 2148.791259765625 221.58901977539062 2436.75146484375 542.8353881835938 
400
2 2150.00390625 220.125 2433.073974609375 546.2088623046875 
401
2 2149.45703125 218.9912567138672 2430.107666015625 541.5013427734375 
402
2 2145.869873046875 218.4038543701172 2426.3544921875 544.25732421875 
403
2 2146.811279296875 218.66700744628906 2423.14453125 536.0162963867188 
404
2 2142.27880859375 218.571533203125 2420.721923828125 543.3367919921875 
405
2 2140.2607421875 219.67263793945312 2416.9677734375 537.8396606445312 
406
2 2137.7119140625 221.42840576171875 2414.039306640625 540.7001342773438 
407
2 2136.27099609375 221.491455078125 2409.80224609375 539.75 
408
2 2134.765625 221.6553955078125 2405.990478515625 534.49658203125 
409
2 2129.077392578125 222.34326171875 2401.466796875 541.3592529296875 
410
2 2125.644775390625 222.16476440429688 2397.7890625 538.6234130859375 
411
2 2124.141357421875 222.24679565429688 2393.27392578125 540.449462890625 
412
2 2122.653076171875 221.58596801757812 2387.66943359375 539.9302978515625 
413
2 2117.36767578125 219.44300842285156 2383.497314453125 544.4805908203125 
414
2 2115.803466796875 217.58572387695312 2378.859375 531.32763671875 
415
2 2112.370849609375 213.94876098632812 2373.33544921875 534.6439208984375 
416
2 2107.4775390625 210.9289093017578 2368.34765625 534.8857421875 
417
2 2103.22021484375 206.76998901367188 2364.532470703125 533.9031372070312 
418
2 2104.222900390625 204.4821319580078 2359.45947265625 521.1982421875 
419
2 2097.494873046875 202.2156524658203 2354.00439453125 529.9262084960938 
420
2 2096.426513671875 199.90847778320312 2350.656005859375 521.2442626953125 
421
2 2091.634033203125 197.75042724609375 2346.3115234375 526.0992431640625 
422
2 2088.65234375 194.1731414794922 2341.76806640625 521.6019897460938 
423
2 2085.1611328125 190.58969116210938 2336.065673828125 514.7479248046875 
424
2 2081.84619140625 187.5380859375 2332.03857421875 507.302490234375 
425
2 2078.651611328125 186.12049865722656 2326.447509765625 507.180419921875 
426
2 2075.342041015625 184.7389373779297 2320.17626953125 503.80914306640625 
427
2 2071.526123046875 183.1785430908203 2315.1552734375 508.8111572265625 
428
2 2069.01416015625 183.09432983398438 2310.269287109375 510.4932861328125 
429
2 2064.350341796875 183.1680145263672 2304.081787109375 504.313232421875 
430
2 2061.930908203125 183.17578125 2299.56982421875 500.12542724609375 
431
2 2057.42333984375 183.50946044921875 2294.478271484375 507.07635498046875 
432
2 2054.02587890625 184.96771240234375 2289.28125 504.05731201171875 
433
2 2051.7255859375 186.03433227539062 2285.67333984375 495.9920654296875 
434
2 2049.16015625 185.85549926757812 2282.076416015625 492.7010498046875 
435
2 2045.192138671875 185.69956970214844 2277.322265625 490.189697265625 
436
2 2041.44189453125 186.06370544433594 2272.192626953125 487.564208984375 
437
2 2039.848388671875 184.7953643798828 2268.96044921875 490.69464111328125 
438
2 2037.221435546875 182.40673828125 2265.392578125 492.9027099609375 
439
2 2036.27685546875 181.00469970703125 2261.142822265625 492.75018310546875 
440
2 2033.715576171875 179.26239013671875 2256.424072265625 485.14111328125 
441
2 2031.8087158203125 176.989990234375 2253.471435546875 475.00860595703125 
442
2 2030.33642578125 175.825927734375 2251.405517578125 478.09979248046875 
443
2 2029.2850341796875 175.21044921875 2249.88818359375 470.7148742675781 
444
2 2028.0494384765625 175.25987243652344 2246.532470703125 476.23553466796875 
445
2 2026.7137451171875 174.28176879882812 2246.55712890625 470.62384033203125 
446
2 2027.080322265625 171.52679443359375 2246.22216796875 471.40631103515625 
447
2 2027.474853515625 170.30711364746094 2245.921630859375 468.99237060546875 
448
2 2027.7979736328125 169.35720825195312 2245.339111328125 468.57110595703125 
449
2 2027.5631103515625 169.53079223632812 2244.677490234375 463.2012634277344 
450
2 2027.1790771484375 169.9725341796875 2243.722412109375 459.3427734375 
451
2 2025.4586181640625 169.39031982421875 2242.179443359375 467.6710510253906 
452
2 2025.2406005859375 166.23681640625 2240.95703125 463.463134765625 
453
2 2024.5416259765625 166.91688537597656 2237.31591796875 460.118408203125 
454
2 2023.007568359375 165.92393493652344 2235.007080078125 458.4586181640625 
455
2 2022.5482177734375 167.37181091308594 2233.34765625 457.8995056152344 
456
2 2022.9061279296875 167.6727294921875 2233.63232421875 457.69976806640625 
457
2 2023.890869140625 171.49322509765625 2234.517578125 458.47930908203125 
458
2 2024.5501708984375 175.52024841308594 2234.854248046875 461.0275573730469 
459
2 2023.7322998046875 179.9087371826172 2233.3310546875 463.44549560546875 
460
2 2022.0819091796875 182.96546936035156 2232.3046875 468.49755859375 
461
2 2020.9322509765625 187.24371337890625 2230.45263671875 472.7971496582031 
462
2 2020.27197265625 192.78616333007812 2229.276611328125 472.86328125 
463
2 2017.1820068359375 197.98397827148438 2228.7392578125 479.1654052734375 
464
2 2015.659423828125 200.11795043945312 2227.053955078125 479.17120361328125 
465
2 2013.96728515625 202.05661010742188 2224.62744140625 482.174560546875 
466
2 2011.7733154296875 200.97523498535156 2223.065673828125 480.3331298828125 
467
2 2010.527587890625 199.1185302734375 2222.769287109375 478.73101806640625 
468
2 2010.988525390625 198.0410919189453 2223.9892578125 478.4481201171875 
469
2 2012.0609130859375 195.41934204101562 2224.61279296875 475.41339111328125 
470
2 2012.087890625 194.453369140625 2224.596923828125 475.228515625 
471
2 2013.2567138671875 191.05221557617188 2227.396484375 470.0659484863281 
472
2 2013.0672607421875 190.28359985351562 2227.9140625 472.4195861816406 
473
2 2013.69140625 187.54962158203125 2228.245361328125 468.93609619140625 
474
2 2013.4080810546875 185.44577026367188 2230.089599609375 469.11810302734375 
475
2 2014.421142578125 182.83908081054688 2232.08544921875 462.49200439453125 
476
2 2016.21484375 179.7191619873047 2232.8056640625 458.0819091796875 
477
2 2019.5484619140625 172.99867248535156 2236.5859375 453.9337158203125 
478
2 2021.810791015625 166.30276489257812 2241.02490234375 451.96051025390625 
479
2 2025.024169921875 161.50030517578125 2245.021728515625 446.2039794921875 
480
2 2023.995361328125 163.3719482421875 2246.00146484375 452.0569763183594 
481
2 2024.1248779296875 165.22491455078125 2245.296142578125 451.17626953125 
482
2 2024.5638427734375 162.21038818359375 2245.323974609375 447.58026123046875 
483
2 2024.8123779296875 161.31228637695312 2245.3115234375 445.8509826660156 
484
2 2024.1439208984375 161.90167236328125 2245.135498046875 446.8553466796875 
485
2 2023.5843505859375 162.9740753173828 2244.6005859375 448.9226379394531 
486
2 2022.900390625 165.77517700195312 2244.036376953125 450.500732421875 
487
2 2023.8646240234375 166.0101318359375 2244.31396484375 452.0871276855469 
488
2 2024.460693359375 167.510009765625 2245.731689453125 455.4049987792969 
489
2 2024.3758544921875 171.37252807617188 2246.662109375 456.71771240234375 
490
2 2024.559814453125 173.8296356201172 2247.29541015625 460.01214599609375 
491
2 2025.07470703125 176.27261352539062 2246.658203125 461.18060302734375 
492
2 2024.311279296875 179.6939239501953 2246.05126953125 464.3072814941406 
493
2 2025.007568359375 183.05859375 2244.576416015625 464.05950927734375 
494
2 2024.057861328125 184.59075927734375 2244.42041015625 465.97918701171875 
495
2 2023.221923828125 186.58901977539062 2244.014892578125 465.48834228515625 
496
2 2023.4324951171875 187.70443725585938 2243.186279296875 470.01806640625 
497
2 2022.71826171875 189.11605834960938 2243.423583984375 472.2452392578125 
498
2 2023.4261474609375 190.4097442626953 2243.25341796875 470.7928466796875 
499
2 2023.3489990234375 190.81321716308594 2243.28955078125 470.5372314453125 
500
2 2024.30908203125 190.62266540527344 2244.58349609375 467.1968078613281 
501
2 2024.5948486328125 190.534423828125 2245.299560546875 468.6833801269531 
502
2 2025.0400390625 187.829345703125 2246.073486328125 470.22503662109375 
503
2 2025.3472900390625 186.8208770751953 2246.3330078125 465.9595031738281 
504
2 2025.1666259765625 183.50833129882812 2247.638427734375 463.1958312988281 
505
2 2025.326416015625 179.70120239257812 2248.283935546875 461.8332824707031 
506
2 2025.9150390625 174.1437530517578 2249.677978515625 457.4439697265625 
507
2 2027.1656494140625 168.73782348632812 2250.741455078125 456.0838623046875 
508
2 2027.4454345703125 166.32064819335938 2250.625244140625 451.0074462890625 
509
2 2025.223876953125 166.38824462890625 2250.048828125 453.1439514160156 
510
2 2024.4635009765625 166.0798797607422 2249.394775390625 452.1798095703125 
511
2 2024.6551513671875 165.69667053222656 2249.2724609375 453.09100341796875 
512
2 2024.0860595703125 166.20675659179688 2247.864013671875 452.07342529296875 
513
2 2023.9171142578125 166.23056030273438 2247.41162109375 452.6448669433594 
514
2 2024.6512451171875 166.59664916992188 2247.021240234375 453.4774475097656 
515
2 2024.5699462890625 166.6088409423828 2246.9765625 453.1090087890625 
516
2 2023.22998046875 166.03311157226562 2246.59912109375 451.65338134765625 
517
2 2023.5675048828125 166.43673706054688 2246.1337890625 453.8878479003906 
518
2 2023.12548828125 167.18141174316406 2244.935791015625 452.0541076660156 
519
2 2023.043212890625 166.88101196289062 2245.06494140625 453.34185791015625 
520
2 2022.746337890625 166.095703125 2244.589111328125 451.91461181640625 
521
2 2022.5093994140625 165.90859985351562 2244.14306640625 451.0784606933594 
522
2 2022.2596435546875 166.49896240234375 2243.310791015625 451.5849914550781 
523
2 2021.9718017578125 166.1941375732422 2243.085205078125 450.6671142578125 
524
2 2021.3228759765625 166.34158325195312 2242.908203125 450.30230712890625 
525
2 2021.5841064453125 166.30307006835938 2242.5869140625 449.3851318359375 
526
2 2021.7723388671875 166.06390380859375 2243.137451171875 449.5029296875 
527
2 2022.1204833984375 166.9863739013672 2243.02490234375 451.2774963378906 
528
2 2022.1749267578125 167.426025390625 2243.047119140625 452.151123046875 
529
2 2022.2066650390625 167.292236328125 2242.929931640625 452.1668701171875 
530
2 2022.30615234375 166.8861846923828 2243.0888671875 451.45538330078125 
531
2 2022.17578125 166.4198455810547 2243.359130859375 449.7064208984375 
532
2 2022.2132568359375 166.3179931640625 2243.140625 449.5480651855469 
533
2 2022.237548828125 166.34744262695312 2243.394775390625 449.692626953125 
534
2 2022.26806640625 166.09010314941406 2243.7412109375 449.9623718261719 
535
2 2022.0191650390625 165.8318634033203 2244.517822265625 450.291015625 
536
2 2022.4630126953125 165.96243286132812 2244.758544921875 450.8565368652344 
537
2 2022.5828857421875 165.99925231933594 2245.183837890625 451.0657958984375 
538
2 2022.617431640625 165.96035766601562 2245.588623046875 450.868896484375 
539
2 2022.8524169921875 165.98968505859375 2245.705322265625 450.9180908203125 
540
2 2022.74169921875 166.06939697265625 2245.519775390625 451.1036376953125 
541
2 2023.021728515625 166.35263061523438 2245.687744140625 451.2357177734375 
542
2 2023.43408203125 166.51162719726562 2245.704833984375 451.31402587890625 
543
2 2023.7811279296875 166.54978942871094 2245.64404296875 451.1856689453125 
544
2 2023.80322265625 166.53492736816406 2244.90283203125 451.1777648925781 
545
2 2023.7918701171875 166.60748291015625 2244.1748046875 451.1215515136719 
546
2 2023.672119140625 166.7655792236328 2243.16650390625 451.33172607421875 
547
2 2023.61669921875 167.1903076171875 2242.35009765625 451.8478088378906 
548
2 2023.5279541015625 168.12403869628906 2241.777099609375 452.5729064941406 
549
2 2023.884521484375 168.478515625 2240.849365234375 452.8686828613281 
550
2 2023.669189453125 168.7215118408203 2240.159912109375 453.3256530761719 
551
2 2023.2861328125 168.66390991210938 2239.5634765625 453.8085632324219 
552
2 2023.1064453125 168.6875457763672 2238.3359375 453.1035461425781 
553
2 2022.6441650390625 168.62078857421875 2237.540283203125 451.3289794921875 
554
2 2022.4686279296875 168.31137084960938 2236.544921875 450.9600524902344 
555
2 2022.70263671875 168.05584716796875 2235.900390625 450.3401184082031 
556
2 2022.88525390625 168.10836791992188 2234.303466796875 449.48095703125 
557
2 2022.385009765625 168.02780151367188 2233.572265625 448.8087158203125 
558
2 2022.75390625 167.64102172851562 2233.51220703125 448.2451477050781 
559
2 2021.239501953125 167.4888153076172 2232.54345703125 447.73907470703125 
560
2 2020.238037109375 167.0260009765625 2231.816650390625 447.25347900390625 
561
2 2021.9793701171875 166.8590850830078 2230.161376953125 447.38873291015625 
562
2 2021.126953125 166.67819213867188 2229.067138671875 448.045166015625 
563
2 2018.966064453125 165.9558563232422 2227.664306640625 447.95452880859375 
564
2 2015.892333984375 165.72476196289062 2225.951171875 447.872314453125 
565
2 2012.44921875 165.08349609375 2225.193359375 448.1866149902344 
566
2 1996.6895751953125 163.2441864013672 2223.171630859375 448.723876953125 
567
2 1996.3709716796875 162.64840698242188 2220.663818359375 448.88787841796875 
568
2 1999.738037109375 162.57052612304688 2218.04638671875 446.0318908691406 
569
2 1994.955078125 162.63772583007812 2215.6455078125 447.79168701171875 
570
2 1991.686767578125 159.9065399169922 2211.532470703125 452.5235595703125 
571
2 1992.374267578125 158.34938049316406 2208.55029296875 449.50653076171875 
572
2 1989.0537109375 158.83364868164062 2204.347900390625 450.24603271484375 
573
2 1988.0048828125 156.8156280517578 2199.17578125 448.4479675292969 
574
2 1993.3778076171875 154.45208740234375 2196.053466796875 445.5975646972656 
575
2 1996.0164794921875 153.86279296875 2192.118408203125 445.4952087402344 
576
2 1997.4764404296875 153.64601135253906 2187.439453125 447.002197265625 
577
2 1983.388671875 150.8067626953125 2182.33154296875 448.6981201171875 
578
2 1983.4189453125 149.61154174804688 2177.511474609375 445.38873291015625 
579
2 1979.955810546875 147.20120239257812 2171.998046875 444.01318359375 
580
2 1974.7379150390625 146.67449951171875 2165.65771484375 445.10430908203125 
581
2 1973.6865234375 143.63226318359375 2160.624755859375 443.53350830078125 
582
2 1979.7669677734375 142.5172119140625 2154.587890625 443.3053894042969 
583
2 1980.719970703125 141.33047485351562 2149.345947265625 442.66705322265625 
584
2 1961.9188232421875 139.05621337890625 2144.168701171875 444.9864501953125 
585
2 1959.9168701171875 138.86341857910156 2138.039306640625 446.96484375 
586
2 1955.6845703125 137.6737060546875 2130.74951171875 448.0309753417969 
587
2 1953.375732421875 136.12924194335938 2123.554931640625 444.2638244628906 
588
2 1955.37744140625 135.03750610351562 2117.130859375 444.0162353515625 
589
2 1928.849365234375 135.04367065429688 2109.9404296875 446.07769775390625 
590
2 1920.1246337890625 134.10308837890625 2101.9736328125 440.4228820800781 
591
2 1904.482421875 134.03213500976562 2094.45556640625 435.2469787597656 
592
2 1888.614990234375 132.0125732421875 2086.45751953125 433.662109375 
593
2 1864.034912109375 131.2831573486328 2076.77734375 430.9723815917969 
594
2 1858.81787109375 131.06491088867188 2067.65673828125 430.9921569824219 
595
2 1839.139404296875 130.91934204101562 2056.980224609375 430.55609130859375 
596
2 1822.193603515625 129.91885375976562 2046.8887939453125 432.91619873046875 
597
2 1810.125732421875 130.49368286132812 2034.16015625 430.97393798828125 
598
2 1802.594482421875 127.65301513671875 2023.064697265625 430.81817626953125 
599
2 1793.101318359375 126.39132690429688 2008.8968505859375 432.58270263671875 
600
2 1789.4857177734375 127.05526733398438 1996.1663818359375 430.5630187988281 
601
2 1782.465087890625 122.80258178710938 1982.9908447265625 430.986328125 
602
2 1777.0147705078125 122.46022033691406 1972.646728515625 430.212158203125 
603
2 1769.318115234375 118.61610412597656 1960.763427734375 429.19769287109375 
604
2 1765.114501953125 117.85675048828125 1949.573974609375 428.4752197265625 
605
2 1758.85595703125 114.701171875 1937.2320556640625 425.25897216796875 
606
2 1750.58837890625 110.88186645507812 1925.5599365234375 425.7709655761719 
607
2 1744.928466796875 108.050048828125 1913.5037841796875 425.6716003417969 
608
2 1736.29052734375 106.40573120117188 1901.2884521484375 424.185791015625 
609
2 1720.707275390625 102.85455322265625 1888.7738037109375 420.8735656738281 
610
2 1705.1883544921875 102.81365966796875 1877.7899169921875 420.0360107421875 
611
2 1679.947509765625 100.48648071289062 1864.295654296875 420.2896423339844 
612
2 1651.4794921875 99.45164489746094 1852.6295166015625 419.3059387207031 
613
2 1623.42822265625 98.30075073242188 1840.099609375 420.7238464355469 
614
2 1590.3096923828125 98.68453979492188 1828.0294189453125 418.42535400390625 
615
2 1565.767578125 97.94200134277344 1814.12890625 417.8795471191406 
616
2 1543.591796875 98.00576782226562 1800.89111328125 417.1068420410156 
617
2 1547.867431640625 97.73724365234375 1785.519287109375 416.35211181640625 
618
2 1535.154296875 98.554931640625 1768.5531005859375 414.14556884765625 
619
2 1535.776123046875 98.69465637207031 1748.9625244140625 413.735595703125 
620
2 1501.0931396484375 98.17115783691406 1729.514404296875 413.3511962890625 
621
2 1485.1990966796875 97.45016479492188 1707.88427734375 411.6827697753906 
622
2 1475.4744873046875 96.01681518554688 1689.6455078125 413.24591064453125 
623
2 1466.763427734375 94.88433837890625 1676.5047607421875 412.520263671875 
624
2 1460.8719482421875 92.62138366699219 1663.15771484375 408.1663818359375 
625
2 1452.9569091796875 90.96080017089844 1647.1422119140625 404.5741271972656 
626
2 1444.049560546875 90.53884887695312 1626.6099853515625 402.11376953125 
627
2 1436.775146484375 87.68304443359375 1605.3038330078125 401.67333984375 
628
2 1422.206787109375 86.32449340820312 1582.6043701171875 403.03094482421875 
629
2 1411.596435546875 84.33488464355469 1554.8292236328125 405.5417175292969 
630
2 1398.05908203125 82.77297973632812 1535.452392578125 407.97003173828125 
631
2 1381.9605712890625 82.69708251953125 1519.342041015625 405.03607177734375 
632
2 1367.3287353515625 82.4432373046875 1503.192138671875 412.843505859375 
633
2 1351.7255859375 82.45556640625 1486.973388671875 412.407958984375 
634
2 1336.6915283203125 82.01425170898438 1469.42578125 412.7640380859375 
635
2 1310.333740234375 85.26800537109375 1452.081787109375 411.6227111816406 
636
2 1279.3109130859375 86.33409118652344 1435.6103515625 411.31976318359375 
637
2 1255.9549560546875 86.87759399414062 1425.0848388671875 408.617431640625 
3 0.11550045013427734 238.34915161132812 30.758224487304688 282.88201904296875 
638
2 1237.624267578125 89.16464233398438 1415.616455078125 409.19366455078125 
639
2 1222.0672607421875 90.99136352539062 1406.760009765625 409.2253112792969 
640
2 1207.38427734375 92.60452270507812 1398.2640380859375 410.1639404296875 
641
2 1195.8577880859375 93.68217468261719 1390.40966796875 416.977783203125 
642
2 1185.0333251953125 94.46762084960938 1379.98046875 420.80194091796875 
643
2 1176.4864501953125 94.37783813476562 1365.02490234375 421.1278076171875 
644
2 1158.2569580078125 94.58261108398438 1352.333984375 421.396728515625 
645
2 1141.5447998046875 93.67556762695312 1329.358154296875 422.7882385253906 
646
2 1122.015869140625 93.16067504882812 1306.8233642578125 421.65167236328125 
647
2 1107.8963623046875 93.58718872070312 1283.5230712890625 421.3427429199219 
648
2 1090.2701416015625 92.41885375976562 1254.3223876953125 419.8365173339844 
649
2 1070.892578125 91.61668395996094 1210.3377685546875 416.1645812988281 
650
2 1055.6773681640625 91.21595764160156 1197.2708740234375 411.99542236328125 
651
2 1036.3309326171875 90.53224182128906 1177.64306640625 420.47100830078125 
652
2 1020.342041015625 91.73731994628906 1164.866943359375 417.5889892578125 
653
2 1002.2542724609375 93.7457275390625 1157.2388916015625 422.55206298828125 
654
2 986.7422485351562 94.85911560058594 1148.171875 423.6373291015625 
655
2 955.3262939453125 98.66964721679688 1140.147216796875 423.4901123046875 
656
2 947.865234375 102.25486755371094 1132.384521484375 422.8536071777344 
657
2 925.2554931640625 104.131103515625 1125.158203125 424.3523254394531 
658
2 910.8853149414062 106.2445068359375 1117.34130859375 424.2425842285156 
659
2 883.5 109.52644348144531 1106.714599609375 427.7744445800781 
660
2 870.2695922851562 110.65283203125 1099.790771484375 429.9154357910156 
661
2 852.1539306640625 113.85621643066406 1084.41357421875 429.8411865234375 
662
2 831.5784301757812 114.91452026367188 1070.2310791015625 433.2071533203125 
663
2 813.6975708007812 114.92982482910156 1048.1929931640625 434.6800231933594 
664
2 793.7947387695312 116.62721252441406 1028.82470703125 432.5054626464844 
665
2 773.8787841796875 117.57321166992188 1005.8602294921875 435.189208984375 
666
2 758.0166625976562 117.77761840820312 975.8187866210938 441.3274230957031 
667
2 738.6834716796875 117.71795654296875 948.4609375 441.32281494140625 
668
2 717.5358276367188 119.03250122070312 916.5262451171875 440.6315002441406 
669
2 697.9776611328125 120.4842529296875 884.8057861328125 453.57574462890625 
670
2 681.470703125 122.42257690429688 859.3117065429688 460.6129455566406 
671
2 660.9000854492188 125.98126220703125 849.3411865234375 469.6203918457031 
672
2 642.0184326171875 129.2392120361328 841.4495239257812 474.1375427246094 
673
2 621.9549560546875 133.94281005859375 833.3304443359375 475.10357666015625 
674
2 600.2815551757812 138.71365356445312 823.8929443359375 477.8115234375 
675
2 579.833251953125 143.08892822265625 813.27734375 483.5548095703125 
676
2 560.0114135742188 149.6281280517578 805.6859741210938 483.6683349609375 
677
2 538.0860595703125 154.19058227539062 795.8463745117188 490.90521240234375 
678
2 519.0572509765625 159.29791259765625 786.1842041015625 497.3221435546875 
679
2 495.42498779296875 164.62469482421875 769.4310302734375 498.9013671875 
680
2 471.11956787109375 168.463134765625 752.042724609375 502.387451171875 
681
2 446.0764465332031 172.1326446533203 732.1968383789062 504.85467529296875 
682
2 423.58343505859375 176.78689575195312 704.506103515625 507.1893310546875 
683
2 398.66876220703125 181.783447265625 676.7256469726562 510.1566162109375 
684
2 374.92449951171875 184.72940063476562 649.3253173828125 512.91845703125 
685
2 354.160888671875 187.0260772705078 621.2882080078125 512.9652099609375 
686
2 332.1837463378906 189.70494079589844 592.9091186523438 516.2244262695312 
687
2 311.6265869140625 192.8948974609375 561.6851806640625 522.749755859375 
688
2 296.9227600097656 194.46888732910156 533.8031616210938 524.271728515625 
689
2 281.0545654296875 198.75930786132812 524.7905883789062 528.4542236328125 
690
2 264.79132080078125 201.87838745117188 518.5982055664062 528.67431640625 
691
2 247.55496215820312 207.06085205078125 512.3952026367188 532.4807739257812 
692
2 231.8267059326172 214.8662567138672 506.0831298828125 535.2225952148438 
693
2 215.1007080078125 218.66494750976562 497.9841613769531 536.7062377929688 
694
2 197.7779083251953 224.99874877929688 491.94873046875 540.637939453125 
695
2 183.99032592773438 229.51498413085938 486.5738220214844 545.552001953125 
696
2 169.968994140625 233.2557373046875 486.2618408203125 549.5166015625 
697
2 161.02549743652344 238.62384033203125 481.2789306640625 558.3206787109375 
698
2 151.27423095703125 244.85772705078125 481.37713623046875 564.3154907226562 
699
2 142.56393432617188 248.8663330078125 472.9554443359375 566.2941284179688 
700
2 130.49154663085938 252.956298828125 468.5858154296875 567.0142211914062 
701
2 119.8916015625 254.58438110351562 455.7349853515625 572.8224487304688 
702
2 106.37545776367188 256.5149230957031 442.77783203125 579.7628173828125 
703
2 94.41128540039062 261.81829833984375 425.55517578125 568.3389282226562 
704
2 84.28054809570312 264.10369873046875 402.2921142578125 567.3717651367188 
705
2 74.73910522460938 265.43994140625 383.947509765625 566.60400390625 
706
2 66.50645446777344 265.6208190917969 368.94635009765625 577.7761840820312 
707
2 57.82051086425781 268.84161376953125 353.0701904296875 577.445068359375 
708
1 51.945220947265625 266.39361572265625 335.4649353027344 604.6710815429688 
709
1 43.394134521484375 267.7874450683594 323.8713684082031 602.5735473632812 
710
1 37.3902587890625 272.7609558105469 323.50732421875 608.9539794921875 
711
1 26.068756103515625 275.91796875 321.58837890625 615.61328125 
712
1 13.073883056640625 279.8626708984375 322.01348876953125 619.2197265625 
713
1 1.777679443359375 284.4092102050781 320.34942626953125 624.5379638671875 
714
1 0.8545074462890625 289.0019226074219 319.82281494140625 626.2836303710938 
715
1 0.05682373046875 292.58782958984375 318.58380126953125 627.8180541992188 
716
1 0.072509765625 298.220703125 317.6851501464844 632.5283813476562 
717
1 0.23663330078125 303.6609191894531 314.822509765625 638.1182861328125 
718
1 0.178436279296875 310.35675048828125 313.26947021484375 640.828857421875 
719
1 0.108123779296875 314.34259033203125 309.11767578125 645.9628295898438 
720
1 0.0 314.598388671875 299.99560546875 644.3156127929688 
