0
1
2
3
4
3 2181.678955078125 1.2198371887207031 2221.371826171875 54.23020935058594 
3 34.769248962402344 96.19747924804688 72.45210266113281 130.8734588623047 
5
3 36.258583068847656 89.55095672607422 72.63258361816406 132.2625274658203 
3 2182.38720703125 0.8658828735351562 2225.691650390625 54.06336975097656 
6
7
3 2184.904541015625 0.33521270751953125 2223.299560546875 55.206634521484375 
8
9
10
3 47.686981201171875 81.29234313964844 85.18266296386719 131.33633422851562 
3 2196.70849609375 0.44573974609375 2237.6728515625 55.09971618652344 
11
12
3 51.96721649169922 80.16969299316406 91.46548461914062 130.13116455078125 
13
3 56.374595642089844 78.65158081054688 93.91609191894531 127.23625183105469 
14
15
3 2206.96484375 0.23063278198242188 2253.05810546875 54.35877990722656 
16
17
18
19
20
3 66.05221557617188 76.07469940185547 103.13953399658203 120.37358093261719 
21
3 66.2879409790039 76.21871948242188 103.41423797607422 119.50364685058594 
22
3 67.20134735107422 76.57003021240234 103.2674560546875 119.37881469726562 
23
3 66.6498031616211 76.47856140136719 102.9969711303711 119.48944091796875 
24
3 65.55463409423828 76.34873962402344 102.81893157958984 119.71609497070312 
25
26
27
28
29
30
31
32
3 64.73905181884766 76.3450927734375 102.70610046386719 120.20773315429688 
33
3 64.29542541503906 76.99607849121094 102.0971908569336 120.85032653808594 
34
35
36
37
3 2204.161865234375 0.0 2250.406005859375 54.23927307128906 
38
3 2203.569580078125 0.0 2252.157958984375 53.93567657470703 
39
40
41
42
3 63.82658767700195 76.45562744140625 102.9847412109375 121.09739685058594 
43
44
3 2216.282470703125 1.0041122436523438 2256.841552734375 58.64414978027344 
45
3 2220.037109375 1.2256393432617188 2257.197509765625 60.61016845703125 
46
3 2222.86865234375 2.3239364624023438 2263.8359375 59.57970428466797 
47
48
49
3 87.42535400390625 69.3741226196289 130.7729034423828 121.43687438964844 
3 2235.92236328125 4.1998443603515625 2275.736328125 63.46826934814453 
50
3 2239.629638671875 4.430835723876953 2279.514892578125 63.221824645996094 
51
3 2244.345703125 3.7406539916992188 2285.740478515625 65.26080322265625 
52
3 2249.132080078125 4.474891662597656 2288.1455078125 64.91419982910156 
53
3 2254.73681640625 7.575611114501953 2296.789306640625 66.18865966796875 
54
3 2263.366455078125 3.0380401611328125 2310.71142578125 66.35486602783203 
55
3 2271.570068359375 3.3284683227539062 2316.685791015625 67.38834381103516 
3 120.5311508178711 57.647369384765625 186.58070373535156 116.85195922851562 
56
3 2277.084228515625 1.5855255126953125 2324.918701171875 68.05126190185547 
57
3 2291.966796875 3.147052764892578 2336.656494140625 72.01661682128906 
58
3 2301.66455078125 8.773872375488281 2353.64794921875 73.81956481933594 
59
3 2308.46826171875 7.506797790527344 2368.189453125 74.70904541015625 
60
61
3 2333.379638671875 13.028865814208984 2391.828125 83.47531127929688 
62
3 2343.764404296875 15.045310974121094 2400.516845703125 86.79087829589844 
63
64
65
66
67
68
69
70
71
72
73
74
75
76
77
78
79
80
81
82
83
84
85
86
87
88
89
90
91
92
93
94
95
96
97
98
99
100
101
102
103
104
105
106
107
108
109
110
111
112
113
114
115
116
117
118
119
120
121
122
123
124
125
3 2132.568359375 0.7979660034179688 2176.39599609375 27.37830352783203 
3 2187.962890625 4.222930908203125 2231.52490234375 46.97074890136719 
126
3 2160.64453125 0.0 2203.62744140625 33.016136169433594 
3 2216.568603515625 7.438159942626953 2256.633056640625 52.036102294921875 
127
3 2188.359130859375 0.6154403686523438 2233.990966796875 36.00093078613281 
3 2248.80126953125 22.096847534179688 2287.105712890625 59.846649169921875 
128
3 2219.05517578125 7.235069274902344 2262.032470703125 42.72697448730469 
3 2277.66845703125 24.710750579833984 2315.7470703125 67.0389175415039 
129
3 2306.705078125 27.59716033935547 2342.470703125 73.21075439453125 
3 2246.925537109375 13.847721099853516 2291.56103515625 52.44366455078125 
130
3 2330.878662109375 38.00962829589844 2370.913330078125 81.12945556640625 
3 2275.44873046875 18.355457305908203 2319.410888671875 59.408546447753906 
131
3 2360.459716796875 39.98506164550781 2399.50146484375 86.47892761230469 
3 2302.346435546875 25.935897827148438 2354.274658203125 65.72985076904297 
132
3 2388.4794921875 50.701995849609375 2423.940185546875 92.84017944335938 
3 2329.69775390625 30.72760009765625 2377.51904296875 72.4777603149414 
133
3 2415.923583984375 58.08341979980469 2453.834228515625 102.37672424316406 
3 2358.11279296875 37.806610107421875 2404.307373046875 77.69525146484375 
3 2357.181884765625 37.98149871826172 2406.61279296875 86.21430969238281 
134
3 2446.443359375 62.07170104980469 2483.045654296875 110.60173034667969 
3 2391.568359375 47.38409423828125 2436.27685546875 89.58877563476562 
135
3 2473.733642578125 72.4630126953125 2510.56591796875 118.40106201171875 
3 2418.859375 53.139678955078125 2463.57958984375 94.61865234375 
136
3 2448.935791015625 63.03130340576172 2492.531982421875 101.54583740234375 
137
3 2478.800048828125 71.88650512695312 2519.893310546875 110.63174438476562 
138
139
140
141
142
3 1282.8602294921875 23.657470703125 1311.8282470703125 79.9123764038086 
143
3 2331.333251953125 27.298614501953125 2356.05029296875 55.769813537597656 
144
145
146
3 2408.4345703125 45.743797302246094 2436.84375 92.29206848144531 
3 2513.971435546875 88.11424255371094 2559.11083984375 180.20291137695312 
147
148
149
150
151
152
153
154
3 1615.605224609375 38.59294128417969 1641.0631103515625 96.68489074707031 
155
156
3 1737.1729736328125 11.395965576171875 1771.059814453125 124.22821044921875 
157
158
3 1792.2376708984375 11.413414001464844 1832.73193359375 124.4697265625 
159
3 1820.5218505859375 17.095829010009766 1863.114501953125 129.39247131347656 
160
3 0.45462799072265625 333.7213134765625 119.059814453125 552.9210815429688 
3 1847.26953125 18.743106842041016 1893.4176025390625 130.51390075683594 
161
3 0.0 295.1502990722656 143.90646362304688 537.0774536132812 
162
3 9.891372680664062 284.99151611328125 169.96621704101562 531.672607421875 
163
3 38.06058883666992 274.1931457519531 187.6763916015625 522.6112670898438 
164
3 66.12411499023438 265.6427307128906 211.20367431640625 513.0074462890625 
165
3 93.89097595214844 255.03799438476562 244.0960235595703 503.4080810546875 
166
3 121.90482330322266 245.58184814453125 265.1064453125 492.3155517578125 
167
3 150.96160888671875 236.83200073242188 294.5281982421875 481.4075927734375 
3 2018.207275390625 48.717735290527344 2087.2802734375 160.6617889404297 
168
3 179.5892333984375 226.4691162109375 322.18280029296875 475.8879089355469 
169
3 211.21041870117188 217.62603759765625 348.9563293457031 473.29095458984375 
3 210.01126098632812 218.5191650390625 348.7693786621094 472.1810302734375 
170
3 239.87924194335938 210.59486389160156 374.3688659667969 453.15887451171875 
171
3 270.728515625 204.82838439941406 399.2203369140625 455.2232971191406 
3 270.669921875 203.7564239501953 400.3299560546875 454.68023681640625 
172
3 300.46661376953125 196.78646850585938 426.8636779785156 446.8798522949219 
3 2160.033447265625 79.35845184326172 2230.264404296875 184.20562744140625 
173
3 331.75164794921875 190.8045196533203 454.6263122558594 444.302001953125 
174
3 361.714111328125 183.2136993408203 483.2008361816406 436.5277099609375 
175
3 390.6103515625 178.40118408203125 509.409423828125 430.43798828125 
3 391.439453125 179.04586791992188 509.5812072753906 429.3598327636719 
3 2258.337646484375 97.55241394042969 2319.291015625 194.35409545898438 
176
3 420.2752685546875 171.80841064453125 537.1589965820312 421.4708251953125 
177
3 450.8202209472656 167.1572265625 565.3345947265625 413.392333984375 
3 2320.2783203125 113.03407287597656 2378.220458984375 217.08169555664062 
178
3 481.0666809082031 162.5960693359375 600.5139770507812 407.32647705078125 
179
2 511.240478515625 157.265625 621.804443359375 396.48333740234375 
180
2 542.4664916992188 151.19622802734375 652.100830078125 390.7651062011719 
181
2 573.1748657226562 147.0975799560547 678.1071166992188 385.79534912109375 
182
2 602.8402099609375 142.3890838623047 711.888671875 387.837158203125 
3 2473.232177734375 163.3785858154297 2527.242919921875 257.8784484863281 
183
2 632.0927734375 138.8702392578125 737.978515625 382.0237121582031 
2 632.0304565429688 138.58123779296875 737.4253540039062 382.84051513671875 
184
2 661.271728515625 134.86033630371094 763.1676025390625 376.7054138183594 
3 2524.95556640625 176.7364044189453 2559.054931640625 256.7243957519531 
185
2 689.3505859375 131.08706665039062 802.86865234375 372.1249694824219 
186
2 717.7199096679688 127.16178894042969 823.5518798828125 364.66253662109375 
187
2 744.1310424804688 124.67800903320312 860.2322387695312 368.43377685546875 
188
2 768.9550170898438 123.19229125976562 879.8477783203125 364.26995849609375 
189
2 795.3894653320312 119.1422119140625 905.4639282226562 363.5892333984375 
190
2 817.3143310546875 118.92315673828125 933.1991577148438 358.9892578125 
191
2 840.5023803710938 119.34359741210938 977.1405029296875 358.563232421875 
192
2 861.7200317382812 115.56695556640625 991.5115966796875 354.7937927246094 
193
2 884.614013671875 115.20458984375 1004.8602294921875 357.8126220703125 
194
2 908.5032958984375 114.53579711914062 1037.302490234375 353.4024353027344 
195
2 931.7481079101562 115.03042602539062 1068.7755126953125 357.17315673828125 
196
2 954.9598388671875 114.60745239257812 1097.964111328125 360.81280517578125 
197
2 981.3214721679688 114.09275817871094 1120.2657470703125 362.1655578613281 
198
2 1002.5383911132812 114.22946166992188 1145.03759765625 357.917236328125 
199
2 1023.33154296875 115.46479797363281 1174.695068359375 366.5054931640625 
200
2 1037.7071533203125 117.45025634765625 1181.3736572265625 372.62420654296875 
201
2 1048.38134765625 117.436279296875 1201.8968505859375 373.13525390625 
202
2 1031.1866455078125 118.12823486328125 1214.1412353515625 393.5562744140625 
203
2 1065.1329345703125 116.54998779296875 1225.1063232421875 372.3634948730469 
204
2 1078.473876953125 114.65631103515625 1231.52978515625 368.17254638671875 
205
2 1092.575927734375 113.6593017578125 1265.48974609375 368.7122802734375 
206
2 1104.79833984375 110.56773376464844 1283.0791015625 367.83819580078125 
207
2 1122.0078125 109.1119384765625 1270.46728515625 368.57080078125 
208
2 1138.2059326171875 105.293212890625 1285.0679931640625 366.56402587890625 
209
2 1153.0408935546875 105.19915771484375 1297.7869873046875 365.6638488769531 
210
2 1169.1529541015625 102.5462646484375 1310.184326171875 366.2561950683594 
2 1169.1820068359375 102.72561645507812 1278.56103515625 363.6002197265625 
211
2 1186.2108154296875 101.61007690429688 1313.21435546875 364.5982360839844 
212
2 1197.432861328125 102.81625366210938 1290.2864990234375 365.2679138183594 
2 1197.5013427734375 102.70210266113281 1318.6123046875 366.4638671875 
213
2 1205.661865234375 105.03622436523438 1293.1680908203125 370.5980224609375 
2 1205.2100830078125 104.9959716796875 1325.0477294921875 372.0517272949219 
214
2 1213.2415771484375 105.73028564453125 1304.318359375 382.31341552734375 
215
2 1221.5059814453125 104.07084655761719 1310.2548828125 388.9054870605469 
216
2 1227.9063720703125 108.60226440429688 1325.6995849609375 384.2285461425781 
217
2 1230.76611328125 106.22735595703125 1353.214111328125 389.41424560546875 
2 1231.8555908203125 104.78385925292969 1353.614501953125 385.1347961425781 
218
2 1230.4949951171875 103.83345031738281 1358.2308349609375 383.2828369140625 
2 1194.7025146484375 103.58570861816406 1360.230712890625 407.61907958984375 
219
2 1218.733154296875 103.95884704589844 1380.25634765625 400.001220703125 
220
2 1217.780517578125 106.39205932617188 1378.296630859375 410.8331604003906 
221
2 1220.60400390625 109.38333129882812 1396.27392578125 399.0299987792969 
222
2 1233.9940185546875 111.0443115234375 1402.2828369140625 398.8123779296875 
223
2 1238.7677001953125 114.29791259765625 1409.6361083984375 406.1578369140625 
224
2 1243.4439697265625 114.51922607421875 1424.1326904296875 404.3072814941406 
225
2 1246.1767578125 114.71174621582031 1434.879150390625 399.7764892578125 
226
2 1252.124755859375 116.66703796386719 1445.876708984375 407.3800964355469 
227
2 1264.0843505859375 117.10403442382812 1462.4222412109375 407.61920166015625 
228
2 1275.98388671875 116.4241943359375 1471.9935302734375 407.4734191894531 
229
2 1288.47998046875 115.6641845703125 1481.85595703125 406.29107666015625 
230
2 1301.7225341796875 114.42205810546875 1490.212646484375 404.07354736328125 
231
2 1316.03125 115.20089721679688 1491.219970703125 402.4734802246094 
232
2 1324.406494140625 111.74308776855469 1500.974853515625 403.2920227050781 
233
2 1337.3370361328125 110.56425476074219 1512.70556640625 401.4857177734375 
234
2 1348.38427734375 109.48751831054688 1518.4442138671875 402.72674560546875 
235
2 1354.1807861328125 107.13214111328125 1538.142822265625 401.6180419921875 
236
2 1361.5521240234375 107.23013305664062 1552.901123046875 399.60858154296875 
237
2 1369.5130615234375 106.29887390136719 1560.6580810546875 396.79730224609375 
238
2 1374.419189453125 105.6162109375 1578.298583984375 395.6033630371094 
239
2 1382.7593994140625 106.70123291015625 1591.6470947265625 394.88299560546875 
240
2 1385.8878173828125 106.69464111328125 1604.9302978515625 395.3196105957031 
2 1385.8052978515625 106.70513916015625 1535.43603515625 394.109619140625 
241
2 1389.683349609375 108.90377807617188 1615.9559326171875 392.74615478515625 
242
2 1397.166259765625 110.80804443359375 1630.0625 393.650634765625 
243
2 1402.2379150390625 110.00544738769531 1636.9691162109375 394.0619812011719 
244
2 1412.9210205078125 110.8133544921875 1554.139404296875 394.701416015625 
2 1413.5174560546875 110.91253662109375 1644.135009765625 395.0826416015625 
245
2 1419.54296875 111.89468383789062 1655.06689453125 394.481201171875 
246
2 1429.8399658203125 111.49382019042969 1656.512939453125 392.679443359375 
247
2 1436.946044921875 111.48483276367188 1661.784423828125 390.677978515625 
3 0.0 94.12367248535156 12.689002990722656 154.6937713623047 
248
2 1444.885009765625 108.43011474609375 1662.5826416015625 385.886474609375 
3 0.0739898681640625 91.01570129394531 16.789140701293945 151.26327514648438 
249
2 1452.70458984375 106.92279052734375 1657.2427978515625 386.76348876953125 
3 0.0 87.33416748046875 21.022842407226562 148.39901733398438 
250
3 0.0 74.60232543945312 27.284759521484375 143.35275268554688 
2 1460.447265625 102.33306884765625 1656.41796875 377.2115478515625 
251
2 1463.617919921875 102.5416259765625 1646.877685546875 384.452392578125 
3 0.1130685806274414 70.04866027832031 33.40785217285156 140.43064880371094 
252
2 1478.1480712890625 104.55726623535156 1634.7486572265625 380.60784912109375 
3 1.9601373672485352 66.79309844970703 40.47917175292969 136.20118713378906 
253
2 1485.1202392578125 101.13079833984375 1632.4725341796875 382.17364501953125 
3 9.766855239868164 64.13346099853516 49.255836486816406 134.89315795898438 
254
2 1496.2786865234375 99.1053466796875 1642.0404052734375 384.63165283203125 
3 18.353778839111328 62.27244567871094 56.81010818481445 131.6407012939453 
255
2 1502.889892578125 98.56431579589844 1649.7303466796875 381.4818115234375 
3 25.216453552246094 61.10211944580078 64.61123657226562 130.56199645996094 
256
2 1508.3648681640625 98.3851318359375 1657.2615966796875 384.8533935546875 
3 31.009496688842773 58.43281555175781 71.23816680908203 129.18328857421875 
257
2 1513.7254638671875 98.24180603027344 1663.0872802734375 384.0038146972656 
3 38.66080856323242 58.22589874267578 80.44223022460938 127.81407165527344 
258
2 1523.1290283203125 98.02751159667969 1669.3133544921875 382.32391357421875 
3 42.489112854003906 56.400421142578125 85.9134292602539 127.25851440429688 
259
2 1525.7276611328125 94.724609375 1673.49560546875 378.92333984375 
3 47.10438919067383 55.031166076660156 91.21929168701172 121.23709106445312 
260
2 1527.833251953125 92.54415893554688 1680.5279541015625 371.5689392089844 
3 50.888153076171875 53.97564697265625 96.39141845703125 122.28330993652344 
261
2 1524.5474853515625 88.78692626953125 1679.4384765625 367.62060546875 
3 55.74713897705078 52.79261779785156 101.34222412109375 121.78717041015625 
262
2 1518.3699951171875 85.38848876953125 1681.7567138671875 361.0971984863281 
3 57.1426887512207 51.84614562988281 104.14391326904297 119.6365966796875 
263
2 1519.27587890625 83.3521728515625 1680.116943359375 359.212890625 
3 59.4604377746582 54.2391357421875 106.72847747802734 121.515625 
264
2 1513.1837158203125 85.30392456054688 1681.763916015625 353.7587585449219 
3 60.55733108520508 56.68682861328125 108.01848602294922 124.56343078613281 
265
2 1503.3544921875 89.20504760742188 1689.0362548828125 357.66485595703125 
3 61.532405853271484 60.624725341796875 108.55766296386719 129.66712951660156 
266
2 1497.9708251953125 95.33599853515625 1702.8067626953125 364.9500732421875 
3 61.055274963378906 65.3653564453125 107.09317779541016 131.898193359375 
267
2 1495.057861328125 97.92240905761719 1711.1640625 370.2087097167969 
3 60.91303253173828 66.15950012207031 106.43360900878906 134.69761657714844 
268
2 1482.89404296875 99.83026123046875 1716.703857421875 360.439697265625 
3 60.514747619628906 69.52529907226562 104.10179138183594 139.636474609375 
269
2 1475.3037109375 102.3292236328125 1715.783935546875 368.7044982910156 
3 59.2005500793457 74.0655517578125 102.4929428100586 144.45724487304688 
270
2 1463.1363525390625 103.5201416015625 1670.0009765625 363.11749267578125 
3 55.560523986816406 77.63915252685547 98.17259216308594 148.1695556640625 
271
2 1453.913330078125 103.37232971191406 1632.20458984375 367.08123779296875 
3 51.84269332885742 82.94097900390625 93.44993591308594 152.15597534179688 
272
2 1443.9215087890625 104.76620483398438 1696.56494140625 368.2093505859375 
3 45.977783203125 85.91256713867188 86.78884887695312 155.96775817871094 
273
3 36.98005294799805 88.1349105834961 80.19816589355469 157.4510955810547 
2 1434.63525390625 102.26193237304688 1679.2816162109375 368.39691162109375 
274
3 33.370609283447266 86.74637603759766 72.86691284179688 156.69091796875 
2 1424.3294677734375 101.93954467773438 1665.3408203125 369.46197509765625 
2 1424.4776611328125 102.3109130859375 1597.622802734375 368.3417053222656 
2 1424.0570068359375 101.3985595703125 1644.353759765625 368.64337158203125 
275
3 26.00438117980957 85.55368041992188 67.50004577636719 156.6630859375 
2 1416.64111328125 98.94427490234375 1656.0755615234375 367.9479675292969 
276
2 1413.3245849609375 90.68438720703125 1592.4942626953125 356.887451171875 
3 23.413223266601562 82.42518615722656 62.53084945678711 152.9430389404297 
277
3 16.11513900756836 81.44971466064453 57.60940933227539 152.80767822265625 
2 1400.7158203125 85.71469116210938 1619.91455078125 385.1640930175781 
278
3 12.79193115234375 86.83897399902344 54.32929992675781 160.67459106445312 
2 1389.6026611328125 92.7996826171875 1565.513671875 391.5765686035156 
279
2 1381.6678466796875 92.39443969726562 1589.1588134765625 395.17724609375 
3 9.591337203979492 89.88389587402344 50.678924560546875 163.4307403564453 
280
2 1378.818359375 88.89067077636719 1567.4849853515625 381.40960693359375 
3 4.144287109375 89.54319763183594 45.62602996826172 163.16342163085938 
281
2 1370.400634765625 89.47357177734375 1542.6131591796875 377.85296630859375 
3 0.1408233642578125 90.0916748046875 38.761573791503906 163.2650909423828 
282
2 1358.9400634765625 85.55960083007812 1528.89111328125 377.6757507324219 
3 0.0 91.70233917236328 31.8275203704834 165.14923095703125 
283
2 1344.4774169921875 85.70944213867188 1509.31298828125 387.0401306152344 
3 0.0 97.49386596679688 24.036685943603516 165.93936157226562 
284
2 1338.1094970703125 82.78509521484375 1505.10888671875 380.25048828125 
3 0.0 99.08445739746094 16.437538146972656 167.4582977294922 
285
2 1352.557861328125 80.6068115234375 1487.0426025390625 340.880126953125 
2 1341.318603515625 78.67584228515625 1487.4166259765625 350.2113037109375 
286
2 1318.442138671875 78.31597900390625 1470.53759765625 370.88385009765625 
2 1350.54443359375 78.97503662109375 1467.4034423828125 340.3726806640625 
287
2 1331.1419677734375 75.16270446777344 1448.1912841796875 331.68115234375 
2 1307.625 74.14004516601562 1448.348388671875 360.7135925292969 
288
2 1323.4329833984375 73.08546447753906 1449.060546875 325.84710693359375 
289
2 1314.525390625 73.1819839477539 1444.0064697265625 321.51153564453125 
2 1314.8905029296875 73.219482421875 1437.2589111328125 321.7351379394531 
290
2 1303.3148193359375 72.21035766601562 1433.419189453125 315.39044189453125 
291
2 1291.0013427734375 71.5023193359375 1421.029296875 319.0309753417969 
292
2 1277.62841796875 70.09445190429688 1397.29052734375 318.0086669921875 
293
2 1266.22119140625 68.51939392089844 1395.302001953125 315.9950866699219 
2 1266.109375 69.61367797851562 1346.665283203125 315.4963073730469 
294
2 1253.1695556640625 68.82685852050781 1336.72509765625 314.81109619140625 
295
2 1239.877685546875 66.03826904296875 1353.5440673828125 314.6289367675781 
2 1240.0782470703125 65.8215560913086 1361.9794921875 314.3955993652344 
2 1239.3470458984375 66.98519897460938 1319.93212890625 314.1449279785156 
296
2 1225.4136962890625 66.82797241210938 1305.9002685546875 311.2840576171875 
297
2 1212.899658203125 66.05953216552734 1315.73974609375 310.23052978515625 
298
2 1198.5032958984375 64.864990234375 1298.0042724609375 309.11859130859375 
2 1198.59228515625 64.98583984375 1298.061767578125 309.8406982421875 
299
2 1185.1748046875 66.56230926513672 1285.51220703125 311.3595275878906 
300
2 1172.0087890625 64.66210174560547 1295.0968017578125 309.67083740234375 
2 1171.168701171875 64.46011352539062 1295.5162353515625 310.4059753417969 
2 1171.0992431640625 65.92010498046875 1246.622314453125 309.4936218261719 
301
2 1156.8631591796875 66.5150146484375 1234.6065673828125 309.2702941894531 
302
2 1146.99169921875 66.65914916992188 1250.03466796875 308.79541015625 
303
2 1131.2291259765625 64.73786926269531 1223.7579345703125 308.27606201171875 
2 1132.169189453125 64.943359375 1239.0640869140625 308.2248840332031 
304
2 1122.76171875 65.02828216552734 1224.8658447265625 306.0622253417969 
305
2 1113.4622802734375 67.24844360351562 1213.072265625 308.17803955078125 
306
2 1100.20947265625 65.08157348632812 1202.5006103515625 305.1349792480469 
2 1101.35693359375 64.84612274169922 1201.939453125 305.5723876953125 
307
2 1093.658203125 65.33592987060547 1188.9427490234375 306.3843688964844 
308
2 1083.677490234375 62.427154541015625 1181.2640380859375 301.726318359375 
309
2 1073.1680908203125 61.680450439453125 1170.4395751953125 302.6436462402344 
310
2 1064.5068359375 62.399574279785156 1161.2860107421875 297.6336669921875 
311
2 1056.4097900390625 62.77471160888672 1155.0855712890625 302.8146667480469 
312
2 1049.4239501953125 61.63146209716797 1149.4927978515625 298.21685791015625 
313
2 1043.649169921875 60.82879638671875 1143.7130126953125 299.2021484375 
314
2 1039.333984375 61.499603271484375 1135.7159423828125 296.39501953125 
315
2 1035.2125244140625 58.98980712890625 1132.6146240234375 279.3128967285156 
316
2 1031.619384765625 59.39442443847656 1132.4873046875 279.06439208984375 
317
2 1027.7386474609375 59.069374084472656 1129.3785400390625 276.630126953125 
318
2 1024.161865234375 59.08618927001953 1123.0875244140625 276.4739074707031 
319
2 1023.4305419921875 58.06005859375 1121.056396484375 279.6043701171875 
320
2 1021.2760620117188 57.740074157714844 1120.1644287109375 281.0469665527344 
321
2 1020.921875 57.31956481933594 1119.06591796875 276.86981201171875 
322
2 1019.5441284179688 57.78954315185547 1121.5184326171875 280.92742919921875 
323
2 1018.198486328125 57.925933837890625 1120.450439453125 276.9776306152344 
324
2 1014.037109375 58.18309020996094 1119.5372314453125 275.9925842285156 
325
2 1013.47412109375 58.00957489013672 1117.1351318359375 274.8253173828125 
326
2 1012.9527587890625 58.357444763183594 1118.338623046875 274.07305908203125 
327
2 1011.620849609375 57.850372314453125 1113.7935791015625 272.468994140625 
328
2 1015.3239135742188 57.89823913574219 1113.947998046875 271.341796875 
329
3 1015.866455078125 57.93682861328125 1114.4085693359375 268.39385986328125 
330
3 1019.6530151367188 58.123321533203125 1115.7171630859375 267.99578857421875 
331
3 1019.4031372070312 58.22936248779297 1117.4027099609375 266.95721435546875 
332
3 1017.873779296875 58.002357482910156 1117.2474365234375 266.1841735839844 
333
3 1016.7322998046875 58.57066345214844 1116.97216796875 266.673095703125 
334
3 1016.0139770507812 58.094970703125 1116.8509521484375 270.11566162109375 
335
3 1016.0678100585938 58.836639404296875 1117.5765380859375 268.5804748535156 
336
3 1015.847900390625 58.10338592529297 1120.75439453125 267.1199951171875 
337
3 1016.6006469726562 58.81885528564453 1121.6192626953125 265.17669677734375 
338
3 1017.14501953125 58.613494873046875 1120.552490234375 265.1111145019531 
339
3 1016.6433715820312 58.46929168701172 1119.0341796875 258.86749267578125 
340
3 1014.1385498046875 58.296119689941406 1116.9945068359375 260.1932373046875 
341
3 1011.3983154296875 58.049110412597656 1115.549072265625 260.754638671875 
342
3 1010.7476806640625 57.895225524902344 1113.9459228515625 263.0301208496094 
343
3 1009.127197265625 57.80903625488281 1113.48583984375 262.4073791503906 
344
3 1006.1698608398438 57.64989471435547 1114.019775390625 261.4126281738281 
345
3 1006.02392578125 58.123374938964844 1114.24853515625 260.50701904296875 
346
3 1005.7525634765625 57.69908142089844 1113.3428955078125 257.1679382324219 
347
3 1005.8030395507812 57.81365966796875 1113.2376708984375 259.7406005859375 
348
3 1006.132080078125 55.011680603027344 1112.3060302734375 257.15081787109375 
349
3 1006.0448608398438 54.71449279785156 1113.77001953125 255.1058349609375 
350
3 1004.59619140625 57.25639343261719 1112.0546875 256.43743896484375 
351
3 1004.922119140625 56.684288024902344 1112.902099609375 252.9384765625 
352
3 1005.5120849609375 58.007164001464844 1113.756591796875 252.58489990234375 
353
3 1005.462158203125 57.99749755859375 1113.16064453125 248.04058837890625 
354
3 1004.8557739257812 57.764556884765625 1112.2998046875 253.11471557617188 
355
3 1002.3724365234375 57.8497314453125 1108.8255615234375 253.33035278320312 
356
3 1000.0894165039062 58.045074462890625 1106.03125 254.02090454101562 
357
3 997.5315551757812 58.310585021972656 1102.4429931640625 253.6627197265625 
358
3 993.39892578125 58.4273681640625 1099.0858154296875 254.6854248046875 
359
3 989.9921875 58.48072814941406 1097.54248046875 253.59979248046875 
360
3 988.3906860351562 58.61598205566406 1091.1497802734375 254.2958984375 
361
3 985.87060546875 58.4935302734375 1090.7158203125 253.70571899414062 
362
3 980.2643432617188 61.984649658203125 1085.302734375 256.0621337890625 
363
3 976.9661254882812 66.79900360107422 1081.62255859375 263.390869140625 
364
3 973.4384765625 71.1294174194336 1074.5894775390625 266.5482177734375 
365
3 969.4940185546875 76.79281616210938 1072.2921142578125 268.85443115234375 
366
3 965.7152709960938 82.15191650390625 1067.818115234375 270.8565979003906 
367
2 961.5450439453125 85.45877838134766 1064.69775390625 276.0789794921875 
368
2 956.7675170898438 86.947509765625 1061.5386962890625 280.1509094238281 
369
2 950.2140502929688 86.01435089111328 1056.9290771484375 274.925537109375 
370
2 945.214111328125 86.91548156738281 1050.44482421875 285.30059814453125 
2 945.2159423828125 88.5218734741211 1048.8775634765625 285.55633544921875 
371
2 937.1546020507812 86.40238952636719 1042.2664794921875 275.0826416015625 
372
2 926.4048461914062 86.78814697265625 1032.067138671875 276.8298645019531 
373
2 916.3897705078125 83.18429565429688 1021.3314819335938 272.1472473144531 
374
3 906.7293701171875 80.03718566894531 1010.0215454101562 270.44781494140625 
375
3 897.1849365234375 77.19660186767578 1002.5442504882812 268.4103698730469 
376
3 887.08056640625 72.67451477050781 993.2803344726562 267.5135498046875 
377
3 877.2193603515625 73.20386505126953 984.5249633789062 269.8490905761719 
378
3 869.505126953125 72.85309600830078 973.3973999023438 269.28436279296875 
379
3 858.39111328125 73.40396881103516 964.9840087890625 268.2162780761719 
380
3 848.9915771484375 73.38107299804688 954.3595581054688 268.0157165527344 
381
3 838.0750732421875 74.07576751708984 941.068115234375 267.58349609375 
382
3 825.1419677734375 77.1524658203125 930.52734375 268.6984558105469 
383
2 813.2211303710938 76.89645385742188 917.2243041992188 272.2745361328125 
384
3 801.6755981445312 79.53606414794922 905.8097534179688 269.05413818359375 
385
2 788.5350952148438 81.84423828125 891.9700927734375 273.1912536621094 
386
2 774.0056762695312 81.82920837402344 878.5548095703125 274.8900146484375 
387
2 760.7166137695312 85.31282806396484 866.6113891601562 277.13226318359375 
388
2 749.3118286132812 85.31446838378906 856.4953002929688 282.2506103515625 
389
2 734.6463623046875 86.90213775634766 842.0946044921875 281.6968688964844 
390
2 721.3883056640625 90.56932067871094 831.4346923828125 287.0022888183594 
391
2 709.0358276367188 90.53620910644531 815.6650390625 287.64459228515625 
392
2 694.3455810546875 90.11431884765625 804.0391845703125 287.30926513671875 
393
2 681.2719116210938 89.95905303955078 788.9783935546875 285.9952392578125 
394
2 665.5836791992188 89.08761596679688 776.5680541992188 291.3799743652344 
395
2 651.5870971679688 90.12088775634766 762.3959350585938 284.5890808105469 
396
2 636.7457885742188 93.24020385742188 743.7047729492188 290.5901184082031 
397
2 621.6627807617188 94.13638305664062 733.1925659179688 292.11016845703125 
398
2 605.9750366210938 96.6898193359375 717.2468872070312 296.5448303222656 
399
2 591.5016479492188 99.17704772949219 702.8908081054688 298.2801513671875 
400
2 576.2774658203125 101.96730041503906 693.757080078125 300.12261962890625 
401
2 560.8801879882812 105.4884033203125 671.5512084960938 300.0557861328125 
402
3 544.7227783203125 106.93733215332031 655.9297485351562 302.0721435546875 
403
3 527.9830322265625 109.52459716796875 642.133544921875 302.30133056640625 
404
3 511.998779296875 113.99990844726562 623.8865356445312 306.5584411621094 
405
3 494.9344482421875 114.95938110351562 620.0864868164062 314.2544250488281 
406
3 478.90478515625 118.99798583984375 599.0469970703125 316.8940734863281 
407
3 463.35595703125 122.96002197265625 577.2401733398438 314.826904296875 
408
3 447.75775146484375 127.16336059570312 565.7533569335938 318.41650390625 
409
3 430.5291442871094 131.60595703125 554.1370239257812 324.1059265136719 
410
3 413.8131408691406 134.9506072998047 541.7652587890625 336.26995849609375 
411
3 399.1453857421875 140.766357421875 516.154296875 333.619873046875 
412
3 382.24127197265625 142.7191162109375 506.7405090332031 333.5665588378906 
413
3 366.2787170410156 144.87364196777344 491.49481201171875 336.87969970703125 
414
3 350.9361267089844 150.1508331298828 481.31268310546875 348.07122802734375 
415
3 334.154541015625 150.6365509033203 458.12274169921875 346.8284912109375 
416
3 318.04315185546875 155.2904510498047 437.5357666015625 348.1596984863281 
417
3 300.6650390625 159.43955993652344 424.16375732421875 349.3189697265625 
418
3 283.15380859375 164.56785583496094 407.7337646484375 353.2170715332031 
419
3 267.87322998046875 170.7376708984375 387.2073974609375 365.17864990234375 
420
3 251.03317260742188 171.3782501220703 379.31231689453125 362.0700378417969 
421
3 234.92910766601562 174.77992248535156 373.16754150390625 365.8258361816406 
422
3 219.2889862060547 180.47364807128906 352.593505859375 369.75445556640625 
423
3 203.63348388671875 181.50901794433594 334.50140380859375 378.6534729003906 
3 0.11316299438476562 290.7582092285156 33.17500305175781 355.1744079589844 
424
3 189.16897583007812 187.28030395507812 324.77313232421875 378.54522705078125 
425
3 174.45697021484375 191.0390625 307.0190734863281 382.2776794433594 
426
3 158.98130798339844 194.68701171875 295.4739685058594 384.60260009765625 
427
3 143.41258239746094 199.19676208496094 278.51824951171875 390.7725830078125 
428
3 126.00767517089844 203.20748901367188 259.3126220703125 395.877685546875 
429
3 110.45030212402344 205.2936248779297 258.13623046875 397.58544921875 
430
3 93.75540161132812 211.1745147705078 239.6581573486328 399.1988525390625 
3 2514.82861328125 131.7439727783203 2552.334716796875 193.21002197265625 
431
3 77.7565689086914 214.47183227539062 220.78733825683594 405.88226318359375 
432
3 62.698028564453125 219.44601440429688 199.46078491210938 409.00079345703125 
433
3 49.260860443115234 227.65606689453125 185.00018310546875 411.314453125 
434
3 34.88536834716797 231.79278564453125 178.6739501953125 420.98046875 
3 2449.4677734375 107.69778442382812 2485.343994140625 171.4097900390625 
435
3 16.02928924560547 234.53668212890625 152.15257263183594 419.5927734375 
3 2431.828369140625 104.40020751953125 2461.470947265625 159.5681915283203 
436
3 2.2118911743164062 240.01190185546875 142.14083862304688 427.8587341308594 
437
3 0.4109954833984375 247.87619018554688 135.1565704345703 431.23004150390625 
3 0.27959442138671875 248.2607421875 135.04421997070312 431.203125 
438
3 0.19240570068359375 259.57501220703125 114.63996124267578 444.5228271484375 
439
3 0.15813064575195312 280.9229736328125 106.4039306640625 446.26611328125 
440
3 0.0 289.0526123046875 82.455078125 451.5048828125 
3 0.16030597686767578 289.57464599609375 80.46891784667969 451.56744384765625 
441
3 0.07570457458496094 293.6090393066406 64.44999694824219 458.80535888671875 
442
443
3 2293.33984375 63.887786865234375 2322.1640625 129.24607849121094 
444
3 2277.86083984375 58.202911376953125 2304.895263671875 114.54360961914062 
445
446
447
448
3 2207.81787109375 42.02259826660156 2236.651611328125 102.39859008789062 
449
450
451
452
3 2137.767822265625 30.52460479736328 2164.643310546875 91.79090881347656 
453
3 2120.50341796875 27.3109130859375 2147.0673828125 83.14081573486328 
454
3 2100.614501953125 22.241439819335938 2129.10400390625 84.05221557617188 
455
456
457
3 2048.537841796875 11.347946166992188 2076.65771484375 71.48396301269531 
3 2461.3427734375 89.20836639404297 2495.935546875 140.69989013671875 
458
3 2029.658935546875 10.359081268310547 2059.260009765625 63.975257873535156 
459
3 2421.469970703125 78.28132629394531 2457.336181640625 126.2354736328125 
460
3 1993.62548828125 3.60772705078125 2020.9871826171875 63.262847900390625 
461
3 1975.955078125 2.9714889526367188 2001.936279296875 60.826271057128906 
462
463
3 2118.921630859375 5.651573181152344 2142.198974609375 30.181640625 
464
465
466
467
468
469
470
471
472
473
474
475
476
3 2078.9072265625 0.0 2118.722900390625 48.224998474121094 
477
478
479
480
