0
1
3 36.51337432861328 167.80621337890625 89.5630874633789 255.25393676757812 
2
3 39.50999450683594 168.74884033203125 92.01202392578125 250.69717407226562 
3
3 42.62049865722656 166.5712432861328 97.9693603515625 251.03826904296875 
4
3 45.05878829956055 170.3540802001953 101.33696746826172 261.3622741699219 
5
6
7
3 56.24379348754883 172.36378479003906 123.73847961425781 298.77362060546875 
8
3 59.72728729248047 172.7852783203125 110.53519439697266 261.8512268066406 
9
10
11
12
3 71.13449096679688 170.59381103515625 126.37325286865234 260.6051940917969 
13
3 71.25951385498047 170.7698211669922 125.5761489868164 258.3276672363281 
14
3 69.9276351928711 170.41958618164062 126.32449340820312 262.417724609375 
15
3 67.87092590332031 171.84213256835938 134.22198486328125 288.548095703125 
16
17
18
19
3 64.19225311279297 172.15452575683594 116.76805114746094 261.6990051269531 
3 2056.1982421875 47.493858337402344 2104.3271484375 161.26882934570312 
20
21
3 64.2821044921875 174.51202392578125 118.74676513671875 263.1915588378906 
22
23
24
3 60.99859619140625 173.18609619140625 131.43772888183594 298.0743408203125 
25
26
3 60.54100036621094 171.94044494628906 113.26727294921875 261.384033203125 
27
3 60.26959228515625 172.24098205566406 112.19913482666016 262.3038330078125 
28
3 60.91602325439453 170.85475158691406 113.79618835449219 260.6557922363281 
29
30
3 64.01112365722656 171.10560607910156 118.36312103271484 260.885498046875 
31
32
33
34
35
36
3 71.5550537109375 173.07774353027344 124.22783660888672 261.68218994140625 
37
3 72.92559814453125 174.1470489501953 124.63465118408203 260.89520263671875 
38
3 73.50666046142578 172.97596740722656 125.05616760253906 259.70159912109375 
39
3 73.20450592041016 172.7061004638672 125.59381866455078 262.29815673828125 
40
3 72.50698852539062 172.6964111328125 125.05704498291016 263.3848571777344 
41
3 71.29865264892578 173.0354461669922 125.18209838867188 263.2567138671875 
42
3 986.6172485351562 0.8712120056152344 1015.1453247070312 65.5853500366211 
3 70.65592956542969 173.43603515625 125.16018676757812 263.6838073730469 
43
3 984.2977905273438 1.42572021484375 1014.7562866210938 63.468894958496094 
44
3 983.1590576171875 0.7435340881347656 1013.4352416992188 65.42131805419922 
45
3 978.6905517578125 0.39328765869140625 1010.7076416015625 66.26260375976562 
46
3 973.6680297851562 1.1761093139648438 1008.167236328125 67.17979431152344 
47
3 969.3081665039062 1.3678398132324219 1001.6522216796875 72.06141662597656 
48
3 969.4791259765625 2.417694091796875 1000.384033203125 72.8443832397461 
3 61.05382537841797 179.90447998046875 122.5557632446289 274.2890319824219 
49
3 966.1245727539062 4.651191711425781 994.3388061523438 77.03873443603516 
50
3 965.6566162109375 8.75820541381836 992.3017578125 78.1708984375 
51
3 961.1893310546875 10.492889404296875 986.9051513671875 80.74542999267578 
52
3 958.2122192382812 13.462486267089844 986.2281494140625 84.09211730957031 
3 53.83787155151367 196.16455078125 125.26171875 282.1187744140625 
53
3 956.565185546875 14.223403930664062 984.6533813476562 85.09007263183594 
54
3 954.6558837890625 15.889060974121094 987.686279296875 87.29812622070312 
55
3 953.4609985351562 16.326385498046875 987.4514770507812 88.04862976074219 
56
3 950.9111328125 16.17965316772461 987.4561767578125 88.53197479248047 
3 52.83391571044922 192.89720153808594 103.49951171875 281.8556823730469 
57
3 951.0023803710938 15.228363037109375 988.6034545898438 88.27998352050781 
3 52.88229751586914 193.05776977539062 103.62336730957031 280.754638671875 
58
3 948.759033203125 15.555206298828125 986.091796875 88.06737518310547 
59
3 948.5201416015625 17.631866455078125 985.3716430664062 88.29505157470703 
60
3 945.909912109375 15.499797821044922 986.4657592773438 84.929443359375 
61
62
3 942.6278686523438 14.717185974121094 985.58740234375 88.53680419921875 
63
3 940.9420166015625 14.538799285888672 982.5209350585938 88.74673461914062 
64
3 939.2969360351562 14.802288055419922 985.0623168945312 88.71934509277344 
65
3 937.04931640625 16.819961547851562 979.7094116210938 89.62828063964844 
66
3 936.3901977539062 19.748088836669922 971.3255615234375 90.15533447265625 
3 862.0010375976562 25.41022491455078 884.5140991210938 80.17710876464844 
67
3 934.7542114257812 19.48217010498047 972.3651123046875 91.98392486572266 
3 55.553321838378906 203.34193420410156 108.08566284179688 283.73260498046875 
3 2044.8751220703125 82.6976089477539 2084.193359375 182.2751007080078 
68
3 934.269287109375 19.133056640625 968.002685546875 94.40541076660156 
69
3 933.521240234375 19.950664520263672 961.9896240234375 92.77958679199219 
70
3 934.4308471679688 20.146835327148438 962.4393920898438 94.53125 
71
3 934.104736328125 21.148624420166016 963.2095336914062 96.18363952636719 
72
3 933.78076171875 22.789169311523438 961.6873168945312 96.39869689941406 
73
3 932.0487670898438 23.136859893798828 962.0938110351562 96.23573303222656 
3 50.336605072021484 208.50082397460938 114.85149383544922 286.1653137207031 
74
3 931.1983642578125 23.320072174072266 962.4218139648438 96.96853637695312 
3 49.47167205810547 209.01174926757812 114.79960632324219 284.66204833984375 
75
3 929.0735473632812 23.590084075927734 961.1287841796875 96.33792114257812 
3 48.863983154296875 208.78704833984375 91.97653198242188 283.59893798828125 
76
3 927.3067626953125 23.898128509521484 960.820556640625 97.34103393554688 
77
3 925.0173950195312 24.531898498535156 959.9697265625 97.71516418457031 
3 45.53264617919922 206.3934783935547 87.08787536621094 281.2562561035156 
78
3 922.9945678710938 23.54473876953125 958.126220703125 95.63777160644531 
3 46.82508850097656 207.80624389648438 85.6624755859375 283.3059387207031 
79
3 918.7381591796875 23.863067626953125 955.013427734375 95.81178283691406 
3 46.257965087890625 208.627685546875 83.59187316894531 281.55078125 
80
3 916.61962890625 23.576541900634766 952.1146850585938 98.0928955078125 
3 45.63262176513672 210.7892608642578 84.54232025146484 280.7499084472656 
81
3 914.844970703125 23.132789611816406 949.3596801757812 99.98814392089844 
82
3 40.39141845703125 208.7113037109375 79.4145278930664 281.55255126953125 
83
3 908.5263061523438 23.728439331054688 940.41845703125 96.50196838378906 
84
3 908.1671142578125 22.677017211914062 938.8357543945312 102.51806640625 
85
3 904.6890869140625 24.23291015625 936.88427734375 101.46356201171875 
86
3 901.7849731445312 27.190414428710938 937.5589599609375 101.64720153808594 
87
3 901.379150390625 26.85794448852539 938.0396118164062 106.72592163085938 
88
3 900.484375 29.27325439453125 935.29931640625 105.58831787109375 
89
90
3 897.8436889648438 31.0765380859375 935.8255615234375 105.08854675292969 
91
3 896.5887451171875 30.042266845703125 935.479736328125 103.55084228515625 
92
93
3 891.51416015625 28.580429077148438 932.7988891601562 109.08074951171875 
94
3 889.105712890625 29.307708740234375 934.6851806640625 105.72308349609375 
95
3 884.77392578125 29.72602081298828 935.3362426757812 107.81326293945312 
96
97
98
3 876.0691528320312 37.86979675292969 910.884033203125 115.52346801757812 
3 18.800003051757812 230.64520263671875 74.89207458496094 311.1033020019531 
99
100
3 13.406803131103516 233.2274169921875 66.56515502929688 314.8203125 
3 874.6897583007812 42.599456787109375 907.9458618164062 129.03945922851562 
101
3 873.0569458007812 46.52030944824219 904.7901000976562 133.03887939453125 
3 14.824234008789062 234.1396484375 66.60031127929688 314.8323669433594 
102
3 873.2188110351562 48.238128662109375 904.8613891601562 136.74591064453125 
3 13.185863494873047 234.37078857421875 56.992244720458984 317.0718688964844 
103
104
3 871.3610229492188 57.506256103515625 901.8399047851562 133.41531372070312 
105
3 869.9375 59.67633056640625 902.9697875976562 137.11300659179688 
106
3 870.1307373046875 61.40129089355469 900.2123413085938 143.16513061523438 
107
3 866.972412109375 63.156768798828125 902.5841674804688 145.35244750976562 
108
3 865.7562255859375 64.169921875 896.9345092773438 145.14675903320312 
109
3 862.456787109375 65.48886108398438 896.2630004882812 148.1981964111328 
110
3 858.3663330078125 66.0791015625 892.4933471679688 145.71688842773438 
111
3 858.1622314453125 70.19766235351562 892.2758178710938 151.7696990966797 
112
3 856.4423217773438 72.17813110351562 890.1246337890625 153.67666625976562 
113
3 853.5454711914062 76.67085266113281 886.5701293945312 148.5447235107422 
114
3 850.1986694335938 82.6441650390625 881.36962890625 161.62539672851562 
115
3 849.403564453125 83.20686340332031 882.1878662109375 165.66525268554688 
116
3 845.9627685546875 88.1947250366211 879.2675170898438 170.3371124267578 
3 0.7329273223876953 269.3197937011719 41.66090393066406 341.4513854980469 
117
3 843.9822387695312 93.63873291015625 880.3077392578125 175.92967224121094 
3 0.5020408630371094 272.9712829589844 40.626365661621094 345.0140075683594 
118
3 841.6367797851562 97.4769287109375 879.6072998046875 185.24449157714844 
119
3 839.3910522460938 106.73811340332031 879.52685546875 189.9967041015625 
3 0.4279518127441406 274.77947998046875 41.237937927246094 356.0419616699219 
120
3 834.32666015625 111.95915222167969 877.8558349609375 193.1392364501953 
121
3 832.0225830078125 116.48150634765625 878.1150512695312 196.80740356445312 
3 0.04810810089111328 287.128173828125 40.647953033447266 363.13677978515625 
122
3 833.2647705078125 119.47491455078125 872.0518188476562 193.72366333007812 
123
3 829.5086669921875 120.50534057617188 878.9102172851562 201.18600463867188 
124
3 828.646484375 121.45751953125 873.7565307617188 200.91680908203125 
125
3 824.8074340820312 119.77091979980469 875.0487060546875 197.97731018066406 
126
3 823.0699462890625 119.98138427734375 872.5473022460938 198.0026092529297 
127
3 821.7398071289062 119.8687744140625 855.6357421875 195.252197265625 
128
3 818.8441162109375 117.85836791992188 855.5383911132812 193.284423828125 
3 0.0 288.3787841796875 28.327350616455078 359.02850341796875 
129
3 813.9335327148438 111.251953125 855.3824462890625 189.3428497314453 
3 0.0035429000854492188 288.20947265625 26.0296573638916 356.86907958984375 
130
3 813.2344970703125 111.79248046875 857.9005737304688 194.46754455566406 
3 0.0 287.6247253417969 26.033540725708008 353.9166564941406 
131
3 813.3834838867188 111.66270446777344 854.3875732421875 193.08172607421875 
3 0.0 285.62103271484375 25.816062927246094 356.00079345703125 
132
3 812.9098510742188 112.65206909179688 850.3533935546875 195.8272705078125 
3 0.0 284.33282470703125 26.232471466064453 359.9623718261719 
133
3 809.9453735351562 114.87757873535156 845.8508911132812 198.39100646972656 
3 0.0 287.50701904296875 27.676128387451172 361.81793212890625 
134
3 807.4224243164062 116.73959350585938 845.333251953125 200.87733459472656 
135
3 806.1814575195312 119.42987060546875 843.5003662109375 203.1888885498047 
136
3 800.8486328125 121.94425964355469 847.1251831054688 205.2984619140625 
137
3 799.3033447265625 122.20071411132812 842.8507080078125 205.52381896972656 
138
3 798.5462036132812 124.65298461914062 841.0521240234375 205.73497009277344 
139
3 796.5527954101562 125.1070556640625 842.8306274414062 204.4563751220703 
140
3 795.787109375 126.55030822753906 832.734375 202.74880981445312 
141
3 794.6298217773438 125.46170043945312 838.0111083984375 201.07994079589844 
142
3 791.2574462890625 125.52110290527344 826.009033203125 200.131591796875 
143
3 791.4745483398438 128.57789611816406 828.1166381835938 198.7012939453125 
144
3 788.8134155273438 129.03286743164062 823.1124877929688 199.01768493652344 
145
3 787.7058715820312 131.83656311035156 818.5645751953125 199.70077514648438 
146
147
3 782.5963745117188 131.07901000976562 820.510498046875 203.3189697265625 
148
3 778.4908447265625 131.61318969726562 816.7367553710938 204.90261840820312 
149
3 774.9309692382812 136.2532958984375 814.3602905273438 207.68704223632812 
150
3 773.3042602539062 145.47824096679688 814.2024536132812 208.17588806152344 
151
3 768.559326171875 144.42295837402344 807.7138061523438 214.44166564941406 
152
3 761.6598510742188 143.30953979492188 807.6998901367188 229.8817138671875 
153
3 759.4757080078125 143.45046997070312 805.2401733398438 225.661865234375 
154
3 753.459228515625 140.0950469970703 800.0516967773438 220.04742431640625 
155
3 748.6317749023438 140.96405029296875 785.3856811523438 226.04510498046875 
156
3 745.5592651367188 141.47630310058594 781.9714965820312 228.95416259765625 
157
3 744.8164672851562 143.9993896484375 779.90380859375 228.76388549804688 
158
3 742.6965942382812 146.97120666503906 778.5689697265625 228.22097778320312 
159
3 735.9625244140625 140.87493896484375 777.9325561523438 229.26025390625 
160
3 733.1788940429688 146.115478515625 776.278076171875 231.81884765625 
161
162
3 728.67822265625 148.57858276367188 776.1632690429688 234.29202270507812 
163
3 727.7838745117188 149.38096618652344 777.2678833007812 237.38720703125 
164
3 725.30615234375 152.45187377929688 775.6300048828125 236.04360961914062 
165
166
167
168
169
170
171
172
3 709.359619140625 148.56948852539062 743.47998046875 224.68771362304688 
173
174
3 702.0814208984375 152.45741271972656 741.1092529296875 225.13345336914062 
175
176
177
178
179
3 684.8803100585938 154.286865234375 730.9612426757812 226.74502563476562 
180
3 682.8147583007812 154.02334594726562 731.6854858398438 228.17645263671875 
181
182
3 679.3364868164062 157.2884521484375 734.3245239257812 230.56820678710938 
183
3 676.6332397460938 157.0767822265625 733.9844360351562 230.65640258789062 
184
185
3 665.4769897460938 161.2858428955078 707.305908203125 230.35137939453125 
186
187
3 663.2736206054688 159.10498046875 700.8356323242188 228.97027587890625 
188
189
3 659.7456665039062 158.86654663085938 692.3084106445312 232.28335571289062 
190
191
192
193
3 642.893310546875 165.0271759033203 689.9454345703125 237.82608032226562 
194
3 642.3512573242188 165.60330200195312 691.3629150390625 240.66671752929688 
195
3 642.8861694335938 166.326416015625 690.4461669921875 239.98236083984375 
196
197
198
3 632.9376220703125 169.30697631835938 681.6929321289062 241.5772705078125 
199
200
201
202
203
204
205
206
207
3 603.5050048828125 174.22474670410156 637.7069091796875 249.2933349609375 
208
3 596.2722778320312 178.5052490234375 637.7470703125 248.714111328125 
209
3 593.3954467773438 176.5431671142578 631.6506958007812 250.66253662109375 
210
3 591.3826904296875 179.14712524414062 631.88916015625 253.83108520507812 
211
3 586.5691528320312 177.94300842285156 635.6834106445312 256.5915832519531 
212
3 581.3607177734375 173.64649963378906 637.9083251953125 257.3135986328125 
213
3 579.0798950195312 175.09664916992188 632.4625244140625 256.83624267578125 
214
3 577.4425659179688 184.63192749023438 628.7882080078125 256.92987060546875 
215
3 573.493408203125 179.2433319091797 609.87109375 258.09027099609375 
216
3 570.8201904296875 178.9095458984375 607.4053344726562 256.9441833496094 
217
3 569.3057250976562 183.36900329589844 603.6263427734375 258.0362854003906 
218
3 568.9554443359375 185.21632385253906 601.3104858398438 256.88812255859375 
219
220
221
222
223
3 1988.9586181640625 160.3267364501953 2026.0252685546875 271.3742980957031 
224
225
3 544.1835327148438 186.86380004882812 589.1810302734375 271.1072998046875 
226
3 1983.0338134765625 162.5673065185547 2023.4991455078125 274.1459045410156 
3 532.482177734375 193.97276306152344 586.6614379882812 272.0568542480469 
227
3 1983.4833984375 161.34681701660156 2022.78662109375 273.2477722167969 
3 536.425537109375 200.64373779296875 586.9518432617188 275.9381103515625 
228
3 518.2140502929688 198.41439819335938 589.8218994140625 278.44659423828125 
229
230
3 1964.3629150390625 171.211669921875 1991.8321533203125 215.47702026367188 
231
3 1962.3497314453125 172.22933959960938 1990.9373779296875 215.8361358642578 
3 524.5054931640625 205.52850341796875 574.9688110351562 281.1806640625 
232
233
3 1981.9476318359375 166.8636016845703 2016.9002685546875 274.8500671386719 
234
235
236
237
238
239
240
241
3 476.4329833984375 207.3999786376953 535.703369140625 293.2689514160156 
242
3 1976.849365234375 176.06427001953125 2013.8902587890625 284.1206359863281 
3 492.85589599609375 220.46084594726562 540.857177734375 295.314208984375 
243
3 493.5445251464844 225.30316162109375 534.7879028320312 296.120849609375 
3 443.1858215332031 214.8046875 507.00189208984375 324.5585632324219 
244
3 474.171142578125 214.68789672851562 538.0352783203125 326.2148742675781 
245
3 477.26513671875 219.05621337890625 529.3541870117188 305.02227783203125 
246
3 473.9306335449219 220.62548828125 533.471435546875 331.6173095703125 
247
3 469.7646484375 223.15057373046875 532.4657592773438 331.8658447265625 
248
3 472.3492431640625 228.34649658203125 512.3062133789062 335.433349609375 
249
3 466.2579040527344 226.67083740234375 506.9835510253906 335.292236328125 
250
3 465.5261535644531 232.90386962890625 504.652587890625 337.28253173828125 
251
3 441.54583740234375 230.42474365234375 503.1011047363281 338.60272216796875 
252
3 456.6112365722656 231.53433227539062 502.87591552734375 338.9321594238281 
253
3 448.917236328125 231.86767578125 503.342041015625 339.05206298828125 
254
255
256
3 441.5154724121094 230.40292358398438 501.6894836425781 339.3158874511719 
257
3 433.9977722167969 234.20416259765625 501.50384521484375 338.7536926269531 
258
3 436.42633056640625 234.5433349609375 500.55609130859375 340.3970031738281 
259
3 434.91851806640625 235.08056640625 500.2416687011719 341.4085388183594 
260
3 434.1595458984375 238.42776489257812 502.42791748046875 342.1392822265625 
261
3 432.36859130859375 242.12493896484375 500.9429016113281 342.87139892578125 
262
263
264
265
266
267
268
269
3 404.3653259277344 255.56591796875 441.9418029785156 339.6325378417969 
270
3 401.4995422363281 257.86993408203125 440.0103759765625 341.221923828125 
271
3 400.359130859375 259.2904357910156 424.7781982421875 342.5870666503906 
272
3 396.78253173828125 256.2716369628906 431.0437316894531 341.5847473144531 
273
3 392.9568176269531 255.61453247070312 431.8701171875 343.5344543457031 
274
3 389.4351806640625 255.49176025390625 426.82745361328125 346.1716003417969 
275
3 387.5313720703125 257.9530944824219 422.4791564941406 346.49951171875 
276
3 383.8260803222656 259.5886535644531 419.7074890136719 349.9185791015625 
277
3 379.7996826171875 266.6338195800781 417.70330810546875 348.7469482421875 
278
3 377.812744140625 268.270263671875 415.9232177734375 349.61016845703125 
279
3 375.8957214355469 270.4736328125 410.83856201171875 345.74847412109375 
280
3 371.357421875 274.25494384765625 404.8529052734375 351.20361328125 
281
3 369.4478759765625 276.1614685058594 402.2002868652344 353.66558837890625 
282
3 364.8573303222656 276.75885009765625 399.73968505859375 354.560546875 
283
3 357.8763122558594 275.5853271484375 397.0401306152344 355.29876708984375 
284
3 356.3043518066406 276.3525390625 394.06298828125 356.7915344238281 
285
3 354.2201843261719 279.43218994140625 388.6107177734375 357.0207214355469 
286
3 350.78009033203125 280.4411926269531 386.3026428222656 356.541015625 
287
3 349.9312438964844 280.7025146484375 384.25286865234375 352.4891357421875 
288
3 344.27996826171875 281.56610107421875 379.3846130371094 350.398193359375 
289
290
291
292
293
294
295
3 325.97796630859375 297.6865234375 353.2592468261719 357.39178466796875 
296
3 322.9793395996094 294.28558349609375 353.8720397949219 359.5886535644531 
297
3 318.1253356933594 289.6087646484375 353.9414367675781 360.45068359375 
298
3 315.63861083984375 296.1759948730469 351.8964538574219 367.4678955078125 
299
3 311.4305114746094 293.2527770996094 346.0104675292969 366.439697265625 
3 1929.190185546875 215.14657592773438 1950.70556640625 269.89813232421875 
300
3 308.5138244628906 297.66204833984375 342.07318115234375 365.2132568359375 
301
302
3 296.53021240234375 292.6131591796875 333.9872741699219 372.3533630371094 
303
3 299.6025695800781 306.0574951171875 333.73004150390625 376.67315673828125 
304
3 294.20269775390625 300.74298095703125 331.8411865234375 372.7228088378906 
3 296.9789733886719 309.69866943359375 331.2601013183594 373.9036560058594 
305
3 293.1579284667969 312.7358703613281 329.0582275390625 379.2726745605469 
306
3 288.32470703125 308.54595947265625 326.28179931640625 375.976318359375 
307
3 289.3443298339844 311.9802551269531 322.6600341796875 380.2148132324219 
308
3 285.47222900390625 313.3543701171875 320.1045837402344 380.658203125 
309
3 283.61163330078125 314.34234619140625 318.3124694824219 383.42523193359375 
310
3 279.8470458984375 315.86944580078125 315.63995361328125 387.5760498046875 
311
3 274.1352233886719 316.67034912109375 308.823486328125 387.1141357421875 
3 1928.089599609375 223.16497802734375 1948.42822265625 278.0162048339844 
312
3 270.6602783203125 316.81427001953125 307.7011413574219 386.53863525390625 
3 268.72381591796875 316.383544921875 305.8183898925781 387.22021484375 
313
3 264.7763977050781 314.60980224609375 300.11328125 391.86383056640625 
314
3 262.48150634765625 315.3606872558594 296.966064453125 389.577880859375 
315
316
317
318
319
320
321
3 237.93040466308594 324.4509582519531 277.5303649902344 404.17034912109375 
322
3 236.9921875 323.6781311035156 277.591796875 404.4001159667969 
323
3 233.82168579101562 325.88677978515625 276.656982421875 402.998291015625 
324
3 231.20980834960938 337.9997863769531 274.4967041015625 403.2580871582031 
325
3 227.17637634277344 336.24322509765625 271.7038269042969 401.24365234375 
326
3 222.30165100097656 332.56622314453125 270.9850158691406 401.98040771484375 
327
3 218.04673767089844 328.4825744628906 264.5571594238281 402.4071044921875 
3 1922.0943603515625 226.29769897460938 1943.2581787109375 280.7227783203125 
328
3 214.1212615966797 327.5041198730469 255.36334228515625 402.3478088378906 
3 1921.3480224609375 227.06619262695312 1943.7789306640625 280.931884765625 
329
3 204.47378540039062 324.0093994140625 247.4363555908203 399.6936950683594 
330
3 202.79258728027344 323.8759765625 248.0004119873047 404.4017333984375 
331
3 201.29745483398438 323.1329345703125 247.13259887695312 406.13604736328125 
332
3 201.15292358398438 324.3076477050781 241.05020141601562 406.8791809082031 
333
3 199.11355590820312 324.17694091796875 237.2742462158203 407.2122802734375 
334
3 195.0952606201172 324.57110595703125 235.56802368164062 407.7567138671875 
335
3 194.6938934326172 325.4407043457031 234.4678192138672 409.6298828125 
336
337
338
339
340
341
342
343
344
345
346
347
348
349
350
351
352
3 154.28955078125 327.2991638183594 189.14456176757812 389.544677734375 
353
3 153.17135620117188 329.7650146484375 186.00071716308594 392.198486328125 
354
355
356
357
358
359
360
3 129.94960021972656 340.4947814941406 170.87741088867188 422.9330749511719 
361
3 127.44644165039062 343.0954895019531 167.98886108398438 422.05810546875 
362
363
364
365
366
3 111.8825454711914 342.7215576171875 152.7598114013672 427.15863037109375 
367
368
369
3 101.22943115234375 353.5072326660156 141.39199829101562 437.52655029296875 
370
3 98.1397933959961 353.89019775390625 137.35414123535156 438.61029052734375 
371
3 95.63462829589844 357.31903076171875 132.82608032226562 436.8594665527344 
372
3 92.42337036132812 357.1792907714844 131.5766143798828 436.98583984375 
373
3 91.2080078125 356.666748046875 130.0808563232422 437.9453430175781 
374
3 88.04054260253906 354.553955078125 125.06604766845703 437.0827331542969 
375
3 84.05360412597656 358.0789794921875 122.0690689086914 439.01287841796875 
376
3 82.91690063476562 359.3887939453125 117.9440689086914 438.67181396484375 
377
3 79.45919799804688 356.91510009765625 117.61492156982422 438.1363220214844 
378
379
380
381
382
383
384
385
386
387
388
389
390
3 36.23179244995117 369.5867614746094 78.02644348144531 437.379150390625 
391
3 34.64960861206055 370.6861572265625 76.99653625488281 441.25970458984375 
392
393
394
3 29.32976531982422 374.87237548828125 61.83396911621094 441.28759765625 
395
3 22.558908462524414 371.4801025390625 60.225379943847656 442.2796630859375 
396
3 20.21979331970215 370.2798767089844 55.909759521484375 441.8967590332031 
397
398
3 19.422372817993164 374.26226806640625 50.85462188720703 442.07354736328125 
399
3 16.270479202270508 376.2396240234375 49.350929260253906 446.6485290527344 
400
3 16.269805908203125 375.1625061035156 48.141910552978516 446.87396240234375 
401
3 7.51580810546875 372.35687255859375 45.470359802246094 446.2259826660156 
402
403
3 3.273897171020508 374.29327392578125 41.61302185058594 465.62054443359375 
404
3 2.6719837188720703 378.4969482421875 39.92573547363281 466.4612121582031 
405
3 0.10675811767578125 380.6964416503906 39.7047119140625 467.0191345214844 
406
3 0.0 382.5042419433594 33.480892181396484 467.65423583984375 
407
3 0.0 385.2726135253906 31.32544708251953 468.0555419921875 
408
3 0.0 388.00244140625 27.280864715576172 467.1986083984375 
409
410
411
412
413
414
415
416
417
418
419
420
421
422
423
424
425
426
427
428
429
430
431
432
433
434
435
436
437
438
439
440
441
442
443
444
445
446
447
448
449
450
451
452
453
454
455
456
457
458
459
460
461
462
463
464
465
466
467
468
469
470
471
472
473
474
475
476
477
478
479
480
481
482
483
484
485
486
487
488
489
490
491
492
493
494
495
496
497
498
499
500
501
502
503
504
505
506
507
508
509
510
511
512
513
514
515
516
517
518
519
520
521
522
523
524
525
526
527
528
529
530
531
532
533
534
535
536
537
538
539
540
541
542
543
544
545
546
547
548
549
550
551
552
553
554
555
556
557
558
559
560
561
562
563
564
565
566
567
568
569
3 8.540607452392578 449.8610534667969 58.68663024902344 527.3715209960938 
570
571
572
3 22.78310203552246 449.8436279296875 61.99678039550781 526.0233154296875 
573
574
575
576
3 32.13236999511719 447.3038635253906 75.87567901611328 529.0238037109375 
577
3 35.78291320800781 448.12213134765625 78.17992401123047 529.8363037109375 
578
3 37.9774169921875 449.88677978515625 78.93338012695312 531.1328125 
579
3 39.87166213989258 446.6116943359375 81.96640014648438 531.3170166015625 
580
3 44.394386291503906 447.3154296875 86.18291473388672 530.40234375 
581
3 48.739295959472656 449.6124572753906 90.02142333984375 530.2034912109375 
582
3 51.176239013671875 448.509521484375 92.65682220458984 529.8463745117188 
583
584
585
586
587
588
589
590
591
592
3 79.80459594726562 449.74395751953125 118.6345443725586 516.7749633789062 
593
3 80.67002868652344 449.5929260253906 127.5256118774414 519.8086547851562 
594
3 84.48097229003906 450.0198669433594 124.79862213134766 516.7437133789062 
595
596
597
3 96.33808135986328 450.7163391113281 132.58876037597656 509.62591552734375 
598
599
600
601
3 108.717529296875 445.0083312988281 149.91880798339844 516.6807250976562 
602
3 110.00971984863281 443.96246337890625 151.65789794921875 516.771484375 
603
3 113.7317886352539 441.5624084472656 151.75222778320312 514.8576049804688 
604
605
606
3 122.93665313720703 444.742919921875 153.9603729248047 518.3871459960938 
607
3 125.07849884033203 442.0226745605469 160.3748321533203 518.4235229492188 
608
609
610
611
3 139.22496032714844 451.04339599609375 174.84799194335938 521.6873779296875 
612
3 142.7151641845703 445.04791259765625 182.31903076171875 521.8637084960938 
613
3 143.12591552734375 447.46185302734375 183.20799255371094 520.6436767578125 
614
3 143.19839477539062 446.2118225097656 183.48609924316406 520.2106323242188 
615
616
617
618
619
620
621
622
623
624
625
626
627
628
629
3 182.68389892578125 424.40667724609375 239.559326171875 515.6092529296875 
630
3 185.0601806640625 426.9781799316406 233.3327178955078 514.8883666992188 
631
632
3 186.27496337890625 429.05682373046875 232.23057556152344 514.9070434570312 
633
634
635
636
637
638
639
640
641
642
643
3 218.2443084716797 439.4986877441406 250.8966522216797 511.9630126953125 
644
645
646
647
648
649
650
651
652
653
654
655
656
657
658
659
660
661
662
3 256.1033020019531 424.09234619140625 301.85955810546875 498.263916015625 
663
664
665
3 265.1220703125 424.30963134765625 307.22784423828125 500.04534912109375 
666
3 267.52447509765625 416.44757080078125 309.544189453125 496.53948974609375 
667
668
3 276.92364501953125 426.29229736328125 312.925537109375 494.84405517578125 
669
670
3 257.7374572753906 406.1495361328125 318.128662109375 492.2998046875 
671
3 281.105224609375 420.74462890625 320.30242919921875 492.56024169921875 
672
3 284.16259765625 420.8655700683594 323.2601318359375 491.9566650390625 
673
3 287.68389892578125 420.9330749511719 328.1237487792969 491.02142333984375 
674
3 292.1940002441406 426.8486022949219 329.14898681640625 490.99871826171875 
675
676
677
3 299.14837646484375 423.94873046875 335.9893493652344 488.63824462890625 
678
679
680
681
3 310.0707702636719 423.2459716796875 348.5055847167969 488.88604736328125 
682
683
3 317.2377624511719 420.7108459472656 353.1857604980469 487.55859375 
684
3 319.5270690917969 417.0854797363281 358.0615234375 487.164794921875 
685
3 322.22418212890625 414.0282287597656 362.4237365722656 487.51776123046875 
686
3 326.09027099609375 412.3648681640625 365.441162109375 489.2479248046875 
3 9.027935028076172 468.2132263183594 58.61144256591797 543.2589721679688 
687
3 329.8128662109375 413.2186584472656 367.5017395019531 488.4466552734375 
3 11.54770278930664 467.8680725097656 60.90416717529297 543.1289672851562 
688
3 332.6800842285156 415.65325927734375 368.68682861328125 488.56756591796875 
3 12.146903991699219 468.4502258300781 62.16935729980469 542.2307739257812 
689
3 335.5404968261719 418.4563903808594 371.09844970703125 487.47412109375 
3 11.62884521484375 467.78082275390625 64.41960906982422 542.664306640625 
690
3 336.8599853515625 418.73223876953125 375.7895812988281 486.56622314453125 
3 17.99956512451172 474.4748229980469 65.2669448852539 542.5999755859375 
691
3 339.25225830078125 418.9222106933594 379.18475341796875 487.36981201171875 
692
3 341.78125 421.3340759277344 380.2792663574219 485.73028564453125 
693
694
695
3 351.5406494140625 425.3818664550781 389.8727722167969 481.30145263671875 
696
3 355.3482666015625 423.8211975097656 392.3720703125 482.239990234375 
697
3 359.0275573730469 422.3335876464844 395.440673828125 485.1044921875 
698
3 361.5811767578125 419.946533203125 397.6011962890625 486.78057861328125 
699
3 364.8321228027344 421.2359619140625 399.1465148925781 489.0931396484375 
700
3 364.27813720703125 418.2261047363281 400.98675537109375 485.10894775390625 
701
702
703
704
705
3 378.2793273925781 434.8427734375 412.2828674316406 495.3731689453125 
706
707
3 383.964111328125 435.0185852050781 416.7774963378906 502.56597900390625 
708
3 387.0526428222656 438.2127380371094 418.2848815917969 504.067138671875 
709
3 388.9419250488281 438.8561706542969 421.2262268066406 504.47418212890625 
710
3 393.4374694824219 439.8157958984375 422.64532470703125 503.28436279296875 
711
712
3 399.6641845703125 437.1836853027344 426.97406005859375 496.21807861328125 
713
3 404.510009765625 427.3555603027344 428.0810852050781 495.7242431640625 
714
3 407.3968505859375 422.6146545410156 433.1603088378906 496.34161376953125 
715
3 410.84490966796875 435.0302429199219 434.0831298828125 495.1265869140625 
716
3 412.72442626953125 422.3507385253906 437.4637145996094 492.8663330078125 
717
3 415.3289794921875 422.0382385253906 444.292236328125 493.0106201171875 
718
3 414.8733825683594 424.4244689941406 444.9271240234375 489.76226806640625 
719
3 415.0862731933594 421.4140319824219 445.7275085449219 490.1922607421875 
720
3 416.54656982421875 422.132080078125 445.0569763183594 489.301513671875 
721
3 441.75048828125 410.1732177734375 462.7280578613281 469.09649658203125 
722
723
3 423.0159606933594 433.30462646484375 451.4473571777344 491.822998046875 
724
3 424.7492980957031 435.1561279296875 451.464599609375 494.50567626953125 
725
3 425.7373962402344 430.8580322265625 456.7195739746094 494.67376708984375 
726
3 429.9943542480469 428.6771545410156 457.1999816894531 492.8800048828125 
727
3 434.138427734375 414.0837097167969 463.15740966796875 490.92913818359375 
728
3 437.3057556152344 410.74407958984375 464.1927490234375 486.8734130859375 
729
3 439.9699401855469 409.8091735839844 470.7230224609375 485.8017578125 
730
731
732
3 450.5760498046875 417.468505859375 481.7606201171875 488.668701171875 
733
734
3 447.1248779296875 416.3345031738281 486.8601379394531 492.35284423828125 
735
736
737
738
739
3 142.90017700195312 473.93212890625 193.8765106201172 533.72802734375 
740
3 142.39907836914062 472.5559997558594 192.31561279296875 536.8671264648438 
3 458.6687927246094 432.2574157714844 505.4418029785156 498.10577392578125 
741
3 143.3538055419922 474.0323791503906 194.7052001953125 537.9598999023438 
3 458.6207275390625 432.8185729980469 517.552734375 498.47589111328125 
742
743
3 144.60328674316406 477.99273681640625 190.13197326660156 540.5908203125 
744
3 145.10903930664062 477.826904296875 192.03001403808594 539.8242797851562 
3 475.7141418457031 438.69024658203125 516.0986328125 497.80810546875 
745
746
747
748
749
750
751
752
753
754
755
756
3 512.4732055664062 436.63958740234375 555.0261840820312 520.8684692382812 
757
758
3 515.84423828125 441.3983154296875 557.92724609375 524.90966796875 
759
3 519.124755859375 440.1982421875 559.260009765625 528.7891845703125 
760
761
3 518.9855346679688 448.7198181152344 564.0366821289062 536.03466796875 
3 182.88897705078125 480.797119140625 221.1681365966797 547.9678955078125 
762
3 520.3424072265625 447.3765563964844 566.5640258789062 535.1185302734375 
3 184.6233673095703 483.95458984375 220.79762268066406 547.806884765625 
763
3 186.37440490722656 483.28961181640625 221.35166931152344 544.8092651367188 
3 527.3838500976562 441.9623107910156 564.5977172851562 534.8387451171875 
764
3 189.68124389648438 476.24835205078125 226.3033905029297 540.7831420898438 
3 530.220947265625 443.955322265625 569.7898559570312 531.0322265625 
765
3 534.6915283203125 438.7026672363281 573.5631103515625 526.5195922851562 
766
3 538.4871215820312 440.5603942871094 577.6935424804688 529.0726318359375 
3 196.6436309814453 473.05255126953125 233.3960723876953 537.027099609375 
767
3 545.7926635742188 438.1193542480469 580.3814086914062 533.1367797851562 
768
3 548.1618041992188 441.3242492675781 579.3292846679688 533.1536865234375 
3 200.3052978515625 474.00469970703125 236.61959838867188 539.7921752929688 
769
3 198.8809814453125 473.60931396484375 238.2545166015625 544.0433959960938 
3 549.7650146484375 445.633056640625 581.914306640625 508.43084716796875 
770
3 198.90707397460938 478.1588134765625 239.2432861328125 545.42333984375 
3 552.5406494140625 450.7757873535156 582.0072021484375 513.0748291015625 
771
3 552.300048828125 450.3595886230469 584.9944458007812 512.5706787109375 
772
3 554.7705078125 452.41162109375 586.0923461914062 513.2430419921875 
773
3 556.7699584960938 447.2426452636719 589.127197265625 513.4007568359375 
774
3 557.2229614257812 443.7186279296875 591.0797729492188 508.58343505859375 
3 203.24656677246094 473.1194763183594 260.0298156738281 577.9208984375 
775
776
3 564.0735473632812 443.218505859375 598.545166015625 509.39947509765625 
777
3 565.3981323242188 444.63885498046875 603.6925048828125 511.92181396484375 
778
3 569.7174072265625 445.172607421875 604.7191162109375 510.6834716796875 
779
3 570.1913452148438 449.8442687988281 604.3662109375 512.78857421875 
780
3 570.075439453125 447.04486083984375 606.2001342773438 513.39453125 
3 217.2056427001953 480.53399658203125 273.89385986328125 617.3375244140625 
781
3 572.2217407226562 445.8777160644531 606.1215209960938 512.8659057617188 
3 218.2947235107422 481.40484619140625 272.9084777832031 613.2666625976562 
782
3 576.3697509765625 444.6053466796875 606.7586059570312 512.9949340820312 
3 219.7724151611328 480.2686767578125 269.4442138671875 595.9122924804688 
783
3 578.6235961914062 440.6701965332031 609.2584838867188 509.33837890625 
784
3 580.4944458007812 438.8368835449219 609.5051879882812 507.4345703125 
785
3 586.1307373046875 436.33966064453125 613.1351928710938 508.06842041015625 
786
787
788
3 596.2166748046875 443.76300048828125 621.9619140625 509.616943359375 
789
3 596.74560546875 438.0689697265625 631.1419067382812 511.00982666015625 
790
3 597.4795532226562 441.10748291015625 628.9495849609375 510.2855224609375 
791
3 597.4973754882812 440.9005126953125 625.78076171875 509.12371826171875 
792
793
3 599.5785522460938 437.6177978515625 630.4481201171875 505.349365234375 
794
795
3 606.550537109375 439.17449951171875 640.788818359375 505.297607421875 
796
3 610.8068237304688 440.2154541015625 642.15380859375 504.63818359375 
3 239.24404907226562 461.6802978515625 287.2904052734375 607.7105712890625 
797
3 614.635009765625 440.737060546875 645.7975463867188 503.9869384765625 
798
3 618.3950805664062 441.85894775390625 649.8943481445312 502.96197509765625 
3 246.8296661376953 467.2945251464844 291.50885009765625 577.2001953125 
799
3 246.7578125 466.139892578125 293.33843994140625 576.2318725585938 
800
801
802
3 626.8281860351562 441.6428527832031 656.793701171875 502.66522216796875 
803
3 628.3964233398438 439.8824157714844 658.5302734375 502.47900390625 
804
3 631.7890625 443.2747802734375 663.5592651367188 503.39691162109375 
805
3 633.77490234375 440.6000061035156 664.6751098632812 503.7408447265625 
806
3 635.7129516601562 440.9522399902344 666.08154296875 504.10357666015625 
807
3 639.5302734375 441.075439453125 667.9857177734375 503.8468017578125 
808
3 641.6586303710938 443.16796875 672.1537475585938 503.497802734375 
809
3 644.706787109375 443.749755859375 679.022705078125 503.65460205078125 
810
811
812
813
814
815
816
817
818
819
820
821
822
823
824
825
826
827
828
829
830
831
832
833
834
835
836
837
838
839
3 724.1029052734375 473.082763671875 756.7451171875 532.4755249023438 
840
841
842
843
844
845
846
847
848
849
850
3 751.3346557617188 469.0700378417969 777.2799682617188 529.00244140625 
851
3 753.5877685546875 470.0323181152344 777.8198852539062 530.0610961914062 
852
853
854
3 759.3746337890625 473.4866638183594 783.9094848632812 533.1372680664062 
855
3 762.7661743164062 473.41082763671875 787.5763549804688 534.7362670898438 
856
3 765.4627685546875 473.859130859375 791.229248046875 536.24609375 
857
3 767.1698608398438 475.03216552734375 792.1692504882812 536.5758056640625 
858
3 768.2716064453125 475.0620422363281 794.2387084960938 536.1290283203125 
859
3 771.134765625 476.72906494140625 796.8243408203125 535.7606811523438 
860
861
3 774.4738159179688 475.63604736328125 800.4229125976562 536.1476440429688 
862
3 776.6314697265625 479.866943359375 801.6171875 536.2963256835938 
863
3 779.1433715820312 477.52874755859375 803.3798828125 536.3670654296875 
864
865
866
3 786.9450073242188 483.036865234375 814.2581176757812 545.2198486328125 
867
3 789.4340209960938 484.01824951171875 815.9429321289062 547.70263671875 
868
3 793.8545532226562 483.99969482421875 818.9405517578125 544.80078125 
869
3 793.1083374023438 484.6728515625 821.4853515625 548.7626953125 
870
3 798.2907104492188 485.60302734375 824.8766479492188 552.0767822265625 
871
3 800.3446044921875 484.4266357421875 825.659423828125 554.0095825195312 
872
3 802.3531494140625 484.482421875 828.367919921875 558.0619506835938 
3 1403.7247314453125 444.8182678222656 1433.7467041015625 544.05126953125 
873
3 804.4143676757812 484.9337158203125 830.20703125 558.4127197265625 
874
3 807.3019409179688 486.922607421875 834.0240478515625 574.7009887695312 
875
3 809.3648681640625 488.571533203125 836.8569946289062 559.7423706054688 
876
3 808.4251708984375 489.6015625 839.60009765625 561.6859741210938 
877
3 809.799072265625 490.24542236328125 841.5504150390625 563.8717041015625 
878
3 810.2086181640625 490.88079833984375 842.7222900390625 575.2246704101562 
879
3 810.1021728515625 493.440185546875 844.4273071289062 574.1343994140625 
880
3 811.9732055664062 495.1376953125 845.9388427734375 569.6707153320312 
881
882
3 817.1270751953125 498.10260009765625 851.0396728515625 584.05810546875 
883
3 826.4457397460938 498.99383544921875 854.2045288085938 555.3795776367188 
884
885
886
887
888
889
890
891
3 470.2479248046875 512.5353393554688 504.35845947265625 580.1243896484375 
892
893
894
3 848.5203857421875 502.46392822265625 875.918212890625 557.00732421875 
895
3 852.6312255859375 504.17138671875 877.6929321289062 557.16845703125 
896
3 854.843994140625 505.4486083984375 879.3018798828125 557.20947265625 
897
3 856.8621826171875 507.22918701171875 883.053466796875 557.4559936523438 
898
899
3 859.9102783203125 507.6263427734375 883.6739501953125 566.7415161132812 
900
3 862.0025634765625 505.12933349609375 885.9864501953125 558.6197509765625 
901
902
3 862.9635620117188 505.87213134765625 888.9910278320312 555.6123657226562 
903
904
905
3 869.8416748046875 503.46533203125 895.406005859375 557.6869506835938 
906
3 870.2783813476562 501.457763671875 897.9208984375 559.6322021484375 
907
3 872.43701171875 492.62542724609375 900.7626953125 562.18603515625 
908
3 871.80810546875 493.7083740234375 904.8285522460938 565.242919921875 
909
3 873.0923461914062 499.1427001953125 905.6768188476562 565.501953125 
910
3 875.6766967773438 500.39990234375 906.0916748046875 565.4818115234375 
911
3 876.5574951171875 502.8892822265625 908.5438232421875 573.1602172851562 
912
3 877.7572021484375 504.1964111328125 910.0777587890625 572.9899291992188 
913
914
3 882.0237426757812 504.35321044921875 913.9842529296875 564.8294067382812 
915
3 883.736328125 505.1390380859375 916.607177734375 564.7865600585938 
916
3 882.8277587890625 504.6505126953125 918.8355102539062 563.6359252929688 
917
3 884.7132568359375 504.28228759765625 920.08447265625 563.823974609375 
918
3 886.0079956054688 505.99468994140625 920.9138793945312 561.2623291015625 
919
920
921
922
923
924
925
926
927
928
3 536.193603515625 513.270751953125 579.0608520507812 608.5569458007812 
929
3 537.8768920898438 512.9176025390625 578.9888305664062 608.5133666992188 
930
3 539.7886352539062 510.18701171875 578.8812255859375 608.3736572265625 
931
3 540.8971557617188 509.66058349609375 578.833984375 608.3414306640625 
3 898.8975830078125 510.34808349609375 932.7901611328125 562.8712768554688 
932
3 543.5673217773438 510.26300048828125 579.3190307617188 608.3854370117188 
3 899.4578857421875 509.21343994140625 932.719482421875 561.0172729492188 
933
3 543.9923706054688 512.9776611328125 579.9505004882812 608.4937744140625 
3 899.8524169921875 508.30316162109375 932.6417236328125 561.4065551757812 
934
3 546.2279663085938 512.795166015625 581.60498046875 608.5352783203125 
3 900.16064453125 507.01446533203125 933.956298828125 561.3684692382812 
935
3 547.379150390625 513.6962280273438 584.170166015625 608.92529296875 
3 901.1641235351562 506.04119873046875 934.2850341796875 561.480712890625 
936
3 549.1429443359375 512.9439086914062 586.5851440429688 609.2000122070312 
3 901.0062866210938 506.215576171875 933.21875 562.0255126953125 
937
3 551.2944946289062 513.7518920898438 588.9352416992188 608.9254150390625 
3 902.0031127929688 505.7630615234375 933.9391479492188 561.9002075195312 
938
3 902.379638671875 503.85272216796875 934.1104736328125 561.627197265625 
3 552.8040161132812 515.0310668945312 597.1312866210938 608.6300048828125 
939
3 903.7339477539062 503.263916015625 933.9774169921875 561.55419921875 
940
3 904.6851806640625 501.37945556640625 934.904541015625 561.3243408203125 
3 554.513916015625 515.5716552734375 607.536376953125 608.7203369140625 
941
3 905.3030395507812 501.48114013671875 934.9305419921875 560.6880493164062 
3 558.2969360351562 518.1704711914062 606.7685546875 608.651611328125 
942
3 905.656494140625 500.4029541015625 935.0736083984375 561.0984497070312 
3 558.714599609375 516.3078002929688 606.654296875 608.43310546875 
943
3 906.8807983398438 499.65911865234375 936.15234375 561.5084228515625 
3 559.23681640625 521.4361572265625 606.4953002929688 608.6796875 
944
3 907.4148559570312 498.20684814453125 937.30419921875 562.1077270507812 
3 559.7381591796875 515.2797241210938 605.882080078125 608.5216064453125 
945
3 907.9627075195312 497.6968994140625 938.4454956054688 562.6158447265625 
3 559.4616088867188 515.0172119140625 605.9901733398438 608.4964599609375 
946
3 908.3275756835938 497.22344970703125 939.0548706054688 562.8023681640625 
947
3 908.6165161132812 496.725830078125 939.4292602539062 562.7568359375 
948
3 909.7473754882812 496.536865234375 939.9126586914062 562.5789794921875 
949
3 910.6226196289062 496.7451171875 939.3494873046875 562.163330078125 
950
3 912.174072265625 497.205322265625 939.8712158203125 562.2952880859375 
951
3 912.4883422851562 496.26129150390625 940.5213623046875 562.43701171875 
952
3 912.9300537109375 496.79498291015625 940.4951171875 562.5589599609375 
3 584.0204467773438 514.0001831054688 614.7800903320312 586.1615600585938 
3 914.30517578125 497.1439208984375 941.1527709960938 562.541748046875 
953
3 915.3096923828125 496.50543212890625 941.9378051757812 562.6356201171875 
3 585.3651733398438 514.048583984375 618.2825317382812 585.5924682617188 
954
3 916.453857421875 496.94952392578125 942.4946899414062 562.2119140625 
3 586.2239990234375 512.0770874023438 620.7053833007812 585.381103515625 
955
3 917.7858276367188 496.9644775390625 942.2394409179688 561.9790649414062 
3 587.8092651367188 510.6226806640625 621.6024780273438 585.964599609375 
956
3 918.724609375 495.7742919921875 942.7053833007812 561.4376220703125 
3 587.7384643554688 511.15863037109375 623.5020751953125 585.3572387695312 
957
3 919.064697265625 495.4208984375 943.4138793945312 561.8828125 
3 587.6214599609375 511.2904052734375 624.951171875 584.4464721679688 
958
3 919.4635009765625 495.54144287109375 944.0621948242188 561.0775146484375 
3 594.17822265625 511.42242431640625 629.1380004882812 585.0381469726562 
959
3 919.7114868164062 495.98834228515625 944.172119140625 561.3428344726562 
3 593.3422241210938 510.688720703125 632.3126831054688 585.0296020507812 
960
3 920.0732421875 495.91278076171875 946.56298828125 562.38720703125 
3 593.4781494140625 510.9677734375 633.7880859375 584.9138793945312 
961
3 920.5889892578125 495.9490966796875 947.7582397460938 562.7184448242188 
3 594.9949340820312 510.720458984375 635.7357177734375 584.1034545898438 
962
3 920.5494384765625 496.3214111328125 948.038330078125 562.3665771484375 
3 599.41552734375 511.03485107421875 637.45068359375 583.838134765625 
963
3 920.5722045898438 496.08026123046875 951.0435180664062 562.4644775390625 
964
3 920.05859375 496.6956787109375 952.50390625 562.2652587890625 
965
3 921.1026611328125 497.63232421875 943.2449951171875 560.7081909179688 
3 920.9384765625 496.604248046875 954.5719604492188 562.2332763671875 
966
3 920.3584594726562 496.795654296875 954.8619384765625 562.6438598632812 
3 920.937255859375 498.4876708984375 943.21923828125 560.7732543945312 
967
3 921.9848022460938 498.68463134765625 944.5038452148438 562.258056640625 
3 941.6799926757812 503.0941162109375 959.6947631835938 562.1417846679688 
968
3 941.4083862304688 502.87689208984375 960.6666870117188 561.640380859375 
3 921.2469482421875 499.56329345703125 944.0111083984375 562.306640625 
969
970
3 943.877685546875 506.06976318359375 961.7377319335938 560.55078125 
971
972
973
3 627.4248657226562 509.7994384765625 662.9151000976562 581.3311767578125 
3 945.2581176757812 505.88446044921875 965.7744140625 560.543212890625 
974
975
3 628.515869140625 511.20806884765625 666.6031494140625 582.05419921875 
3 944.9841918945312 501.23614501953125 968.5751342773438 561.5882568359375 
976
3 630.6470336914062 511.8345947265625 668.2030029296875 582.6154174804688 
3 940.2625732421875 496.41180419921875 969.7569580078125 562.2882080078125 
977
3 940.4379272460938 497.48681640625 971.3153686523438 562.536865234375 
3 634.4076538085938 512.9820556640625 673.9520874023438 582.9105224609375 
978
3 939.8809204101562 498.166015625 973.076171875 564.5986938476562 
3 636.012451171875 513.776123046875 677.3093872070312 584.25244140625 
979
3 636.1505126953125 513.7078857421875 689.2632446289062 584.298583984375 
3 939.783447265625 501.13775634765625 972.4306640625 565.0693969726562 
3 945.1048583984375 501.94927978515625 972.6915893554688 565.046630859375 
980
3 946.5682983398438 501.3194580078125 974.2825317382812 566.2698364257812 
981
3 946.053466796875 502.2862548828125 973.8893432617188 569.027587890625 
3 640.3546752929688 519.2846069335938 690.876220703125 588.5051879882812 
982
983
3 946.9724731445312 504.60089111328125 975.3289794921875 570.2734375 
984
3 949.745361328125 505.5113525390625 976.2520751953125 569.0535278320312 
985
3 949.19970703125 505.12091064453125 977.0701904296875 568.860595703125 
986
3 949.359619140625 505.27685546875 977.426025390625 569.0509033203125 
987
3 949.9221801757812 506.15045166015625 977.3526000976562 570.019287109375 
988
3 948.902099609375 507.24615478515625 978.4556884765625 572.2688598632812 
989
3 948.28466796875 507.97991943359375 979.5646362304688 572.2911376953125 
990
3 948.0166625976562 508.505126953125 979.7591552734375 572.9608154296875 
991
3 947.9478759765625 508.77618408203125 980.058837890625 574.8040161132812 
992
3 948.502197265625 508.594482421875 979.3856201171875 574.6903076171875 
993
3 950.3716430664062 508.86962890625 979.2749633789062 573.2293701171875 
994
3 951.3862915039062 508.680419921875 979.9398803710938 572.8236083984375 
995
3 952.1483764648438 508.84588623046875 980.7194213867188 572.548828125 
996
3 954.2064819335938 510.13555908203125 982.7713623046875 571.5481567382812 
997
998
3 952.656005859375 510.46661376953125 984.6917114257812 572.0833740234375 
999
3 947.2155151367188 510.01513671875 985.878173828125 571.5592651367188 
1000
3 949.1538696289062 509.78997802734375 986.6107177734375 571.434814453125 
1001
1002
3 951.3429565429688 509.56634521484375 989.04345703125 570.2474365234375 
1003
1004
1005
1006
1007
1008
1009
3 965.88720703125 509.48687744140625 1002.7374267578125 568.4736328125 
1010
3 965.87744140625 508.59344482421875 1005.6389770507812 569.5682983398438 
1011
3 967.2084350585938 508.69842529296875 1005.5689086914062 567.983642578125 
1012
3 968.0191650390625 508.5323486328125 1005.6528930664062 569.1732177734375 
1013
3 969.875 508.739990234375 1006.3173217773438 570.4511108398438 
1014
3 971.1461181640625 508.1944580078125 1006.4510498046875 571.0830078125 
1015
3 972.60791015625 507.164306640625 1006.9309692382812 568.867919921875 
1016
1017
3 974.0430908203125 506.901123046875 1007.7706298828125 569.6724853515625 
1018
3 977.365966796875 507.38934326171875 1008.7918090820312 569.5623779296875 
1019
3 977.9928588867188 506.9503173828125 1010.012451171875 569.255615234375 
1020
3 978.877685546875 507.0213623046875 1010.7615356445312 569.221923828125 
1021
3 978.718505859375 506.533203125 1011.3685913085938 568.2496948242188 
1022
3 980.8399658203125 507.95196533203125 1011.3070678710938 569.1161499023438 
1023
3 982.951904296875 509.82330322265625 1011.8313598632812 569.7023315429688 
1024
3 984.3609008789062 509.8048095703125 1011.8132934570312 567.6107177734375 
1025
3 986.8111572265625 509.50726318359375 1012.1087646484375 567.5018310546875 
1026
3 990.6334228515625 508.2762451171875 1013.3322143554688 567.3663330078125 
1027
3 991.960693359375 508.56439208984375 1014.106689453125 568.4451904296875 
1028
1029
3 994.9118041992188 507.76031494140625 1016.5661010742188 569.0684814453125 
1030
1031
3 996.5149536132812 508.62939453125 1019.8967895507812 569.5224609375 
1032
3 996.8630981445312 506.9830322265625 1021.125732421875 569.817138671875 
1033
3 997.8367919921875 509.017333984375 1021.96142578125 568.2259521484375 
3 761.0447387695312 514.7523803710938 792.3650512695312 583.91357421875 
1034
3 999.1300659179688 507.306640625 1023.56689453125 568.9401245117188 
3 762.4102783203125 514.717529296875 794.4473876953125 584.5518188476562 
1035
3 762.9407348632812 515.8561401367188 797.2003784179688 585.1025390625 
3 1001.6659545898438 507.38507080078125 1025.47021484375 569.63525390625 
1036
3 1002.4934692382812 507.52825927734375 1027.0029296875 569.8787231445312 
3 764.40673828125 515.135498046875 798.92236328125 585.0509643554688 
1037
3 1002.7701416015625 506.27728271484375 1029.8187255859375 569.975830078125 
1038
1039
3 1004.1273803710938 507.7857666015625 1031.1812744140625 569.2152709960938 
1040
1041
3 770.3114013671875 520.1553955078125 807.9764404296875 585.2120361328125 
3 1008.05029296875 506.43218994140625 1033.9066162109375 566.9541625976562 
1042
3 1012.6305541992188 505.4375 1035.334716796875 567.516357421875 
1043
1044
3 1015.3946533203125 507.113525390625 1037.3067626953125 567.3760986328125 
1045
3 1016.2704467773438 506.7374267578125 1039.1307373046875 567.5482177734375 
1046
3 1017.6903686523438 505.60736083984375 1040.5361328125 568.2275390625 
1047
3 1019.2631225585938 508.72442626953125 1041.0247802734375 566.2507934570312 
3 787.3710327148438 521.329833984375 824.1512451171875 584.8692626953125 
1048
3 1022.0408935546875 505.86407470703125 1043.12353515625 567.0382080078125 
3 789.7891235351562 520.0342407226562 830.75146484375 585.37451171875 
1049
3 1023.5316162109375 504.6922607421875 1045.8035888671875 567.2850341796875 
3 790.9899291992188 519.2976684570312 834.9510498046875 586.1618041992188 
1050
3 1024.2044677734375 505.24383544921875 1048.8309326171875 568.6260375976562 
3 791.658203125 518.577392578125 827.5857543945312 586.52490234375 
1051
3 1025.279541015625 506.91693115234375 1052.42333984375 568.9761962890625 
3 794.1619262695312 518.7119140625 828.6739501953125 585.9876708984375 
1052
3 1025.804931640625 506.11138916015625 1055.863525390625 568.9285888671875 
3 797.4047241210938 518.0234985351562 829.9688720703125 587.4869995117188 
1053
3 1026.731689453125 507.21075439453125 1057.373291015625 568.2020263671875 
3 798.6781005859375 516.7415161132812 831.1682739257812 585.8401489257812 
1054
3 1026.7845458984375 505.09295654296875 1058.8292236328125 567.8568115234375 
3 799.606689453125 514.8165893554688 844.3360595703125 606.9506225585938 
1055
3 1028.82861328125 506.3453369140625 1059.6572265625 567.47021484375 
3 800.4878540039062 515.4850463867188 838.0780029296875 610.6715087890625 
1056
3 1028.543701171875 505.53955078125 1061.318359375 566.7653198242188 
3 802.2555541992188 513.061767578125 851.6192626953125 611.1757202148438 
1057
3 804.7886962890625 512.3391723632812 851.603759765625 610.183837890625 
3 1029.288818359375 505.26788330078125 1064.6278076171875 567.6370239257812 
1058
3 808.0450439453125 511.046875 849.4052734375 611.3767700195312 
3 1030.9322509765625 505.5758056640625 1066.126953125 565.87890625 
1059
3 810.4080810546875 510.27972412109375 844.6978149414062 611.6841430664062 
3 1032.4854736328125 508.1214599609375 1066.031494140625 565.7606811523438 
1060
3 812.274658203125 509.42333984375 844.9620361328125 611.9434814453125 
1061
3 813.7285766601562 509.44366455078125 844.9351196289062 610.6568603515625 
3 1040.2806396484375 505.8304443359375 1065.7490234375 564.5130615234375 
1062
3 815.1576538085938 507.045166015625 845.9844970703125 610.9239501953125 
3 1043.0994873046875 506.66717529296875 1067.3533935546875 564.3916625976562 
1063
3 817.4496459960938 507.3062744140625 849.0079956054688 611.1549072265625 
3 1045.24462890625 503.66253662109375 1069.442138671875 564.8204956054688 
1064
3 818.7407836914062 505.95172119140625 852.3876342773438 611.121337890625 
3 1047.031982421875 504.791259765625 1071.0556640625 566.611083984375 
1065
3 820.3786010742188 505.97491455078125 854.4346313476562 601.693603515625 
1066
3 1049.2398681640625 503.589599609375 1077.4163818359375 603.1700439453125 
3 821.7904052734375 506.43975830078125 857.7785034179688 575.9464721679688 
1067
3 822.0916137695312 506.66326904296875 858.629150390625 578.6949462890625 
3 1049.729736328125 502.4080810546875 1078.248779296875 603.2421875 
3 820.80810546875 507.09619140625 858.8713989257812 609.8741455078125 
1068
3 822.6405029296875 508.63336181640625 861.0946655273438 580.2849731445312 
3 1049.7281494140625 500.69317626953125 1079.1727294921875 603.1520385742188 
1069
1070
3 1052.7603759765625 505.64910888671875 1082.0487060546875 605.0203857421875 
3 825.0166625976562 511.12738037109375 865.1390380859375 578.342529296875 
1071
3 1052.8594970703125 508.0306396484375 1084.2313232421875 607.8701171875 
1072
1073
1074
3 1058.4765625 510.92132568359375 1088.6446533203125 609.2085571289062 
1075
3 1060.2120361328125 511.994873046875 1088.7864990234375 609.8189086914062 
1076
1077
1078
1079
3 851.3978881835938 523.2247924804688 880.3327026367188 583.7330932617188 
1080
1081
1082
3 856.7923583984375 515.9207153320312 884.7701416015625 593.4559936523438 
1083
1084
1085
1086
1087
1088
1089
1090
1091
1092
1093
1094
1095
1096
1097
1098
3 888.1166381835938 511.77410888671875 917.3101806640625 579.7521362304688 
1099
3 890.3156127929688 510.44818115234375 919.8546142578125 578.3449096679688 
1100
3 891.6646118164062 511.29681396484375 922.0385131835938 572.5160522460938 
1101
3 892.7786865234375 509.86126708984375 925.1378173828125 572.8292236328125 
1102
3 893.5311889648438 511.0457763671875 928.2679443359375 574.4560546875 
1103
1104
3 895.6021728515625 510.1546630859375 934.8521118164062 576.2561645507812 
1105
1106
1107
1108
1109
1110
3 911.9577026367188 507.84185791015625 942.2716064453125 575.4011840820312 
1111
1112
3 915.8619995117188 508.65191650390625 944.3059692382812 577.6727294921875 
1113
3 916.1632080078125 508.195556640625 944.8681030273438 577.97412109375 
1114
3 917.2821655273438 507.97454833984375 947.3125 577.3174438476562 
1115
3 919.093017578125 507.83367919921875 952.0892333984375 576.8840942382812 
1116
3 921.12548828125 507.720703125 951.6416015625 576.1439819335938 
1117
3 923.6359252929688 508.05224609375 952.183349609375 575.1048583984375 
1118
3 924.615478515625 508.647705078125 954.3375854492188 573.9239501953125 
1119
3 924.9091186523438 509.57861328125 968.1991577148438 575.8062744140625 
1120
3 928.6423950195312 509.12005615234375 964.1746826171875 574.9905395507812 
1121
3 928.6988525390625 508.4835205078125 965.5556030273438 576.2197265625 
1122
3 931.1773071289062 508.67864990234375 976.7374877929688 576.53076171875 
1123
3 932.5022583007812 507.1815185546875 977.7645263671875 573.2421875 
1124
1125
3 939.3316040039062 506.82904052734375 975.7228393554688 568.3965454101562 
1126
3 937.96337890625 506.5894775390625 977.7122192382812 573.6935424804688 
1127
3 938.9984741210938 506.08953857421875 978.2357788085938 579.6570434570312 
1128
1129
1130
1131
3 945.7737426757812 506.5596923828125 977.0235595703125 566.2337646484375 
1132
3 946.9525146484375 506.206787109375 977.9993896484375 574.3603515625 
1133
3 947.6000366210938 505.76885986328125 980.3224487304688 573.3775634765625 
1134
3 948.10888671875 504.81982421875 982.228759765625 567.00732421875 
1135
1136
1137
1138
1139
1140
1141
3 957.2918090820312 505.1658935546875 993.5155029296875 567.098388671875 
1142
3 959.2002563476562 505.9034423828125 996.1468505859375 571.968017578125 
1143
3 961.9120483398438 504.69879150390625 996.7796020507812 567.2078247070312 
1144
3 964.9896850585938 505.49078369140625 998.570556640625 565.1514892578125 
1145
3 966.7491455078125 504.24847412109375 1000.6049194335938 570.6534423828125 
1146
3 967.5224609375 505.09173583984375 1001.3032836914062 574.09326171875 
1147
3 969.1375122070312 504.3948974609375 1002.0543823242188 567.1817016601562 
1148
3 969.0331420898438 503.1986083984375 1003.2172241210938 570.227294921875 
1149
3 969.3051147460938 502.714599609375 1005.196533203125 567.5385131835938 
1150
3 969.4556884765625 501.38348388671875 1007.1011352539062 565.2946166992188 
1151
3 970.5402221679688 501.69879150390625 1010.1493530273438 564.878173828125 
1152
3 971.7962646484375 502.62713623046875 1012.8555297851562 569.4186401367188 
1153
3 972.1593627929688 502.23809814453125 1014.2137451171875 566.859619140625 
1154
3 973.1572265625 503.37725830078125 1017.011962890625 567.5260620117188 
1155
3 974.1976928710938 503.60760498046875 1017.0350341796875 568.3407592773438 
1156
3 975.623046875 504.02325439453125 1018.0208129882812 564.307861328125 
1157
3 974.9595336914062 504.9739990234375 1019.6334228515625 563.3683471679688 
1158
3 979.6292114257812 504.88873291015625 1020.5255126953125 563.3172607421875 
3 1130.0699462890625 501.42340087890625 1155.2236328125 557.2232666015625 
1159
3 979.6763305664062 506.12738037109375 1021.3233642578125 562.8001708984375 
1160
3 982.302490234375 506.786865234375 1022.9112548828125 563.73095703125 
1161
3 983.9237060546875 506.5093994140625 1024.6885986328125 563.6124267578125 
1162
3 985.655517578125 503.751220703125 1026.1514892578125 563.3757934570312 
1163
3 989.7340698242188 501.71917724609375 1026.9908447265625 561.5672607421875 
1164
3 989.48779296875 502.091796875 1026.0361328125 560.3969116210938 
1165
1166
1167
1168
1169
1170
1171
3 999.2520141601562 498.73028564453125 1029.6202392578125 559.6273193359375 
1172
3 999.9528198242188 498.039794921875 1032.525390625 558.986572265625 
1173
3 1001.2128295898438 498.18231201171875 1033.90283203125 558.8665161132812 
1174
1175
3 1002.5810546875 499.6624755859375 1038.0341796875 559.2998046875 
1176
1177
1178
3 1006.5040283203125 499.698486328125 1038.5689697265625 560.2581176757812 
1179
1180
1181
1182
3 1011.8795166015625 496.51171875 1043.149658203125 555.9655151367188 
1183
3 1013.9707641601562 497.13739013671875 1044.6614990234375 556.2681884765625 
1184
3 1016.3370361328125 496.53497314453125 1046.705810546875 555.2431030273438 
1185
1186
3 1021.0787353515625 494.9757080078125 1050.037353515625 553.9201049804688 
1187
3 1021.4818725585938 491.88958740234375 1052.1112060546875 555.7297973632812 
1188
3 1022.7606811523438 490.988525390625 1053.7431640625 554.9842529296875 
1189
3 1023.7989501953125 490.310791015625 1055.2855224609375 549.7294311523438 
1190
3 1025.2901611328125 490.23052978515625 1057.449462890625 549.1807250976562 
1191
1192
3 1028.9454345703125 489.6522216796875 1061.8516845703125 553.3063354492188 
1193
3 1031.6246337890625 489.1866455078125 1064.3155517578125 553.8175048828125 
1194
3 1032.5994873046875 489.2178955078125 1065.839599609375 552.6282958984375 
1195
3 1033.21142578125 489.6583251953125 1067.4288330078125 550.6425170898438 
1196
3 1034.8287353515625 489.531494140625 1068.2025146484375 549.4857788085938 
1197
3 1034.958251953125 489.3072509765625 1069.5333251953125 547.1937866210938 
1198
3 1035.5897216796875 488.54443359375 1071.3763427734375 546.9463500976562 
