0
1
2
3
4
5
6
7
8
9
10
11
12
13
14
15
16
17
18
19
20
21
22
23
24
25
26
27
28
29
30
31
32
33
34
35
36
37
38
39
40
41
42
43
44
45
46
47
48
49
50
51
52
53
54
55
56
57
58
59
60
61
62
63
64
65
66
67
68
69
70
71
72
3 2410.90478515625 939.5401611328125 2558.9951171875 1078.17138671875 
73
74
75
76
77
78
79
80
81
82
83
84
85
86
87
88
89
90
91
3 2273.264404296875 850.053466796875 2548.41552734375 1011.6549072265625 
92
93
3 2268.391845703125 834.9336547851562 2543.22607421875 1008.2413330078125 
94
3 2264.024658203125 829.395751953125 2539.410888671875 1005.385498046875 
95
3 2259.199951171875 821.1356201171875 2533.114501953125 999.4752197265625 
96
3 2253.537353515625 814.4608154296875 2529.27880859375 996.59912109375 
97
98
99
3 2243.052978515625 797.5025634765625 2514.170166015625 954.0923461914062 
100
3 2240.429931640625 794.753173828125 2508.5546875 946.7200317382812 
101
3 2236.871826171875 793.30126953125 2498.559814453125 945.8701171875 
102
3 2232.14990234375 792.48974609375 2490.72412109375 945.311279296875 
103
3 2226.203369140625 790.8864135742188 2480.31982421875 946.6927490234375 
104
3 2219.65283203125 790.0441284179688 2470.595703125 940.7833251953125 
105
106
107
108
109
110
111
112
3 2181.535400390625 790.3845825195312 2411.859375 931.9315185546875 
113
114
115
116
117
118
119
120
121
3 2141.14013671875 725.1470336914062 2380.679443359375 907.7041625976562 
122
3 2204.450439453125 717.6405639648438 2373.762451171875 848.8780517578125 
123
124
3 2131.774169921875 696.6203002929688 2369.43896484375 874.5650024414062 
125
3 2128.96142578125 686.2752075195312 2364.05029296875 876.7091064453125 
126
3 2189.26953125 678.0701293945312 2360.517578125 825.0101928710938 
127
128
3 2118.73828125 662.265625 2348.16162109375 857.8480224609375 
129
3 2104.95263671875 654.41162109375 2343.25244140625 909.2073974609375 
3 2110.61572265625 654.3164672851562 2342.421630859375 849.3395385742188 
130
3 2086.030517578125 645.5853881835938 2339.486572265625 896.317138671875 
131
3 2105.302734375 635.9580078125 2335.319091796875 838.3433837890625 
132
3 2104.12255859375 628.1473999023438 2329.9580078125 891.1478881835938 
133
3 2107.119384765625 621.9220581054688 2323.2919921875 886.0538330078125 
134
3 2103.512939453125 615.2286376953125 2319.85595703125 885.3636474609375 
135
3 2092.93310546875 608.7896728515625 2313.756591796875 883.9090576171875 
136
3 2098.309326171875 603.04736328125 2309.54052734375 878.5772705078125 
137
3 2095.38818359375 597.487548828125 2305.99365234375 876.204833984375 
138
3 2090.515380859375 592.7994384765625 2302.428466796875 867.655029296875 
139
3 2084.115966796875 589.1714477539062 2297.8330078125 852.3477783203125 
140
3 2081.838623046875 584.3594970703125 2295.87060546875 851.57568359375 
141
3 2085.031005859375 580.837890625 2291.31689453125 832.8695068359375 
142
3 2074.13720703125 575.535400390625 2287.577880859375 833.0343017578125 
143
3 2072.280029296875 571.1112060546875 2283.51953125 815.0667724609375 
144
3 2071.926025390625 566.723388671875 2279.60595703125 797.6686401367188 
145
3 2068.421875 562.2327880859375 2276.252685546875 804.846435546875 
146
3 2061.36376953125 557.0767822265625 2272.92529296875 795.508056640625 
147
3 2062.340087890625 552.0297241210938 2269.861083984375 788.9036254882812 
148
3 2059.22998046875 549.4374389648438 2266.75244140625 785.105712890625 
149
3 2058.868896484375 545.886474609375 2261.70068359375 779.3582763671875 
150
3 2032.1138916015625 545.0416870117188 2257.87890625 786.8184814453125 
151
3 2047.101806640625 544.6473999023438 2254.0888671875 776.775146484375 
152
3 2044.9453125 541.9053955078125 2253.031494140625 773.5374755859375 
153
3 2020.4813232421875 538.2892456054688 2251.713623046875 798.8590698242188 
154
1 2003.072021484375 534.7306518554688 2248.7138671875 796.1463623046875 
155
1 2003.981689453125 532.2067260742188 2245.79248046875 780.366455078125 
156
1 1993.5418701171875 532.3377685546875 2243.101318359375 776.772705078125 
157
1 1991.5692138671875 533.0885009765625 2238.711669921875 790.6231079101562 
158
1 2005.4761962890625 533.3788452148438 2235.797607421875 756.536865234375 
159
1 1998.062255859375 532.3276977539062 2233.74072265625 778.52001953125 
160
1 1993.281494140625 530.161376953125 2233.437744140625 784.1357421875 
1 1994.1888427734375 530.2257690429688 2233.58154296875 783.129150390625 
161
1 1990.3779296875 529.0787963867188 2233.7333984375 780.0711669921875 
162
1 1998.8321533203125 529.2247314453125 2231.489990234375 737.288818359375 
163
3 2018.6002197265625 530.5071411132812 2227.673828125 738.5975952148438 
164
1 1978.0816650390625 530.4605712890625 2226.344970703125 774.627197265625 
1 1997.4720458984375 529.8901977539062 2227.102294921875 740.4413452148438 
1 1980.3399658203125 529.8746337890625 2227.453125 772.26904296875 
165
3 2007.8216552734375 530.3717041015625 2228.06103515625 735.8695068359375 
166
3 2008.1318359375 526.2559814453125 2231.4619140625 736.3411865234375 
167
3 2010.7093505859375 521.0048828125 2233.962646484375 729.7589721679688 
168
3 2019.19921875 514.62158203125 2238.982421875 721.2296752929688 
169
3 2035.9874267578125 509.16094970703125 2246.150390625 702.8153076171875 
170
3 2036.1942138671875 506.243896484375 2246.9931640625 700.325439453125 
171
3 2036.7310791015625 503.42041015625 2248.527587890625 698.8175659179688 
172
3 2033.3265380859375 500.26983642578125 2250.9765625 698.3037719726562 
173
3 2033.153564453125 499.2181396484375 2253.361328125 696.8406372070312 
174
3 2032.3453369140625 494.94384765625 2257.82958984375 705.3483276367188 
175
3 2032.405029296875 492.2342529296875 2263.34228515625 706.09912109375 
176
3 2032.9415283203125 491.241943359375 2269.4345703125 704.02685546875 
177
3 2036.2000732421875 488.91082763671875 2272.573974609375 699.0380859375 
178
3 2038.3062744140625 485.423583984375 2277.477783203125 694.3294067382812 
179
3 2038.52294921875 482.7479248046875 2283.31689453125 688.48193359375 
180
3 2038.7379150390625 478.86492919921875 2288.697021484375 685.7282104492188 
181
3 2037.9193115234375 476.455322265625 2292.8427734375 686.2797241210938 
182
3 2036.406005859375 476.99908447265625 2295.472412109375 682.2860107421875 
183
3 2036.38037109375 478.4798583984375 2299.786865234375 681.9739990234375 
184
3 2038.364013671875 480.086669921875 2303.43701171875 687.8092041015625 
185
3 2042.393310546875 479.9979248046875 2309.093017578125 686.17919921875 
186
3 2051.94921875 477.0205078125 2319.042236328125 684.2182006835938 
187
3 2060.9931640625 472.58380126953125 2326.5556640625 675.7120361328125 
188
3 2078.0380859375 468.2443542480469 2335.0341796875 666.3646850585938 
189
3 2088.9580078125 465.08746337890625 2340.25146484375 669.2219848632812 
190
3 2101.561767578125 462.853271484375 2344.3291015625 667.7396850585938 
191
3 2114.52734375 460.03131103515625 2348.166748046875 662.0526733398438 
192
3 2130.113525390625 456.10968017578125 2352.1943359375 651.3430786132812 
193
3 2141.355712890625 453.7828369140625 2356.609130859375 649.3427124023438 
194
3 2148.147705078125 450.637451171875 2361.302978515625 652.490234375 
195
3 2147.65380859375 451.6544189453125 2366.5771484375 651.6882934570312 
196
3 2148.858642578125 453.62139892578125 2373.17138671875 653.292236328125 
197
3 2149.38427734375 455.7983703613281 2378.377685546875 657.6702880859375 
198
3 2149.361083984375 459.471435546875 2383.614501953125 659.33251953125 
199
3 2149.351806640625 460.6942443847656 2389.354736328125 674.74658203125 
200
3 2152.881103515625 460.63909912109375 2398.98876953125 673.8069458007812 
201
3 2156.31787109375 460.756103515625 2403.18310546875 674.9742431640625 
202
3 2159.4619140625 462.1883239746094 2411.788818359375 678.1068115234375 
203
3 2161.60693359375 465.2292175292969 2419.203369140625 680.0513916015625 
204
3 2163.167236328125 468.22698974609375 2427.592529296875 688.2606201171875 
205
3 2167.827880859375 470.03955078125 2431.579345703125 689.9762573242188 
206
3 2174.822509765625 473.9419860839844 2435.9453125 683.1456298828125 
207
3 2183.931884765625 479.5079345703125 2442.296630859375 699.6890869140625 
208
3 2191.859375 482.40069580078125 2449.568603515625 690.7479248046875 
209
3 2203.594970703125 484.555908203125 2455.789794921875 692.5557250976562 
210
3 2207.470458984375 485.0372314453125 2460.4267578125 683.2440185546875 
211
3 2212.802001953125 484.70013427734375 2463.02099609375 685.4624633789062 
212
3 2222.05322265625 484.95745849609375 2465.732666015625 684.4273071289062 
213
3 2224.23388671875 485.21429443359375 2469.8935546875 688.3251342773438 
214
3 2229.427978515625 485.4520263671875 2472.18701171875 694.4081420898438 
215
3 2227.527099609375 486.4541015625 2474.999267578125 696.2872924804688 
216
3 2228.50244140625 487.3994140625 2477.99951171875 698.4778442382812 
217
3 2233.896728515625 488.578369140625 2479.51708984375 703.4794921875 
218
3 2229.82470703125 489.2506103515625 2481.1669921875 703.9468383789062 
219
3 2222.76318359375 488.259033203125 2482.2939453125 702.34326171875 
220
3 2228.181884765625 487.05889892578125 2482.037353515625 704.5419311523438 
221
3 2229.04638671875 486.75079345703125 2480.14111328125 701.2320556640625 
222
3 2237.314453125 485.40106201171875 2479.354736328125 709.0009765625 
223
3 2238.16943359375 483.64324951171875 2476.066162109375 699.4759521484375 
224
3 2241.5419921875 481.29437255859375 2475.41357421875 705.7520751953125 
225
3 2224.507080078125 479.13232421875 2475.03662109375 711.2147216796875 
226
3 2239.904052734375 477.675048828125 2472.412841796875 703.3143310546875 
227
3 2235.4931640625 475.4244079589844 2468.521240234375 714.6989135742188 
228
3 2247.501953125 474.005859375 2467.4287109375 717.2079467773438 
229
3 2245.767822265625 471.7794494628906 2466.4306640625 719.7322387695312 
230
3 2243.26611328125 469.60107421875 2464.845703125 713.151611328125 
231
3 2254.58740234375 468.4698181152344 2463.97216796875 707.3362426757812 
232
3 2249.863525390625 465.75335693359375 2464.25927734375 707.795166015625 
233
3 2274.020263671875 464.50469970703125 2464.5517578125 707.3999633789062 
234
3 2266.922607421875 464.031982421875 2467.3564453125 711.66064453125 
235
3 2272.07568359375 464.1681823730469 2468.608154296875 705.2764282226562 
236
3 2279.828125 464.4787902832031 2471.89013671875 706.367431640625 
237
3 2282.198974609375 464.787841796875 2473.193115234375 699.6966552734375 
3 123.52239990234375 50.010704040527344 184.93344116210938 162.24490356445312 
238
3 2300.5966796875 465.56500244140625 2475.707275390625 697.149658203125 
239
3 2307.447509765625 466.6729431152344 2477.337158203125 692.0592041015625 
240
3 2295.461669921875 468.4502868652344 2480.46337890625 697.28955078125 
241
3 2290.822509765625 470.79022216796875 2483.102294921875 696.615234375 
242
3 2285.9814453125 473.9766540527344 2486.667236328125 698.220703125 
243
3 2281.79150390625 478.1053466796875 2488.72216796875 699.967529296875 
244
3 2279.3193359375 481.758056640625 2493.18310546875 701.12890625 
245
3 2275.502197265625 486.00164794921875 2496.1728515625 702.13818359375 
246
3 2278.138427734375 491.35638427734375 2500.16943359375 706.4701538085938 
247
3 2280.60400390625 495.894287109375 2505.2060546875 710.437744140625 
248
3 2292.061279296875 500.2545166015625 2511.314208984375 714.658447265625 
249
3 2304.23779296875 503.9326171875 2516.47802734375 717.8331298828125 
250
3 2293.911865234375 507.85223388671875 2523.373779296875 723.436767578125 
3 249.02488708496094 5.345672607421875 343.13238525390625 125.06109619140625 
251
3 2304.884033203125 511.28924560546875 2529.8486328125 728.9539794921875 
252
3 2334.415771484375 514.3075561523438 2540.01611328125 732.074951171875 
253
3 292.80511474609375 7.5173492431640625 374.854736328125 113.91256713867188 
3 2326.4541015625 517.8126831054688 2548.4287109375 738.08203125 
254
3 2334.42333984375 519.5432739257812 2555.226806640625 741.78173828125 
3 305.8537902832031 0.7297554016113281 383.41839599609375 106.00027465820312 
255
3 2365.04931640625 521.9078979492188 2558.965576171875 742.7024536132812 
256
3 2350.407958984375 524.86083984375 2559.115234375 749.2571411132812 
3 0.0 156.74330139160156 32.87640380859375 239.11785888671875 
3 333.6872863769531 0.4995689392089844 411.25445556640625 103.42947387695312 
257
3 2341.767822265625 526.503173828125 2559.064208984375 757.6722412109375 
258
3 361.3832092285156 0.407501220703125 434.98345947265625 97.87419128417969 
3 2336.912353515625 532.40185546875 2559.146728515625 738.0160522460938 
3 0.20837879180908203 74.0244140625 61.720706939697266 203.67640686035156 
259
3 2343.126708984375 536.9111328125 2558.9248046875 772.740478515625 
3 374.5606384277344 3.5937767028808594 430.58453369140625 96.50543212890625 
260
3 2348.464111328125 547.0344848632812 2558.813720703125 778.3321533203125 
261
3 2357.2275390625 559.5765991210938 2558.936279296875 786.294189453125 
262
3 2365.375244140625 590.2796020507812 2559.093994140625 794.8843994140625 
3 427.5542297363281 0.0 496.9168701171875 86.24990844726562 
263
3 443.95758056640625 0.00441741943359375 496.4224853515625 82.35257720947266 
264
3 461.3321838378906 0.0 511.2192077636719 73.47137451171875 
265
3 2483.347900390625 620.0258178710938 2558.87890625 812.828369140625 
3 2414.443359375 620.6602172851562 2559.025634765625 811.3091430664062 
266
267
3 2446.635498046875 641.8003540039062 2558.8505859375 826.8164672851562 
268
3 2456.3505859375 645.4508666992188 2559.180419921875 830.6608276367188 
269
270
3 568.1680297851562 0.36936187744140625 598.4537963867188 58.562477111816406 
271
272
273
274
275
276
277
278
279
280
3 413.2598571777344 1.9690093994140625 465.7472229003906 116.28695678710938 
3 478.06805419921875 0.7015838623046875 502.9007263183594 43.423248291015625 
281
282
283
284
3 107.91915130615234 67.48956298828125 134.4056854248047 124.53890991210938 
285
286
287
288
289
290
3 0.0 219.6459197998047 19.269500732421875 247.84005737304688 
291
292
293
294
295
296
297
298
299
300
301
302
303
304
305
306
307
308
3 0.03766918182373047 153.43533325195312 26.562170028686523 212.6153106689453 
309
3 2.7935781478881836 112.15115356445312 51.46452331542969 201.52029418945312 
3 0.0 155.96095275878906 24.570201873779297 273.21905517578125 
3 4.173004150390625 112.55513000488281 54.03801727294922 200.46107482910156 
310
3 37.769039154052734 102.96406555175781 89.3197250366211 195.76773071289062 
3 0.2585430145263672 116.95115661621094 56.732818603515625 260.77386474609375 
3 0.5535984039306641 116.63935852050781 50.91276550292969 186.17910766601562 
311
3 34.06646728515625 106.21942138671875 88.38380432128906 186.9644317626953 
3 72.57816314697266 93.28057861328125 123.24463653564453 178.9122314453125 
312
3 66.40636444091797 96.45208740234375 116.66304016113281 175.980224609375 
3 105.32549285888672 84.37846374511719 153.21163940429688 165.6461181640625 
313
3 99.77979278564453 88.23603820800781 143.56649780273438 168.382568359375 
3 137.35189819335938 74.2823486328125 185.33401489257812 159.62818908691406 
314
3 170.27890014648438 66.91841125488281 226.49713134765625 146.91073608398438 
3 133.09632873535156 79.62113952636719 181.93911743164062 150.22842407226562 
315
3 166.75643920898438 70.0108642578125 210.81765747070312 148.391357421875 
3 204.08714294433594 59.461517333984375 252.11868286132812 138.4185028076172 
316
3 236.22422790527344 50.73393249511719 286.6776428222656 129.20394897460938 
3 200.2568817138672 63.09083557128906 243.3278350830078 128.4716339111328 
317
3 272.5260925292969 42.65971374511719 316.4341125488281 123.63624572753906 
3 233.11978149414062 54.9261474609375 277.28179931640625 128.4532470703125 
318
3 306.3564453125 35.461341857910156 355.6535339355469 119.19680786132812 
3 265.7673645019531 48.08727264404297 312.55389404296875 121.2548828125 
319
3 297.80255126953125 38.76252746582031 345.31549072265625 116.52668762207031 
3 342.0630798339844 28.332733154296875 386.8923034667969 104.80055236816406 
3 0.3126411437988281 395.8199157714844 60.45047378540039 479.83935546875 
320
3 0.6094741821289062 337.726806640625 92.38919830322266 471.9374694824219 
3 373.8486022949219 22.237804412841797 416.31658935546875 99.18614196777344 
3 334.7977600097656 32.03008270263672 376.3894958496094 102.39645385742188 
321
3 0.5017013549804688 271.70550537109375 123.00300598144531 459.1197509765625 
3 367.65325927734375 25.63006591796875 408.38433837890625 98.77987670898438 
3 407.6690673828125 15.462165832519531 448.8348388671875 91.74435424804688 
322
3 0.2623710632324219 206.6138153076172 151.22811889648438 447.64349365234375 
3 441.3833923339844 7.317695617675781 486.6806640625 85.5057601928711 
3 399.44549560546875 17.994617462158203 439.3880615234375 91.80872344970703 
323
3 473.9352722167969 1.7356376647949219 513.154296875 77.19625854492188 
3 432.98529052734375 9.337509155273438 471.98687744140625 83.0101547241211 
324
3 507.86090087890625 1.006317138671875 546.9988403320312 70.69154357910156 
325
3 540.4881591796875 0.3988685607910156 578.4920654296875 67.79345703125 
3 2415.90234375 29.452865600585938 2463.4892578125 79.02415466308594 
326
327
328
329
