0
1
2
3
4
5
6
7
8
9
10
11
12
13
14
15
16
17
18
19
20
21
22
23
24
25
26
27
28
29
30
31
32
33
34
35
36
37
38
39
40
41
42
43
44
45
46
47
48
49
50
51
52
53
54
55
56
57
58
59
60
61
62
63
64
65
66
67
68
69
70
71
72
73
74
75
76
77
78
79
80
81
82
83
84
85
86
87
88
89
90
91
92
93
94
95
96
97
98
99
100
101
102
103
104
105
106
107
108
109
3 2524.828369140625 137.416748046875 2559.044189453125 226.64694213867188 
110
3 2512.086669921875 129.21949768066406 2558.947998046875 225.38775634765625 
111
3 2496.3447265625 107.94450378417969 2559.143310546875 217.14544677734375 
112
3 2479.999755859375 106.73779296875 2555.14697265625 212.683837890625 
113
3 2464.3935546875 99.44305419921875 2534.255859375 206.4229278564453 
114
3 2447.8291015625 96.50921630859375 2520.2001953125 202.75588989257812 
115
3 2430.667724609375 91.2219009399414 2500.1328125 197.0878448486328 
116
3 2413.32373046875 83.93062591552734 2486.047607421875 191.67477416992188 
117
3 2395.328857421875 82.28874969482422 2463.430908203125 186.57589721679688 
118
3 2377.06494140625 73.64202880859375 2448.44970703125 180.19847106933594 
119
3 2358.74365234375 69.6144790649414 2423.02197265625 173.85012817382812 
120
3 2337.026611328125 64.05670928955078 2405.46630859375 168.74024963378906 
121
3 2316.43212890625 59.38258361816406 2383.597900390625 163.15118408203125 
122
3 2295.57421875 54.151123046875 2361.22314453125 156.9188995361328 
123
3 2272.834716796875 52.522857666015625 2337.279541015625 151.6387481689453 
0 2418.069091796875 786.4096069335938 2559.043701171875 1056.9234619140625 
124
3 2248.826416015625 42.105804443359375 2317.338623046875 144.95651245117188 
3 2434.1787109375 773.6301879882812 2558.843017578125 1043.145751953125 
125
3 2225.115966796875 36.83770751953125 2288.692138671875 139.306884765625 
0 2419.303955078125 737.2440795898438 2558.898193359375 1031.5523681640625 
126
3 2200.477783203125 31.61463165283203 2264.526611328125 133.66891479492188 
0 2398.458984375 715.185546875 2558.958984375 1025.12939453125 
3 2021.7723388671875 24.091392517089844 2065.489501953125 120.39065551757812 
127
3 2174.511474609375 26.603477478027344 2240.157470703125 127.21890258789062 
0 2383.81298828125 699.645751953125 2559.0283203125 1010.5701904296875 
128
3 2150.762451171875 20.315719604492188 2210.84716796875 120.94027709960938 
0 2324.1435546875 739.4805908203125 2558.89404296875 1042.85986328125 
3 1969.88134765625 12.62759017944336 2011.9317626953125 105.27719116210938 
129
3 2122.41650390625 14.584205627441406 2183.902587890625 114.9525146484375 
0 2339.058349609375 687.5095825195312 2559.030029296875 990.1148681640625 
130
3 2095.0068359375 8.303192138671875 2154.571044921875 108.42451477050781 
0 2241.876708984375 676.3663940429688 2558.876953125 1010.0634765625 
131
0 2241.446044921875 666.125244140625 2558.9453125 1004.073486328125 
3 2066.201416015625 3.537120819091797 2126.157958984375 103.388671875 
132
0 2258.802490234375 655.7841186523438 2558.896240234375 991.8345947265625 
3 2038.7198486328125 0.0623931884765625 2097.950439453125 97.10003662109375 
133
3 2014.31494140625 1.2262458801269531 2072.407470703125 91.45568084716797 
0 2167.534423828125 618.4302978515625 2558.80517578125 947.9214477539062 
134
0 2155.86474609375 601.8258056640625 2558.52734375 934.585205078125 
3 1990.0821533203125 1.0368423461914062 2047.4466552734375 88.09337615966797 
135
0 2111.8466796875 589.1537475585938 2558.58056640625 930.087890625 
3 1968.3292236328125 1.243682861328125 2025.5179443359375 84.00858306884766 
136
0 2114.3193359375 582.3453369140625 2558.495361328125 937.8327026367188 
3 1947.03369140625 0.7385368347167969 2004.3497314453125 79.6376724243164 
137
0 2118.03369140625 576.2349243164062 2558.8662109375 924.8709716796875 
3 1928.4317626953125 0.4931068420410156 1984.2972412109375 75.77848815917969 
138
0 2125.522216796875 570.104736328125 2558.670166015625 944.3238525390625 
3 1911.8336181640625 0.15279769897460938 1967.284423828125 74.89553833007812 
139
0 2135.9560546875 566.101806640625 2558.742919921875 947.6360473632812 
3 1896.1993408203125 0.90240478515625 1952.186279296875 72.369384765625 
140
0 2141.903564453125 565.6075439453125 2558.735107421875 955.7391357421875 
3 1878.5380859375 0.0 1935.7708740234375 69.06060791015625 
141
0 2141.72607421875 559.2996826171875 2558.591552734375 967.519287109375 
3 1862.929931640625 0.0 1919.89501953125 67.12438201904297 
142
0 2127.431884765625 558.5712280273438 2558.877685546875 980.0128173828125 
3 1847.89013671875 0.195098876953125 1904.0615234375 63.72857666015625 
143
0 2116.7294921875 556.13671875 2558.810791015625 986.587890625 
3 1833.026611328125 0.0 1886.8433837890625 62.03620147705078 
144
0 2106.251220703125 544.4834594726562 2558.97998046875 987.420654296875 
3 1817.0953369140625 0.0 1872.9622802734375 59.525390625 
145
0 2096.65966796875 521.5050048828125 2559.013427734375 991.193115234375 
3 1806.4708251953125 0.0 1859.8258056640625 59.40147399902344 
146
0 2102.87451171875 514.6179809570312 2559.17724609375 992.2078857421875 
3 1796.7222900390625 0.0 1852.5263671875 56.06956481933594 
147
0 2086.4228515625 529.890869140625 2558.509765625 994.6856689453125 
3 1789.144775390625 0.0 1845.3675537109375 55.54956817626953 
148
0 2080.8505859375 553.2618408203125 2558.413818359375 998.8197021484375 
3 1784.9495849609375 0.0 1839.72412109375 55.79155731201172 
149
0 2080.121337890625 561.909423828125 2558.651123046875 1003.1416015625 
3 1784.817138671875 0.0 1837.6688232421875 55.40760803222656 
150
0 2081.07958984375 572.3765869140625 2557.773193359375 1005.72216796875 
3 1784.4732666015625 0.0 1836.845458984375 55.413963317871094 
151
0 2083.010009765625 578.99853515625 2557.814208984375 1005.803466796875 
3 1784.6087646484375 0.0 1836.95263671875 55.602378845214844 
152
0 2087.35791015625 583.183349609375 2558.2265625 1007.2288818359375 
3 1783.3956298828125 0.0 1836.758544921875 55.71318054199219 
153
0 2094.9755859375 587.84521484375 2558.123779296875 1008.37744140625 
3 1782.3958740234375 0.023651123046875 1836.017822265625 55.716331481933594 
154
0 2104.51416015625 593.7522583007812 2558.55078125 1007.9249267578125 
3 1781.39404296875 0.0 1835.580810546875 55.772979736328125 
155
0 2125.646484375 598.873046875 2558.760498046875 1006.338134765625 
3 1781.6700439453125 0.0 1835.546142578125 55.97235870361328 
156
0 2144.170166015625 607.5873413085938 2558.82763671875 1007.4444580078125 
3 1784.0836181640625 0.0 1836.37548828125 55.59044647216797 
157
0 2171.943603515625 619.5477294921875 2558.89599609375 1008.024658203125 
3 1784.82568359375 0.0 1839.44482421875 55.836578369140625 
158
3 1789.6060791015625 0.0 1844.9605712890625 55.778961181640625 
0 2193.48828125 630.611328125 2557.697998046875 967.6998291015625 
159
0 2220.383544921875 645.2523803710938 2558.9306640625 971.2042846679688 
3 1796.5477294921875 0.0 1849.898193359375 56.52803039550781 
160
0 2246.683837890625 672.0036010742188 2558.920166015625 1013.4554443359375 
3 1801.6968994140625 0.0 1855.534912109375 59.21923828125 
161
0 2265.591064453125 688.06103515625 2558.6201171875 1018.659423828125 
3 1809.033447265625 0.0 1863.881591796875 59.64884948730469 
162
0 2264.967529296875 703.8527221679688 2558.857421875 1023.4697265625 
3 1817.68896484375 0.0 1872.4385986328125 60.239418029785156 
163
0 2273.66748046875 718.9385375976562 2558.826171875 1027.308349609375 
3 1825.890869140625 0.0 1879.4578857421875 62.601051330566406 
164
0 2281.62841796875 738.3811645507812 2558.85400390625 1030.4139404296875 
3 1832.9639892578125 0.0 1887.3360595703125 63.27021026611328 
165
0 2283.35009765625 748.72607421875 2558.987548828125 1033.3603515625 
3 1838.444580078125 0.0 1892.35009765625 64.21675872802734 
3 2478.3095703125 33.27177429199219 2557.675537109375 169.88665771484375 
166
0 2285.668701171875 778.70068359375 2559.14453125 1035.67724609375 
3 1844.283447265625 0.7404136657714844 1897.906494140625 63.55320739746094 
167
3 1848.9202880859375 0.3048667907714844 1904.9427490234375 65.09117889404297 
0 2290.923828125 830.243408203125 2558.89453125 1036.6427001953125 
168
0 2296.974609375 872.4215087890625 2558.922119140625 1047.5128173828125 
3 1855.015625 0.05129241943359375 1910.2252197265625 64.63911437988281 
169
0 2307.943115234375 875.2928466796875 2558.92529296875 1044.92431640625 
3 1862.6881103515625 0.055850982666015625 1919.0950927734375 65.54261779785156 
170
3 1873.150390625 0.12972259521484375 1927.444091796875 68.45704650878906 
0 2316.884033203125 891.1392822265625 2558.93505859375 1048.7364501953125 
171
3 1885.0025634765625 0.0 1941.382080078125 70.5983657836914 
0 2328.962158203125 916.7632446289062 2558.9072265625 1052.9774169921875 
172
3 1898.129150390625 0.0416259765625 1954.8388671875 72.04762268066406 
0 2344.743408203125 931.1047973632812 2558.814453125 1056.8740234375 
173
3 1911.9423828125 0.26218414306640625 1966.5958251953125 74.34561157226562 
0 2365.2578125 950.7750244140625 2558.8115234375 1063.43505859375 
174
0 2382.542724609375 967.70166015625 2559.060302734375 1065.5528564453125 
3 1924.6151123046875 0.21776962280273438 1988.648193359375 75.2203140258789 
3 1924.9022216796875 0.079345703125 1979.28125 74.46484375 
175
3 1935.1397705078125 0.8586654663085938 1993.135498046875 78.74427795410156 
0 2402.512939453125 975.8270263671875 2558.771484375 1072.627197265625 
176
3 1946.0196533203125 0.6145439147949219 2002.248779296875 80.39089965820312 
3 2424.652587890625 982.075439453125 2558.70068359375 1077.7430419921875 
177
3 1954.955322265625 1.49652099609375 2011.3155517578125 83.74274444580078 
3 2453.331298828125 991.507568359375 2559.008056640625 1078.8424072265625 
178
3 1963.18798828125 0.6780624389648438 2024.3887939453125 84.25019836425781 
3 2482.00732421875 1003.319580078125 2558.806640625 1079.036376953125 
179
3 1971.3096923828125 0.7595481872558594 2030.65185546875 87.61091613769531 
3 2511.052001953125 1016.9395751953125 2559.016845703125 1079.157958984375 
180
3 1984.4989013671875 0.6435737609863281 2042.4825439453125 88.50506591796875 
181
3 1998.7242431640625 0.5044288635253906 2055.8740234375 91.82384490966797 
182
3 2014.29345703125 0.0 2073.17822265625 96.38650512695312 
3 1825.7811279296875 1.2158889770507812 1869.67919921875 92.27999877929688 
183
3 2031.1947021484375 1.6515731811523438 2090.223876953125 100.7943115234375 
184
3 2049.889404296875 4.0102996826171875 2110.971923828125 103.77047729492188 
185
3 2068.32470703125 5.900848388671875 2128.00732421875 106.45184326171875 
186
3 2086.03466796875 8.879547119140625 2146.740478515625 105.74522399902344 
187
3 2102.603271484375 9.237777709960938 2162.98974609375 109.2252197265625 
3 1917.367919921875 7.843849182128906 1959.611572265625 96.11016845703125 
188
3 2119.109375 13.006782531738281 2180.889404296875 114.216552734375 
3 1933.2509765625 10.240509033203125 1977.3922119140625 100.86117553710938 
189
3 2135.92578125 17.751514434814453 2197.140625 118.34358215332031 
190
3 2152.32958984375 19.43935775756836 2216.984375 122.33917236328125 
191
3 2169.630615234375 26.89974594116211 2233.663818359375 126.69696044921875 
192
3 2189.084716796875 29.889923095703125 2250.795654296875 129.2962646484375 
193
3 2207.969482421875 33.787254333496094 2274.461181640625 134.69546508789062 
3 2028.8037109375 21.939346313476562 2073.365234375 117.13949584960938 
194
3 2226.7841796875 35.92866516113281 2292.240966796875 139.5771484375 
195
3 2245.962646484375 41.63053894042969 2313.01904296875 143.794189453125 
3 2067.765869140625 32.33795928955078 2111.708251953125 126.08502197265625 
196
3 2265.418212890625 46.793365478515625 2337.993408203125 150.5968475341797 
197
3 2283.38916015625 51.45750427246094 2352.1201171875 154.22149658203125 
198
3 2302.177490234375 57.716156005859375 2373.408935546875 159.00059509277344 
199
3 2321.34130859375 62.37855529785156 2391.60009765625 166.09768676757812 
200
3 2340.4658203125 66.20548248291016 2411.53466796875 169.35287475585938 
201
3 2359.119384765625 73.75516510009766 2431.31005859375 174.09304809570312 
202
3 2376.899658203125 77.44251251220703 2450.73291015625 181.507080078125 
203
3 2395.529296875 82.06597137451172 2467.779296875 186.89111328125 
204
3 2414.763916015625 88.64485931396484 2488.623046875 192.7171630859375 
205
3 2435.682373046875 94.4090576171875 2508.74169921875 199.15945434570312 
206
3 2455.587646484375 100.90267944335938 2528.39208984375 206.05581665039062 
3 2283.361083984375 80.43873596191406 2332.37255859375 181.94349670410156 
207
3 2472.803466796875 104.48367309570312 2548.119873046875 212.1737060546875 
208
3 2490.51171875 110.78962707519531 2558.58056640625 219.71994018554688 
209
3 2506.916015625 127.48342895507812 2558.9912109375 224.24072265625 
210
3 2519.963134765625 132.76316833496094 2558.98681640625 227.69857788085938 
211
212
213
214
215
216
217
218
219
220
221
222
223
224
225
226
227
228
229
230
231
232
233
234
235
236
237
238
239
240
241
242
243
244
245
246
247
248
249
250
251
252
253
254
255
256
257
258
259
260
261
262
263
264
265
266
267
268
269
270
271
272
273
274
275
276
277
278
279
280
281
282
283
284
285
286
287
288
289
290
291
292
293
294
295
3 2532.2607421875 164.30003356933594 2559.0673828125 259.2933349609375 
296
3 2527.78857421875 155.5137176513672 2559.004150390625 259.95654296875 
297
3 2527.6318359375 151.29083251953125 2558.948974609375 259.11358642578125 
298
3 2525.037109375 148.30706787109375 2558.961181640625 259.5256652832031 
299
3 2519.46875 148.23568725585938 2558.974365234375 253.42645263671875 
300
3 2516.91748046875 148.12686157226562 2558.934326171875 253.32723999023438 
301
3 2516.728759765625 149.08795166015625 2558.930419921875 260.4603271484375 
302
3 2517.774658203125 150.23594665527344 2558.910400390625 262.11236572265625 
303
3 2515.884033203125 151.47935485839844 2558.919921875 262.5479736328125 
304
3 2510.775634765625 152.5248565673828 2559.0078125 260.98529052734375 
305
3 2509.156982421875 153.69573974609375 2559.015869140625 260.00103759765625 
306
3 2508.268798828125 152.8314666748047 2559.018798828125 264.9667053222656 
307
3 2508.677978515625 152.27227783203125 2559.010009765625 263.3346252441406 
308
3 2506.54541015625 153.28472900390625 2559.005859375 261.491455078125 
309
3 2504.4013671875 150.82044982910156 2558.98291015625 256.9588928222656 
310
3 2501.728759765625 139.67430114746094 2559.034423828125 258.08624267578125 
311
3 2500.27099609375 135.93824768066406 2559.052490234375 254.22506713867188 
312
3 2498.785888671875 135.56195068359375 2559.0341796875 257.21856689453125 
313
3 2496.968505859375 131.49365234375 2559.111572265625 255.8973388671875 
314
3 2495.674560546875 130.0020751953125 2558.98974609375 253.25634765625 
315
3 2493.017822265625 126.00508117675781 2558.616943359375 253.52008056640625 
316
3 2489.144775390625 125.47219848632812 2558.715087890625 253.21954345703125 
317
3 2488.342041015625 124.23130798339844 2558.603759765625 251.09982299804688 
318
3 2487.347900390625 127.34587097167969 2558.287841796875 250.71994018554688 
319
3 2485.211669921875 128.01458740234375 2556.65673828125 251.05474853515625 
320
3 2483.4296875 126.16191101074219 2552.214111328125 248.33694458007812 
321
3 2477.46337890625 127.43840026855469 2548.416748046875 249.24661254882812 
322
3 2473.79296875 126.05354309082031 2545.4384765625 251.11077880859375 
323
3 2470.68701171875 127.52191162109375 2542.33447265625 254.24102783203125 
324
3 2466.483642578125 127.35627746582031 2540.303466796875 254.8658447265625 
325
3 2462.962158203125 127.45449829101562 2537.80126953125 255.73248291015625 
326
3 2460.761962890625 125.90447998046875 2534.59521484375 255.87643432617188 
327
3 2456.813720703125 120.13140869140625 2533.510986328125 254.36602783203125 
328
3 2454.182861328125 125.08183288574219 2528.943603515625 252.88070678710938 
329
3 2449.937255859375 121.31552124023438 2527.57861328125 251.37753295898438 
330
3 2446.103271484375 117.98428344726562 2524.877197265625 248.74395751953125 
3 2245.8994140625 68.81724548339844 2297.564697265625 167.2900390625 
331
3 2437.5439453125 116.05877685546875 2522.26513671875 247.81927490234375 
332
3 2431.015380859375 116.27490234375 2517.916748046875 246.7972412109375 
333
3 2426.664794921875 113.25619506835938 2513.737548828125 242.41781616210938 
334
3 2416.505126953125 116.26953125 2506.378173828125 249.07186889648438 
335
3 2413.029052734375 114.41534423828125 2501.46142578125 244.12728881835938 
336
3 2407.27880859375 112.87057495117188 2496.91064453125 240.810302734375 
337
3 2403.879638671875 111.61154174804688 2493.2138671875 245.73611450195312 
338
3 2402.47705078125 110.96711730957031 2489.041015625 248.99951171875 
339
3 2397.64892578125 112.07757568359375 2482.1015625 247.16943359375 
340
3 2391.30712890625 113.57135009765625 2474.943359375 247.65188598632812 
341
3 2389.760498046875 110.49755859375 2471.18798828125 244.0474853515625 
342
3 2385.26953125 109.04031372070312 2468.171630859375 243.21624755859375 
343
3 2383.316162109375 108.07794189453125 2464.41259765625 245.15380859375 
344
3 2381.6240234375 106.61813354492188 2461.210693359375 239.93328857421875 
345
3 2376.47216796875 103.77346801757812 2458.304443359375 239.11495971679688 
346
3 2373.186767578125 101.53202819824219 2453.4794921875 239.253662109375 
3 2184.908447265625 53.6556396484375 2238.91015625 146.37396240234375 
347
3 2368.223388671875 98.47430419921875 2449.090576171875 236.82537841796875 
348
3 2370.240966796875 94.53866577148438 2446.487548828125 234.06527709960938 
349
3 2367.670166015625 93.79573059082031 2442.479248046875 237.61639404296875 
0 2350.053955078125 874.9573364257812 2558.9228515625 1077.70166015625 
350
3 2365.541748046875 92.46728515625 2438.48193359375 233.72280883789062 
3 2527.7763671875 78.42566680908203 2558.806884765625 132.05963134765625 
351
3 2358.7734375 90.6981201171875 2433.855712890625 238.18991088867188 
3 2358.74658203125 90.97779846191406 2434.10205078125 237.88714599609375 
352
3 2350.17236328125 93.35992431640625 2428.73974609375 227.3521728515625 
353
3 2342.739501953125 93.04631042480469 2422.78515625 229.97967529296875 
354
3 2335.551025390625 91.0107421875 2418.72021484375 229.90921020507812 
355
3 2332.023681640625 90.39387512207031 2415.6123046875 227.55865478515625 
3 2153.814697265625 36.67539978027344 2203.835693359375 123.86514282226562 
1 2020.312255859375 844.8851928710938 2557.28076171875 1076.6234130859375 
356
3 2326.6689453125 89.26390838623047 2412.248291015625 231.68798828125 
0 1970.08154296875 686.500244140625 2559.118408203125 1075.6590576171875 
1 1970.0546875 816.5507202148438 2558.24951171875 1076.9410400390625 
357
3 2321.716796875 90.22402954101562 2406.409912109375 229.00201416015625 
0 1925.585693359375 650.6697998046875 2559.044921875 1075.51611328125 
3 2146.96728515625 37.42249298095703 2195.911865234375 128.17385864257812 
358
0 1891.6383056640625 660.57958984375 2557.56396484375 1075.9078369140625 
3 2317.6083984375 90.0948486328125 2400.1142578125 230.49176025390625 
359
0 1857.6298828125 642.7708740234375 2558.313232421875 1073.0048828125 
3 2313.6337890625 87.97046661376953 2396.056396484375 234.87832641601562 
3 2140.355712890625 37.49433898925781 2190.161865234375 127.12232971191406 
360
0 1830.828369140625 625.198974609375 2558.4541015625 1070.8419189453125 
3 2312.67919921875 86.48324584960938 2393.453857421875 235.0743408203125 
3 2138.181884765625 36.917762756347656 2189.99951171875 126.43853759765625 
361
0 1807.095947265625 606.3116455078125 2558.595458984375 1071.34326171875 
3 2309.657470703125 84.37681579589844 2391.8193359375 230.0863037109375 
362
0 1787.470703125 584.7001953125 2558.414306640625 1072.3131103515625 
3 2301.698486328125 85.27225494384766 2389.03369140625 231.15518188476562 
363
0 1770.91162109375 563.0970458984375 2525.426513671875 1069.2266845703125 
3 2287.86962890625 83.39778137207031 2384.062255859375 231.99627685546875 
364
0 1759.52001953125 541.3800048828125 2487.27001953125 1069.32861328125 
3 2282.520263671875 83.53538513183594 2380.369384765625 229.9051513671875 
365
0 1753.8494873046875 521.9383544921875 2444.6767578125 1066.819091796875 
3 2276.685546875 82.66609954833984 2373.60791015625 231.34011840820312 
366
0 1744.450439453125 495.62725830078125 2404.086181640625 1068.86669921875 
3 2268.89306640625 76.59153747558594 2371.919677734375 238.95208740234375 
367
0 1733.2803955078125 473.1482238769531 2367.396484375 1048.2662353515625 
3 2263.298095703125 76.12625122070312 2368.0234375 234.89996337890625 
368
0 1723.126220703125 449.5543518066406 2323.74072265625 1025.1568603515625 
3 2262.084228515625 73.73843383789062 2362.751220703125 224.34100341796875 
369
0 1715.4345703125 430.1510009765625 2282.103759765625 1000.4083251953125 
3 2258.481201171875 71.64730834960938 2356.958251953125 220.82327270507812 
370
0 1707.430908203125 408.7678527832031 2237.24267578125 993.430908203125 
3 2254.457275390625 67.03423309326172 2350.431396484375 221.27734375 
371
0 1686.60595703125 393.2373046875 2191.669921875 974.615478515625 
3 2250.580322265625 68.95545959472656 2343.80419921875 221.8477783203125 
372
0 1654.145751953125 373.458251953125 2149.41064453125 952.4248046875 
3 2244.222900390625 64.20468139648438 2338.6513671875 217.35879516601562 
3 2099.342529296875 20.00463104248047 2155.442626953125 114.13764953613281 
373
0 1604.7493896484375 357.2486572265625 2104.870849609375 947.2696533203125 
3 2245.0419921875 61.1806640625 2335.733154296875 209.47996520996094 
374
0 1544.7484130859375 344.5753173828125 2060.1455078125 932.6724853515625 
3 2243.960205078125 59.096832275390625 2332.185546875 210.93983459472656 
3 2093.00927734375 15.773258209228516 2156.612060546875 108.70709228515625 
375
0 1493.211669921875 332.13238525390625 2013.452880859375 935.1873168945312 
3 2240.35302734375 58.204811096191406 2327.2646484375 208.26194763183594 
376
0 1446.6837158203125 320.9716796875 1967.97216796875 931.0913696289062 
3 2237.103271484375 54.80668640136719 2320.923583984375 206.06387329101562 
377
0 1399.783203125 312.3939208984375 1926.404541015625 925.292724609375 
3 2231.973388671875 51.37390899658203 2315.193115234375 206.95237731933594 
378
0 1368.8135986328125 305.37860107421875 1892.8419189453125 919.905517578125 
3 2223.822265625 50.452476501464844 2311.529541015625 204.9625244140625 
379
0 1340.487548828125 296.182373046875 1854.24365234375 914.5283203125 
3 2215.08740234375 45.110321044921875 2308.40478515625 200.59429931640625 
380
0 1321.927978515625 290.2131652832031 1816.967529296875 905.99365234375 
3 2212.52734375 44.05946350097656 2303.2412109375 206.3955841064453 
381
0 1312.0233154296875 283.4007263183594 1776.7099609375 901.0928955078125 
3 2209.267578125 43.13938903808594 2298.173583984375 203.84652709960938 
382
0 1302.00146484375 278.2569274902344 1735.4136962890625 893.4415283203125 
3 2199.70849609375 43.154693603515625 2292.439208984375 199.93148803710938 
383
0 1290.07421875 269.687744140625 1696.329345703125 879.1396484375 
3 2195.245361328125 44.04766082763672 2285.921630859375 198.50462341308594 
384
0 1276.89501953125 257.8923034667969 1675.6143798828125 863.5471801757812 
3 2188.911376953125 39.17211151123047 2281.589599609375 201.13882446289062 
3 2058.371337890625 10.124847412109375 2110.151123046875 95.29722595214844 
385
1 1275.4310302734375 247.60452270507812 1649.5711669921875 841.57470703125 
3 2193.59716796875 39.03993225097656 2280.07421875 192.2431640625 
3 2058.189453125 9.804702758789062 2106.480712890625 92.39863586425781 
386
1 1265.040771484375 238.27642822265625 1613.4969482421875 823.4922485351562 
3 2186.75146484375 39.01799011230469 2274.0537109375 192.68673706054688 
387
1 1259.956298828125 230.71298217773438 1605.4659423828125 810.743896484375 
3 2183.15869140625 37.681304931640625 2269.04833984375 194.8563232421875 
388
1 1236.7637939453125 223.05557250976562 1570.64404296875 801.628173828125 
3 2178.177978515625 35.08509826660156 2262.3359375 194.82525634765625 
389
1 1208.759765625 218.175537109375 1541.784423828125 773.2131958007812 
3 2173.251708984375 45.43684387207031 2255.370849609375 193.91778564453125 
390
1 1179.5926513671875 206.6893310546875 1508.55615234375 752.2207641601562 
3 2167.5908203125 32.07598876953125 2252.193115234375 195.37359619140625 
391
1 1151.8966064453125 199.78280639648438 1451.597412109375 738.4302978515625 
3 2162.99755859375 29.085891723632812 2247.823486328125 189.99058532714844 
392
1 1129.888427734375 191.05804443359375 1417.9410400390625 729.5156860351562 
3 2160.286865234375 27.2159423828125 2240.9375 189.25262451171875 
393
1 1107.58203125 187.16366577148438 1389.821533203125 727.0662231445312 
3 2145.6943359375 25.316734313964844 2233.953125 188.51290893554688 
394
1 1077.4716796875 186.26312255859375 1363.082275390625 725.4209594726562 
3 2146.580078125 26.224044799804688 2225.308837890625 189.1943359375 
395
1 1057.031982421875 183.04693603515625 1335.8564453125 722.3522338867188 
3 2139.35400390625 23.174354553222656 2219.86767578125 189.62045288085938 
396
1 1036.1805419921875 178.40628051757812 1316.9189453125 717.4246826171875 
3 2130.757568359375 23.005645751953125 2214.2373046875 189.26327514648438 
3 2022.1361083984375 1.1891899108886719 2067.092041015625 82.48524475097656 
397
1 1018.1474609375 175.07818603515625 1307.196044921875 711.9441528320312 
3 2118.157470703125 24.26703643798828 2210.9931640625 185.4831085205078 
3 2020.930419921875 1.875 2067.00390625 81.19242095947266 
398
1 998.5206298828125 172.46575927734375 1298.5135498046875 708.5762939453125 
3 2115.1591796875 19.036483764648438 2209.436767578125 186.8157501220703 
399
1 974.7501220703125 170.74578857421875 1291.2845458984375 702.5670166015625 
3 2110.2138671875 18.15802001953125 2197.003173828125 183.9583740234375 
400
1 956.7332763671875 170.90728759765625 1283.712890625 698.895263671875 
3 2107.111083984375 19.769287109375 2192.468505859375 183.77845764160156 
401
1 936.386962890625 170.257568359375 1278.0703125 696.8632202148438 
3 2106.301025390625 20.221359252929688 2185.9150390625 180.2183837890625 
402
1 917.9745483398438 167.9013671875 1267.6082763671875 691.544921875 
3 2097.4716796875 17.524505615234375 2184.718994140625 178.46446228027344 
403
1 897.9701538085938 165.64321899414062 1262.6485595703125 687.29296875 
3 2093.853759765625 14.428207397460938 2180.274169921875 177.0643310546875 
404
1 880.392333984375 162.0318603515625 1252.3287353515625 681.8201904296875 
3 2093.26025390625 18.656524658203125 2177.21240234375 174.55752563476562 
405
1 858.3424072265625 159.02587890625 1244.123779296875 677.4404296875 
3 2089.31591796875 14.255340576171875 2174.2509765625 170.92938232421875 
406
1 840.0108032226562 157.26116943359375 1233.7086181640625 673.716064453125 
3 2084.786376953125 13.133331298828125 2165.841552734375 168.26800537109375 
407
1 819.4483032226562 152.77740478515625 1216.2669677734375 665.3136596679688 
3 2080.480224609375 12.562026977539062 2159.921630859375 168.7450714111328 
408
1 797.4068603515625 147.66647338867188 1197.1241455078125 663.8782958984375 
3 2062.56640625 8.990859985351562 2155.529541015625 167.57785034179688 
409
1 782.6080322265625 142.844482421875 1167.687255859375 658.8778076171875 
3 2065.706298828125 7.8842315673828125 2151.283203125 166.35284423828125 
410
1 758.89306640625 137.573486328125 1136.7994384765625 641.776611328125 
3 2060.569091796875 5.1692352294921875 2146.779541015625 167.376708984375 
411
2 738.0599365234375 130.91473388671875 1099.7393798828125 621.8505859375 
3 2042.7464599609375 8.37176513671875 2138.304931640625 163.71432495117188 
412
2 719.8062133789062 127.78457641601562 1057.9356689453125 608.3206176757812 
3 2017.330078125 8.241653442382812 2133.209228515625 163.8538055419922 
413
2 698.4500122070312 126.10116577148438 1008.9456787109375 605.8792114257812 
3 2041.509765625 12.677474975585938 2126.077880859375 161.07406616210938 
3 2003.0894775390625 0.0 2038.4075927734375 70.414794921875 
414
2 681.51953125 123.0379638671875 986.5110473632812 608.07373046875 
3 2006.5313720703125 8.680152893066406 2119.8388671875 161.4221954345703 
415
2 661.0331420898438 122.44647216796875 960.237060546875 609.6136474609375 
3 2008.6146240234375 12.085205078125 2114.64501953125 160.78411865234375 
416
2 645.4674072265625 123.2401123046875 950.6016845703125 601.607177734375 
3 2015.8675537109375 14.85247802734375 2109.766357421875 159.20657348632812 
417
2 626.6483154296875 122.22210693359375 945.7102661132812 594.9193115234375 
3 2007.666748046875 14.624889373779297 2104.990478515625 157.6896514892578 
3 1987.51123046875 0.0 2019.2220458984375 59.43379211425781 
418
2 603.122802734375 121.58258056640625 938.0277099609375 596.3782958984375 
3 2011.957763671875 7.554084777832031 2098.614501953125 154.0718536376953 
419
2 587.7843017578125 126.4307861328125 930.6054077148438 589.9869995117188 
3 2005.181884765625 9.0247802734375 2092.749755859375 153.64425659179688 
420
2 572.9715576171875 129.6539306640625 927.1632080078125 586.8640747070312 
3 1999.287353515625 15.598190307617188 2089.22021484375 153.43222045898438 
421
2 554.4197387695312 130.79217529296875 921.4913330078125 584.783203125 
3 1994.4222412109375 16.56816864013672 2086.3056640625 153.2936248779297 
422
2 537.6544189453125 134.0164794921875 916.30517578125 580.717529296875 
3 1983.301025390625 6.205810546875 2082.31005859375 153.4883575439453 
423
2 520.13525390625 132.8468017578125 910.95263671875 580.6503295898438 
3 1983.3680419921875 7.02276611328125 2078.481201171875 150.578125 
424
2 498.20867919921875 139.91018676757812 899.2080688476562 578.4257202148438 
3 1980.7855224609375 5.28643798828125 2072.867919921875 147.2635498046875 
425
2 476.5414123535156 143.82696533203125 888.894287109375 583.3716430664062 
3 1971.9915771484375 16.845516204833984 2067.5341796875 147.15167236328125 
426
2 458.80010986328125 146.01718139648438 875.603759765625 586.1536865234375 
427
2 443.93878173828125 147.55020141601562 867.20654296875 586.818603515625 
3 1961.42041015625 7.9263916015625 2056.298095703125 143.9266357421875 
428
2 429.85614013671875 149.11376953125 849.3064575195312 583.85595703125 
3 1960.5230712890625 11.019241333007812 2052.192626953125 144.0489044189453 
429
2 415.940185546875 147.77447509765625 829.2586059570312 580.5999755859375 
3 1956.7012939453125 10.682083129882812 2046.43603515625 142.7500457763672 
430
2 397.9788818359375 146.40060424804688 801.3193969726562 575.3587646484375 
431
2 379.8503112792969 149.591796875 775.0391235351562 576.6124877929688 
432
2 365.82275390625 153.7034912109375 749.8594970703125 576.4366455078125 
433
2 349.0997314453125 150.1314697265625 721.1968994140625 573.144287109375 
434
2 335.24017333984375 150.19903564453125 692.6517333984375 572.9645385742188 
435
2 324.1803894042969 149.46331787109375 658.5659790039062 568.2225952148438 
436
2 310.743896484375 146.67425537109375 647.6688232421875 563.5106201171875 
437
2 296.7129821777344 149.29354858398438 642.035888671875 558.8028564453125 
438
2 285.71038818359375 156.05364990234375 636.8092041015625 560.7289428710938 
439
2 273.36376953125 160.7777099609375 632.0294189453125 560.4000244140625 
440
2 265.86700439453125 163.37060546875 629.2535400390625 562.3035888671875 
441
2 256.65594482421875 166.348876953125 624.1288452148438 561.0845336914062 
442
2 244.9019775390625 166.7171630859375 619.661376953125 554.2962646484375 
3 1877.4945068359375 0.7869606018066406 1984.4111328125 124.78945922851562 
443
2 232.52999877929688 170.99771118164062 616.916259765625 553.8992309570312 
3 1873.2181396484375 0.30994415283203125 1978.4046630859375 121.92092895507812 
444
2 222.10256958007812 176.929931640625 611.5541381835938 560.2586669921875 
3 1863.7176513671875 0.0 1970.2296142578125 121.15447998046875 
445
2 208.98951721191406 182.11947631835938 601.65234375 563.2846069335938 
446
2 198.87551879882812 186.28192138671875 589.5972900390625 565.8743896484375 
447
2 187.2174530029297 187.72137451171875 577.673828125 566.3757934570312 
448
2 172.4866943359375 184.78457641601562 563.6702270507812 562.531494140625 
449
2 161.4503936767578 186.06695556640625 542.7152099609375 563.5841674804688 
450
2 151.9305419921875 190.0533905029297 515.5488891601562 563.4521484375 
3 1832.2359619140625 0.0 1937.8148193359375 113.19650268554688 
451
2 140.19036865234375 191.51824951171875 489.9584655761719 560.446533203125 
452
2 129.04690551757812 191.4379425048828 465.49029541015625 557.3748779296875 
453
2 115.878173828125 180.52301025390625 441.6051330566406 554.8257446289062 
3 1815.6083984375 0.0 1919.181640625 110.97996520996094 
454
2 107.15798950195312 197.64991760253906 417.426025390625 556.6409301757812 
455
2 99.28913879394531 203.27488708496094 392.7995300292969 553.91455078125 
3 1803.14111328125 0.0 1906.47802734375 107.94766235351562 
456
2 87.9541015625 199.3759765625 371.29010009765625 556.9959106445312 
457
2 74.98922729492188 203.66452026367188 370.0846862792969 565.5272216796875 
458
2 65.04702758789062 209.79873657226562 370.0365905761719 573.5892333984375 
459
2 45.79962158203125 212.93898010253906 367.7479248046875 580.0908203125 
460
2 37.38191223144531 216.28567504882812 362.60205078125 582.33056640625 
461
2 23.763931274414062 220.30874633789062 356.658935546875 582.772216796875 
462
2 11.4610595703125 226.087158203125 350.0961608886719 584.7907104492188 
463
2 14.6839599609375 252.661376953125 344.93414306640625 587.2322998046875 
464
2 0.0 241.36065673828125 337.3035888671875 593.1884155273438 
465
2 0.436767578125 248.70639038085938 331.2793884277344 597.492919921875 
466
2 0.2938232421875 253.48370361328125 319.47265625 607.8821411132812 
467
2 0.200103759765625 258.0395202636719 300.5185852050781 608.7575073242188 
468
3 0.48213958740234375 296.4206237792969 281.064697265625 605.1526489257812 
469
3 0.2411651611328125 312.42340087890625 263.01361083984375 605.5941772460938 
470
3 0.28000640869140625 316.1956787109375 238.46844482421875 606.3761596679688 
471
3 0.40967559814453125 322.8658447265625 213.92129516601562 606.22705078125 
472
3 0.31691741943359375 337.0790710449219 182.70635986328125 602.330078125 
473
3 0.24311447143554688 357.525634765625 148.40016174316406 584.7137451171875 
474
3 0.2917442321777344 372.00103759765625 145.46200561523438 598.2484130859375 
475
3 0.2979087829589844 388.10906982421875 139.1416473388672 587.3900146484375 
476
3 0.17116928100585938 405.07647705078125 134.04275512695312 597.9487915039062 
3 0.12406539916992188 405.4320983886719 133.58746337890625 596.0660400390625 
477
3 0.25591278076171875 422.1630554199219 129.28472900390625 605.4918823242188 
478
3 0.3414039611816406 475.6402282714844 122.33790588378906 603.9865112304688 
479
480
481
482
483
3 0.4917259216308594 521.5361938476562 85.43458557128906 584.2470703125 
484
3 0.2112722396850586 534.5601806640625 75.52157592773438 588.3462524414062 
485
3 0.2568016052246094 537.4844970703125 69.46806335449219 617.3841552734375 
486
487
488
489
490
491
492
493
494
495
496
497
498
499
500
501
502
503
504
505
506
507
508
509
