0
1
2
3
4
5
6
7
8
9
10
11
12
13
14
15
16
17
18
19
20
21
22
23
24
25
26
27
28
29
30
31
32
33
34
35
36
37
38
39
40
41
42
43
44
45
46
47
48
49
50
51
52
53
54
55
56
57
58
59
60
61
62
63
64
65
66
67
68
69
70
71
72
73
74
75
76
77
78
79
80
81
82
83
84
85
86
87
88
89
90
91
92
93
94
95
96
97
98
99
100
101
102
103
104
105
106
107
108
3 0.0 163.3448028564453 22.558109283447266 241.85205078125 
109
110
3 0.0699300765991211 158.97264099121094 29.199045181274414 233.72470092773438 
111
112
113
114
115
116
117
118
119
120
121
122
123
124
3 0.036334991455078125 159.17149353027344 21.63282585144043 239.946533203125 
125
126
3 0.1681833267211914 150.6403045654297 39.83382034301758 241.50088500976562 
127
3 0.32193756103515625 161.2283172607422 25.535741806030273 239.73638916015625 
128
129
130
131
132
133
134
135
136
137
138
139
140
141
142
143
144
145
146
147
148
149
150
151
152
153
154
155
156
157
158
159
160
161
162
163
164
165
166
167
168
169
170
171
172
173
174
175
176
3 0.38337039947509766 988.251220703125 61.848236083984375 1045.0743408203125 
177
178
3 0.3859405517578125 963.64306640625 80.46330261230469 1032.9136962890625 
179
3 0.49063873291015625 937.740478515625 91.33688354492188 1035.09423828125 
180
181
182
183
3 0.24404525756835938 667.507080078125 143.16705322265625 1021.133056640625 
184
3 0.028217315673828125 654.435302734375 158.86634826660156 1013.4051513671875 
185
3 0.13289260864257812 623.7774047851562 175.56634521484375 1006.93798828125 
186
3 0.3552093505859375 636.4560546875 191.16917419433594 996.24462890625 
187
0 0.43061065673828125 629.205810546875 208.37579345703125 986.2689208984375 
188
0 0.46881103515625 588.533935546875 223.56460571289062 979.984130859375 
189
0 0.5594329833984375 602.6324462890625 244.37942504882812 975.1737060546875 
190
0 0.5652008056640625 578.057861328125 255.41249084472656 968.428466796875 
191
0 0.630462646484375 588.67138671875 277.8784484863281 964.5213012695312 
192
0 0.5755615234375 578.2369384765625 276.1081237792969 959.03271484375 
193
0 0.6380462646484375 566.1703491210938 285.8275451660156 954.1459350585938 
194
0 0.6992645263671875 538.3807983398438 332.8436279296875 952.5584106445312 
195
0 0.81610107421875 529.8897705078125 344.6155090332031 946.6600952148438 
196
0 0.7638015747070312 468.4180908203125 330.8863525390625 939.403564453125 
197
0 0.778900146484375 440.6513671875 337.33184814453125 936.4800415039062 
198
0 0.8294296264648438 424.84423828125 343.83203125 929.3958740234375 
199
0 1.1856842041015625 415.6136169433594 348.7884521484375 925.1541748046875 
200
0 1.136993408203125 409.80084228515625 355.74957275390625 922.5140380859375 
201
0 1.1138763427734375 407.86737060546875 360.3865051269531 920.7974853515625 
202
0 1.0699920654296875 406.26739501953125 364.3665771484375 922.9159545898438 
203
0 1.04583740234375 404.5862121582031 365.6930847167969 919.37939453125 
204
0 0.957611083984375 401.19384765625 367.6943359375 915.787841796875 
205
0 0.854705810546875 397.52691650390625 397.18121337890625 919.5408325195312 
206
0 0.9501190185546875 394.75897216796875 374.62774658203125 911.4808349609375 
207
0 1.1376800537109375 392.2891540527344 384.50238037109375 911.95556640625 
208
0 1.130462646484375 389.95068359375 418.34820556640625 915.0390625 
209
0 0.9866943359375 388.8978271484375 391.11767578125 907.8359375 
210
0 0.9642181396484375 388.67669677734375 390.24676513671875 905.5379028320312 
211
0 0.904571533203125 387.80914306640625 414.4500732421875 909.6474609375 
212
0 0.992706298828125 387.8285827636719 427.43670654296875 912.4228515625 
213
0 0.9575958251953125 388.07666015625 402.49908447265625 908.8367919921875 
214
0 0.9789886474609375 386.3890075683594 408.9475402832031 905.378173828125 
215
0 0.844573974609375 385.86572265625 402.81683349609375 903.9320678710938 
216
0 0.8775177001953125 385.5001525878906 403.3497314453125 903.8150634765625 
217
0 0.85394287109375 383.4735412597656 439.193115234375 910.759521484375 
218
0 1.2045135498046875 381.8365478515625 443.13690185546875 908.722412109375 
219
0 0.50677490234375 381.18194580078125 431.78692626953125 903.837158203125 
220
0 0.41680908203125 380.89044189453125 410.93450927734375 897.55615234375 
221
0 0.3405609130859375 380.25262451171875 413.05010986328125 897.64990234375 
222
0 0.3425445556640625 380.1075744628906 411.3701171875 896.6611938476562 
223
0 0.86859130859375 380.002197265625 438.71258544921875 903.58154296875 
224
0 0.551971435546875 380.2614440917969 418.63433837890625 900.6295166015625 
225
0 0.7207794189453125 381.0483703613281 444.7711181640625 904.8886108398438 
226
0 0.68621826171875 381.10064697265625 448.6379699707031 908.20947265625 
227
0 0.7662811279296875 380.9585876464844 449.49078369140625 908.1298828125 
228
0 0.7530975341796875 380.75274658203125 449.3722229003906 908.3707275390625 
229
0 0.7333984375 381.0211486816406 446.7904052734375 908.2545776367188 
230
0 0.7603759765625 379.6766357421875 441.84149169921875 904.8379516601562 
231
0 0.381072998046875 380.5804443359375 434.5359191894531 905.3563232421875 
232
0 1.2498626708984375 380.832275390625 440.4833679199219 910.2530517578125 
233
0 0.842132568359375 383.1712646484375 420.718505859375 908.333740234375 
234
0 0.81805419921875 385.2524719238281 408.8355712890625 908.76513671875 
235
0 0.998138427734375 388.11138916015625 415.99951171875 910.2256469726562 
236
0 0.8970947265625 389.1416015625 397.25469970703125 909.4530639648438 
237
0 1.0284423828125 390.896240234375 416.20672607421875 914.6016845703125 
238
0 1.0875244140625 392.62078857421875 383.1104736328125 911.4180297851562 
239
0 1.1250457763671875 394.52227783203125 375.55511474609375 912.7929077148438 
240
0 1.147735595703125 397.7571105957031 369.22589111328125 916.854736328125 
241
0 1.063720703125 402.8072509765625 365.20367431640625 920.9295654296875 
242
0 1.0224761962890625 407.95330810546875 357.543212890625 924.87841796875 
243
0 1.00677490234375 415.7562255859375 350.13568115234375 927.214111328125 
244
0 0.80718994140625 427.06329345703125 346.5349426269531 930.1016235351562 
245
0 0.8089752197265625 439.5207824707031 345.696044921875 935.201171875 
246
0 0.9124603271484375 460.2127685546875 362.7402038574219 940.1185913085938 
247
0 0.8609619140625 498.1142578125 319.1051025390625 940.7437744140625 
248
0 0.8483810424804688 526.869384765625 334.7454833984375 945.5358276367188 
249
0 0.694244384765625 535.242919921875 323.35736083984375 948.601806640625 
250
0 0.8234024047851562 545.5933837890625 327.86822509765625 955.6253662109375 
251
0 0.7179794311523438 556.1224365234375 281.27337646484375 956.2125244140625 
252
0 0.6990737915039062 586.3128662109375 275.724853515625 959.169189453125 
253
0 0.7169723510742188 589.286376953125 301.9505615234375 964.03076171875 
254
0 0.6619873046875 576.1463012695312 294.193115234375 969.9158935546875 
255
0 0.5846939086914062 603.5426025390625 258.8648681640625 967.5527954101562 
256
0 0.566986083984375 589.8756713867188 248.76112365722656 969.85400390625 
257
0 0.6758041381835938 612.5068969726562 249.00965881347656 971.8525390625 
258
0 0.5450210571289062 593.3362426757812 234.62094116210938 973.7479248046875 
259
0 0.34247589111328125 622.12646484375 225.4558868408203 976.9618530273438 
260
0 0.245758056640625 624.6571655273438 221.3973846435547 981.75634765625 
261
0 0.5243606567382812 705.4205322265625 213.19180297851562 985.0994262695312 
0 0.43621063232421875 633.8695678710938 212.4453887939453 985.6370239257812 
262
0 0.2864227294921875 635.7341918945312 204.8583526611328 989.854736328125 
263
0 0.3543548583984375 596.5628051757812 200.84759521484375 992.5511474609375 
264
3 0.5007553100585938 632.1676025390625 197.89532470703125 993.3724365234375 
265
3 0.37668609619140625 638.1082763671875 195.65005493164062 993.431640625 
266
3 0.2962532043457031 631.8179931640625 195.31201171875 997.1549072265625 
267
3 0.3163108825683594 610.5062866210938 192.15597534179688 996.2230224609375 
268
3 0.33016204833984375 613.3480834960938 190.71763610839844 997.6728515625 
269
3 0.30869293212890625 618.9209594726562 189.6361083984375 998.3294677734375 
270
3 0.4442901611328125 624.5235595703125 193.66140747070312 1000.984375 
0 0.73974609375 626.2205810546875 234.3631591796875 1001.7767333984375 
271
3 0.2783851623535156 627.0531616210938 188.62368774414062 999.017822265625 
0 0.325225830078125 629.0709838867188 232.7257843017578 999.92138671875 
272
3 0.25604248046875 628.8671264648438 189.07598876953125 1001.156005859375 
0 0.538177490234375 630.9927978515625 232.74630737304688 1002.070556640625 
273
3 0.2296142578125 627.814697265625 189.44821166992188 1001.9600830078125 
274
3 0.28664398193359375 626.794921875 188.5980682373047 999.118896484375 
275
3 0.3391151428222656 625.3925170898438 192.76193237304688 998.456787109375 
276
3 0.3227272033691406 621.5422973632812 191.61447143554688 997.4293212890625 
277
3 0.3152885437011719 623.1553955078125 195.29859924316406 997.515625 
278
3 0.3243598937988281 623.6080322265625 194.94932556152344 998.0699462890625 
279
3 0.3883514404296875 623.65380859375 196.34495544433594 997.691162109375 
280
3 0.3439521789550781 614.3648681640625 199.22445678710938 995.8358154296875 
281
3 0.3653144836425781 613.0890502929688 198.3431854248047 994.276123046875 
282
0 0.36931610107421875 611.8828125 200.52743530273438 993.9349365234375 
283
0 0.3846588134765625 610.9524536132812 200.91571044921875 994.2432861328125 
284
3 0.34154510498046875 613.0889892578125 199.86636352539062 994.4630126953125 
285
3 0.3573646545410156 614.377197265625 198.99758911132812 994.6417236328125 
286
3 0.3306617736816406 613.186767578125 199.46253967285156 994.232421875 
287
0 0.3446693420410156 612.2091674804688 201.55088806152344 994.6605224609375 
288
0 0.5327529907226562 609.8737182617188 200.86367797851562 994.9830322265625 
289
0 0.5199432373046875 611.3252563476562 201.94456481933594 993.142822265625 
290
0 0.5120315551757812 605.2021484375 204.60653686523438 992.2601318359375 
291
0 0.5871047973632812 593.9366455078125 205.26480102539062 989.7791748046875 
292
0 0.5122222900390625 590.8250122070312 206.47608947753906 989.0780029296875 
293
0 0.438446044921875 589.9934692382812 206.96890258789062 988.7655029296875 
294
0 0.49202728271484375 586.0233154296875 212.6819305419922 989.90283203125 
295
0 0.5282135009765625 580.965087890625 213.33349609375 985.587158203125 
296
0 0.2703399658203125 623.5201416015625 213.92782592773438 986.714599609375 
297
0 0.48821258544921875 635.614013671875 213.96788024902344 984.3875122070312 
298
0 0.48340606689453125 633.8291015625 217.14869689941406 983.7401733398438 
299
0 0.32607269287109375 632.86669921875 219.35678100585938 982.9315795898438 
300
0 0.37548828125 631.4278564453125 245.90576171875 983.2684326171875 
0 0.39980316162109375 707.2742919921875 229.63223266601562 982.666259765625 
301
0 0.35514068603515625 623.833740234375 257.2233581542969 981.8819580078125 
302
0 0.3293609619140625 628.8045654296875 223.74618530273438 979.7742309570312 
303
0 0.34250640869140625 628.4349975585938 229.9458770751953 976.34912109375 
304
0 0.2634735107421875 619.499755859375 233.62252807617188 976.0902099609375 
305
0 0.45082855224609375 591.2311401367188 258.5780029296875 975.3621215820312 
306
0 0.6952056884765625 615.7659912109375 242.35162353515625 971.534423828125 
307
0 0.548736572265625 607.7071533203125 262.4111633300781 969.9915771484375 
308
0 0.6058807373046875 605.2354736328125 255.0913543701172 965.9639892578125 
309
0 0.8117523193359375 582.6577758789062 291.0984191894531 969.5180053710938 
310
0 0.6898574829101562 570.408935546875 288.6468200683594 965.5843505859375 
311
0 0.6485977172851562 585.9780883789062 290.96636962890625 964.95849609375 
312
0 0.7479400634765625 586.6082763671875 304.6533508300781 962.9930419921875 
313
0 0.6103439331054688 585.0004272460938 269.3337097167969 959.9046630859375 
314
0 0.6969985961914062 581.9684448242188 275.83734130859375 954.7545776367188 
315
0 0.5706634521484375 576.83642578125 297.7164306640625 954.6976318359375 
316
0 0.7649078369140625 563.56396484375 323.12353515625 950.2452392578125 
317
0 0.6970138549804688 532.785400390625 332.68585205078125 946.089599609375 
318
0 0.6280975341796875 547.0337524414062 336.9482421875 944.6708984375 
319
0 0.7979507446289062 484.36083984375 343.3352355957031 945.3348388671875 
320
0 0.655609130859375 461.2500305175781 336.79986572265625 941.852294921875 
321
0 0.7792892456054688 452.2835388183594 330.00457763671875 938.2340087890625 
322
0 0.9157180786132812 448.46319580078125 325.72393798828125 934.4735107421875 
323
0 0.8198089599609375 447.2481689453125 341.8642272949219 932.9892578125 
324
0 0.8887176513671875 446.94134521484375 358.91748046875 931.8517456054688 
325
0 1.0337677001953125 450.82275390625 338.2134094238281 925.775146484375 
326
0 1.092041015625 454.282470703125 342.1283874511719 921.3516845703125 
327
0 1.02813720703125 455.79498291015625 346.32489013671875 919.0245361328125 
328
0 0.961456298828125 457.780029296875 351.97833251953125 920.3984985351562 
329
0 1.030120849609375 462.9497985839844 389.0775146484375 923.427490234375 
330
0 0.8438262939453125 465.09014892578125 359.90972900390625 918.8164672851562 
331
0 0.917266845703125 468.25811767578125 363.9656066894531 917.0159912109375 
332
0 0.931243896484375 468.7459716796875 366.24212646484375 918.4946899414062 
333
0 0.9322509765625 470.6191101074219 373.89971923828125 917.4375610351562 
334
0 0.921661376953125 471.80450439453125 387.8973693847656 917.8536376953125 
335
0 0.6880035400390625 473.27935791015625 401.5545654296875 916.4799194335938 
336
0 0.6497039794921875 473.260986328125 387.41302490234375 912.59130859375 
337
0 0.696014404296875 472.2359619140625 415.9860534667969 916.2100830078125 
338
0 0.587860107421875 469.826904296875 420.74114990234375 913.494873046875 
339
0 1.0397491455078125 467.608154296875 427.15069580078125 910.5494995117188 
340
0 1.040802001953125 465.77593994140625 434.7630615234375 909.7111206054688 
341
0 1.119232177734375 464.5429992675781 442.9459533691406 907.104248046875 
342
0 1.138397216796875 461.90765380859375 446.20916748046875 902.1644287109375 
343
0 0.981842041015625 458.2803955078125 455.92315673828125 901.269775390625 
344
0 0.958770751953125 454.58154296875 463.4822998046875 898.7845458984375 
345
0 0.95574951171875 449.6142883300781 472.88238525390625 895.5182495117188 
346
0 9.600555419921875 446.525146484375 480.38262939453125 891.43359375 
347
0 22.118408203125 443.1164855957031 491.35791015625 886.7532348632812 
348
0 33.29072570800781 437.09576416015625 503.60943603515625 887.30322265625 
349
0 46.019500732421875 434.06927490234375 516.2451782226562 884.0826416015625 
350
0 59.17878723144531 429.5718994140625 499.87640380859375 871.1953735351562 
351
0 73.2017822265625 426.47674560546875 534.4515380859375 878.3814697265625 
352
0 88.12191772460938 421.174072265625 539.104736328125 872.4361572265625 
353
0 105.36872863769531 417.47900390625 561.7673950195312 873.3861694335938 
354
0 120.98245239257812 413.6134033203125 568.3817138671875 864.6331787109375 
355
0 137.44830322265625 410.61383056640625 586.3927001953125 864.5283203125 
356
0 154.37255859375 406.89544677734375 598.1578369140625 860.5625 
357
0 167.15101623535156 403.39984130859375 605.391845703125 856.8370361328125 
358
0 180.7266387939453 400.5909729003906 618.76806640625 855.2816162109375 
359
0 191.98805236816406 396.5499267578125 629.9566650390625 853.9585571289062 
360
0 205.11849975585938 392.62841796875 639.6397705078125 852.1541748046875 
361
0 218.28811645507812 386.13055419921875 651.0672607421875 847.3777465820312 
362
0 234.22589111328125 381.031982421875 664.4342651367188 845.5077514648438 
363
0 254.91458129882812 374.904541015625 680.0820922851562 841.944091796875 
3 906.01953125 9.743354797363281 937.091064453125 71.64064025878906 
364
0 273.3779296875 369.8720703125 695.6786499023438 836.590576171875 
3 922.0809326171875 2.0538253784179688 951.6290893554688 68.01573944091797 
365
1 290.97503662109375 365.3934326171875 704.3192138671875 815.9138793945312 
3 935.9098510742188 2.6857643127441406 968.3215942382812 68.06739807128906 
366
0 307.7561340332031 362.761474609375 723.427001953125 830.3828125 
367
0 319.327880859375 359.4042053222656 736.64013671875 828.587890625 
3 960.7567138671875 2.720611572265625 991.2017822265625 64.57810974121094 
368
0 332.0953674316406 356.880126953125 750.488525390625 827.7576293945312 
3 970.3104858398438 1.7796249389648438 1001.8046875 65.85768127441406 
369
0 344.77825927734375 353.89129638671875 764.0887451171875 824.2459716796875 
3 982.2981567382812 2.6803855895996094 1011.4386596679688 64.56990051269531 
370
0 354.70367431640625 350.8916015625 774.5120239257812 825.3294677734375 
371
1 366.6186828613281 350.081787109375 783.7648315429688 820.9688720703125 
3 1001.2374267578125 2.0653533935546875 1031.45458984375 63.06398010253906 
372
1 380.7572326660156 346.5827941894531 798.0860595703125 821.6932373046875 
373
1 394.449462890625 343.8179016113281 813.2982177734375 816.79638671875 
374
1 408.4570007324219 341.66064453125 829.218994140625 818.1771240234375 
375
1 420.7817077636719 337.641357421875 838.1712646484375 813.9993896484375 
376
1 437.3631286621094 334.6322021484375 854.4830322265625 814.5908203125 
377
1 451.928466796875 333.279052734375 870.7614135742188 810.4376831054688 
378
1 469.5747375488281 331.7080078125 889.0838012695312 811.2438354492188 
379
1 486.6190490722656 326.46209716796875 904.344482421875 807.0957641601562 
380
1 505.9720153808594 324.9307861328125 921.6456909179688 806.4386596679688 
381
1 526.3987426757812 322.4427490234375 943.5905151367188 799.6119995117188 
382
1 545.642578125 317.2552490234375 966.3519287109375 804.0917358398438 
383
1 567.5665283203125 315.98834228515625 983.8543090820312 795.73876953125 
384
1 589.8375854492188 313.53717041015625 1010.2048950195312 797.59765625 
385
1 613.2003784179688 311.8987731933594 1032.926025390625 795.94775390625 
386
1 639.3126220703125 310.34991455078125 1058.067626953125 794.9125366210938 
387
1 667.3984985351562 306.9754638671875 1085.3203125 791.869873046875 
388
1 694.3746948242188 306.27630615234375 1110.2030029296875 791.7506103515625 
389
1 721.8504638671875 304.8912658691406 1137.951416015625 789.6991577148438 
390
1 749.6049194335938 300.3119812011719 1165.46533203125 786.685302734375 
391
1 775.706298828125 298.3137512207031 1197.0908203125 782.3968505859375 
392
1 802.6749877929688 295.62200927734375 1219.166259765625 781.7373046875 
393
1 830.5985107421875 294.20245361328125 1242.6248779296875 781.4952392578125 
394
1 858.4492797851562 294.32891845703125 1278.250244140625 781.8330688476562 
395
1 888.789794921875 294.0171813964844 1307.1756591796875 780.0986328125 
396
1 918.747802734375 293.7339172363281 1339.1273193359375 778.1444091796875 
397
1 950.005859375 293.1117858886719 1369.45654296875 778.2476806640625 
398
1 978.8233642578125 290.47503662109375 1406.6448974609375 776.9063110351562 
399
1 1011.10595703125 287.2496337890625 1437.982421875 771.97412109375 
400
1 1041.2020263671875 286.03375244140625 1472.0701904296875 769.9658203125 
401
1 1071.151123046875 287.91754150390625 1496.2578125 771.56591796875 
402
1 1101.303466796875 286.55999755859375 1535.486572265625 772.1571044921875 
403
1 1135.2735595703125 287.0295104980469 1573.2923583984375 770.1614990234375 
404
1 1169.29736328125 287.64544677734375 1604.35205078125 770.3829956054688 
405
1 1203.140869140625 289.6718444824219 1644.238525390625 770.782958984375 
406
1 1233.4344482421875 289.11737060546875 1677.550537109375 771.70361328125 
407
1 1264.2109375 290.55364990234375 1714.6690673828125 772.397705078125 
408
1 1292.746337890625 296.15631103515625 1748.19873046875 773.7930297851562 
409
1 1320.70849609375 300.5048522949219 1779.69970703125 776.3671264648438 
3 0.2582244873046875 285.998291015625 70.44839477539062 352.01971435546875 
410
1 1348.891357421875 304.97137451171875 1812.2666015625 779.32568359375 
3 0.0217132568359375 278.3280334472656 92.79042053222656 348.61358642578125 
411
1 1374.7957763671875 308.1309814453125 1847.14111328125 780.0910034179688 
3 0.0 118.7989501953125 116.52267456054688 345.90313720703125 
412
1 1404.051025390625 311.11126708984375 1880.1890869140625 782.41015625 
3 0.0203857421875 102.19503784179688 132.85943603515625 349.6445007324219 
413
1 1432.4520263671875 313.902099609375 1917.2862548828125 784.678955078125 
3 0.18373489379882812 90.64939880371094 150.09335327148438 330.7295227050781 
414
1 1460.0225830078125 315.69842529296875 1949.838623046875 784.5352783203125 
3 13.52276611328125 83.24958801269531 173.936767578125 339.82171630859375 
415
1 1487.1966552734375 317.23638916015625 1984.93212890625 787.8587646484375 
3 36.50060272216797 75.37220764160156 193.45574951171875 328.39862060546875 
416
1 1516.0611572265625 324.72772216796875 2015.3743896484375 791.614501953125 
3 64.69586944580078 71.72032165527344 217.9691925048828 310.80291748046875 
417
1 1544.0423583984375 331.4222412109375 2049.39404296875 795.6776123046875 
3 91.97447967529297 64.11318969726562 236.99530029296875 317.0020751953125 
418
1 1574.0135498046875 334.3484191894531 2084.002685546875 799.846435546875 
3 110.28106689453125 57.04002380371094 274.07659912109375 305.5527038574219 
419
1 1605.01708984375 342.109375 2118.137939453125 802.7550048828125 
3 148.05184936523438 48.327606201171875 296.27532958984375 294.78875732421875 
420
1 1636.71337890625 346.3186340332031 2152.1708984375 799.6593017578125 
3 177.95333862304688 42.550384521484375 317.3945007324219 300.18988037109375 
421
1 1665.446533203125 349.2835998535156 2189.289306640625 807.4985961914062 
3 203.50314331054688 32.29438781738281 346.27337646484375 288.5366516113281 
422
1 1694.663330078125 353.605224609375 2223.66943359375 810.3099975585938 
3 229.7882080078125 26.460601806640625 370.1177978515625 288.17083740234375 
423
1 1722.192626953125 358.93389892578125 2254.912109375 818.7509765625 
3 251.92054748535156 20.38775634765625 397.84320068359375 278.34490966796875 
424
0 1754.01123046875 366.9677429199219 2287.67138671875 826.4127197265625 
3 279.5519714355469 18.00537109375 422.966796875 261.5942687988281 
425
0 1780.2066650390625 375.1631164550781 2322.9990234375 831.809814453125 
3 309.42681884765625 14.660758972167969 448.9891357421875 257.9788818359375 
3 309.3970947265625 14.41888427734375 449.12652587890625 262.4864501953125 
3 1837.102783203125 33.40647888183594 1861.6116943359375 107.16632080078125 
426
0 1809.792724609375 379.67333984375 2353.930419921875 838.6931762695312 
3 336.1067810058594 3.575836181640625 472.06170654296875 250.47650146484375 
427
0 1836.9158935546875 384.5946960449219 2392.317626953125 841.1475219726562 
3 365.7220458984375 0.927154541015625 495.84613037109375 247.19070434570312 
428
0 1866.73046875 389.30218505859375 2429.03515625 840.8215942382812 
3 393.1596374511719 0.0 519.9682006835938 241.0 
429
0 1893.587158203125 394.7563781738281 2465.30859375 854.4234619140625 
3 419.2359619140625 0.2243499755859375 545.3189086914062 223.95248413085938 
3 1921.8179931640625 35.3538818359375 1955.7994384765625 116.13844299316406 
430
0 1923.5611572265625 401.5324401855469 2498.9658203125 861.343994140625 
3 444.4564514160156 0.7785797119140625 576.308837890625 227.93167114257812 
3 1943.8621826171875 41.51188659667969 1975.863037109375 118.12760925292969 
431
0 1950.0035400390625 409.6143798828125 2528.654296875 871.1177978515625 
3 474.4124755859375 0.44503021240234375 605.5529174804688 236.18801879882812 
432
0 1977.897216796875 421.0518493652344 2559.859375 845.6773681640625 
3 505.01318359375 0.0 635.4501342773438 233.6561279296875 
433
0 2004.033447265625 431.2953796386719 2560.0 860.678955078125 
3 535.1380004882812 0.0 663.2195434570312 227.05181884765625 
434
0 2030.9324951171875 442.145751953125 2560.0 899.6939697265625 
3 566.068115234375 0.3076171875 693.6177368164062 222.44674682617188 
435
0 2061.571044921875 461.5849304199219 2559.748046875 902.9757690429688 
3 589.2877807617188 0.1743316650390625 721.1449584960938 201.88526916503906 
436
0 2087.4931640625 472.6346435546875 2558.01806640625 918.1744384765625 
3 622.88330078125 0.0 748.582275390625 208.82711791992188 
437
0 2116.61279296875 480.64434814453125 2558.286376953125 905.0303344726562 
3 657.3729248046875 0.0 776.0767211914062 204.8370819091797 
438
3 677.5463256835938 0.0 799.9635009765625 204.72955322265625 
0 2141.10546875 490.485107421875 2559.24072265625 892.78271484375 
439
3 711.892578125 0.0 827.651123046875 199.49838256835938 
0 2168.46875 513.7046508789062 2558.873046875 915.8165283203125 
440
0 2193.985595703125 538.8328247070312 2558.92529296875 913.104248046875 
3 743.1744384765625 0.0 856.0430908203125 194.54531860351562 
441
3 773.5886840820312 0.0 884.4729614257812 191.0728759765625 
0 2222.085693359375 570.6398315429688 2558.77734375 925.2600708007812 
442
3 802.4058837890625 0.8500213623046875 911.4586181640625 190.96917724609375 
0 2246.065185546875 604.5027465820312 2558.88623046875 934.7266235351562 
443
3 833.6871948242188 0.493499755859375 942.7015991210938 186.358642578125 
0 2272.51806640625 646.1507568359375 2558.9091796875 947.027587890625 
444
3 865.2277221679688 0.5357208251953125 980.0769653320312 181.41824340820312 
0 2303.0966796875 681.015625 2558.84912109375 955.5653076171875 
445
3 895.80029296875 0.3673095703125 1018.7432861328125 178.40478515625 
0 2328.858154296875 743.22607421875 2558.78369140625 966.3394165039062 
446
3 926.2576904296875 0.7973251342773438 1049.929443359375 177.3035430908203 
3 2362.838623046875 786.9130249023438 2559.1279296875 971.5853271484375 
447
3 958.0496215820312 0.0 1081.765380859375 173.51295471191406 
448
3 990.6715698242188 0.0 1112.0706787109375 172.4535369873047 
449
3 1025.590576171875 0.0 1126.0797119140625 170.74929809570312 
3 2433.174560546875 846.2792358398438 2559.25927734375 1018.155517578125 
450
3 1058.0496826171875 0.0 1163.928466796875 172.45050048828125 
451
3 1086.1854248046875 0.0 1189.1810302734375 169.75018310546875 
452
3 1114.931640625 0.0 1220.900146484375 171.20352172851562 
453
3 1133.6422119140625 0.0 1251.6253662109375 169.06256103515625 
454
3 1162.5389404296875 0.0 1282.1033935546875 169.66708374023438 
455
3 1204.033203125 0.319610595703125 1314.29248046875 167.53713989257812 
3 0.13253211975097656 239.498779296875 19.850801467895508 326.9128723144531 
3 2528.27734375 192.67710876464844 2558.9775390625 263.01776123046875 
456
3 1226.079345703125 0.0988616943359375 1350.275634765625 170.67892456054688 
457
3 1271.8975830078125 0.0 1384.628662109375 168.3336639404297 
458
3 1302.2259521484375 0.0 1426.736083984375 174.40850830078125 
459
3 1342.3355712890625 0.0 1472.5560302734375 174.730224609375 
460
3 1383.563232421875 0.0 1492.9727783203125 179.14401245117188 
461
3 1422.3099365234375 0.029754638671875 1528.434814453125 175.4295654296875 
462
3 1459.205810546875 0.22852325439453125 1561.432861328125 178.80075073242188 
463
3 1495.283935546875 0.0 1594.779541015625 176.958984375 
464
3 1524.2279052734375 0.0 1623.2049560546875 186.77572631835938 
465
3 1550.85595703125 0.0 1656.4412841796875 191.15069580078125 
466
3 1577.821533203125 0.0 1685.169921875 199.3809814453125 
467
3 1606.4847412109375 0.0 1718.3128662109375 203.37655639648438 
468
3 1631.6693115234375 0.0 1748.87451171875 205.97293090820312 
469
3 1657.609375 0.0 1794.2325439453125 211.84814453125 
3 1861.4521484375 0.6291656494140625 1917.3148193359375 119.38723754882812 
470
3 1679.980712890625 0.0 1827.9310302734375 216.60890197753906 
3 1680.3536376953125 3.224517822265625 1827.3250732421875 215.50210571289062 
471
3 1706.67236328125 0.0 1854.185302734375 220.49188232421875 
3 1904.407470703125 0.827178955078125 1970.2440185546875 122.903076171875 
472
3 1729.78515625 0.0755767822265625 1886.3309326171875 226.91192626953125 
3 1925.3319091796875 0.7926788330078125 1994.04541015625 127.64425659179688 
473
3 1755.008056640625 0.0194244384765625 1905.5911865234375 234.76608276367188 
3 1946.1578369140625 0.98370361328125 2015.046142578125 131.6425323486328 
474
3 1966.7188720703125 2.9854278564453125 2035.1295166015625 135.7461395263672 
3 1781.4676513671875 0.0 1941.359375 242.38116455078125 
475
3 1810.4151611328125 0.4201812744140625 1971.6531982421875 248.30340576171875 
476
3 1838.285400390625 0.0 2003.4921875 250.59173583984375 
3 2008.80078125 2.8625946044921875 2074.3994140625 139.67599487304688 
3 3.1323394775390625 104.69717407226562 70.35155487060547 173.05075073242188 
477
3 1860.23388671875 0.0 2037.45849609375 253.7132568359375 
478
3 1891.8795166015625 0.4035186767578125 2068.27587890625 252.984130859375 
479
3 1919.940673828125 0.0 2106.092041015625 259.12677001953125 
480
3 1948.7867431640625 0.01568603515625 2139.07568359375 262.2422180175781 
3 2214.82958984375 77.32758331298828 2237.96337890625 133.23202514648438 
481
3 1977.32470703125 0.01892852783203125 2161.42041015625 267.8774108886719 
3 2226.947998046875 74.56651306152344 2255.400390625 136.13699340820312 
482
3 2006.93212890625 0.894378662109375 2180.82763671875 270.61383056640625 
483
3 2025.910888671875 0.0 2206.097412109375 274.9024353027344 
484
3 2056.73193359375 0.047882080078125 2228.704833984375 274.8675842285156 
485
3 2090.982666015625 1.5836029052734375 2252.0859375 277.28759765625 
486
3 2118.24658203125 0.0 2273.75341796875 285.38751220703125 
487
3 2131.13037109375 0.0 2291.211181640625 294.2498779296875 
488
3 2142.050537109375 0.0 2309.05029296875 302.62835693359375 
489
3 2150.57421875 0.0 2324.96923828125 311.01446533203125 
490
3 2165.64892578125 1.340301513671875 2345.601806640625 316.4007568359375 
491
3 2181.438232421875 8.757034301757812 2366.12109375 321.306640625 
492
3 2197.78857421875 12.388031005859375 2392.105712890625 324.392578125 
3 2221.839111328125 20.130115509033203 2340.40185546875 172.59059143066406 
493
3 2215.0869140625 18.15618896484375 2414.9072265625 331.8607177734375 
494
3 2228.918212890625 21.0875244140625 2433.658935546875 335.46563720703125 
495
3 2240.43408203125 25.261245727539062 2449.38623046875 342.98565673828125 
496
3 2245.97509765625 29.6116943359375 2463.6474609375 354.26934814453125 
497
3 2254.831298828125 34.35627746582031 2479.959228515625 362.8017883300781 
498
3 2271.15869140625 41.17756652832031 2494.37060546875 370.03057861328125 
499
3 2280.967529296875 44.8045654296875 2510.185302734375 376.74041748046875 
500
3 2296.619873046875 47.721435546875 2529.1572265625 367.351318359375 
501
3 2322.025146484375 55.04034423828125 2551.801513671875 375.9505920410156 
502
3 2350.577392578125 61.573944091796875 2558.842041015625 388.0572204589844 
503
3 2377.8837890625 69.16348266601562 2558.94921875 388.81170654296875 
504
3 2406.62890625 122.33267211914062 2559.03759765625 382.18975830078125 
505
3 2452.231201171875 142.00872802734375 2558.927978515625 394.906005859375 
506
3 2477.850830078125 190.55801391601562 2559.112060546875 396.282470703125 
507
508
509
