0
3 10.4937744140625 635.3184814453125 314.95953369140625 805.9458618164062 
1
3 10.497161865234375 635.3173217773438 314.96142578125 805.9323120117188 
2
3 10.11273193359375 635.6532592773438 314.71600341796875 806.3020629882812 
3
3 9.499099731445312 636.139404296875 312.04864501953125 806.6396484375 
4
5
3 8.320098876953125 635.0966796875 310.5334167480469 805.021240234375 
6
7
3 7.0383453369140625 632.8154296875 306.2030029296875 805.5116577148438 
8
3 5.7436370849609375 631.88623046875 305.5657958984375 807.1047973632812 
3 5.47332763671875 632.0845947265625 305.8702087402344 806.4815063476562 
9
3 5.345977783203125 632.1928100585938 307.30963134765625 805.5928344726562 
10
3 4.55950927734375 631.6756591796875 305.1014099121094 805.9092407226562 
11
3 4.102142333984375 633.4320678710938 305.9403076171875 806.7893676757812 
12
3 2.5668182373046875 633.8945922851562 306.12164306640625 807.7569580078125 
13
3 3.31976318359375 636.2924194335938 304.8534240722656 808.429931640625 
14
3 3.8654327392578125 637.3367919921875 304.11334228515625 808.006591796875 
15
16
17
3 3.2457427978515625 638.9669799804688 309.1766662597656 810.7611694335938 
18
3 2.949462890625 638.8366088867188 306.0897216796875 812.227783203125 
19
20
3 1.40771484375 641.0301513671875 306.8197021484375 810.378173828125 
21
3 0.731414794921875 640.8721313476562 302.1689758300781 811.923095703125 
22
3 0.0268096923828125 641.0830688476562 303.7865295410156 812.3960571289062 
23
24
25
26
3 0.380035400390625 643.5014038085938 297.67022705078125 812.95703125 
27
3 0.44244384765625 644.7733764648438 297.1591796875 813.844970703125 
28
3 0.3669281005859375 645.1116333007812 297.74749755859375 813.7074584960938 
29
3 0.31390380859375 644.8662109375 297.9927673339844 814.5377197265625 
30
3 0.3560791015625 645.120849609375 296.9412841796875 815.1035766601562 
31
3 0.47906494140625 645.2437133789062 293.8270568847656 815.0114135742188 
32
3 0.5894775390625 645.7377319335938 295.1944885253906 815.5964965820312 
33
3 0.4796295166015625 645.875 295.65643310546875 817.0557250976562 
34
3 0.2440032958984375 645.4519653320312 291.0913391113281 817.1464233398438 
35
3 0.532470703125 645.9800415039062 288.645751953125 819.7626953125 
36
37
3 0.53033447265625 647.7305297851562 288.8626708984375 818.5700073242188 
38
3 0.2736358642578125 648.0888671875 287.7424011230469 822.376953125 
39
3 0.0290985107421875 647.8527221679688 287.42498779296875 825.3742065429688 
40
41
3 0.0113525390625 649.1333618164062 286.020751953125 823.0836791992188 
42
3 0.0733795166015625 650.7256469726562 286.38916015625 823.204345703125 
43
3 0.07025146484375 652.85107421875 284.11065673828125 822.876708984375 
44
3 0.0 655.581787109375 282.290771484375 826.4688110351562 
45
3 0.0 653.1937255859375 281.48968505859375 826.7413940429688 
46
3 0.0 653.4351806640625 281.4327392578125 827.0586547851562 
47
3 0.0 654.0178833007812 282.1835632324219 828.105712890625 
48
3 0.0 654.0257568359375 282.14031982421875 828.3021240234375 
49
50
51
52
53
54
55
3 0.0 656.6775512695312 279.72747802734375 828.662109375 
56
3 0.0 655.6166381835938 280.21734619140625 828.8787841796875 
57
3 0.0 655.4854125976562 280.52642822265625 828.9292602539062 
58
3 0.0 655.4012451171875 279.89990234375 828.533447265625 
59
3 0.0 654.981201171875 281.00482177734375 828.342041015625 
60
3 0.0 654.50439453125 282.760009765625 827.4625854492188 
61
3 0.0 655.1126708984375 286.4158630371094 827.6217041015625 
62
3 0.0 653.1478271484375 287.38909912109375 823.8401489257812 
63
3 0.0 652.344970703125 285.7306213378906 823.7034912109375 
64
3 0.0 652.9382934570312 282.89306640625 822.6049194335938 
65
3 0.0 654.3292846679688 280.38153076171875 824.7493286132812 
66
3 0.0 657.5419921875 281.8794250488281 828.8745727539062 
67
3 0.0 657.865966796875 279.28887939453125 828.8299560546875 
68
3 0.06439208984375 663.2001953125 281.59417724609375 832.8919067382812 
69
70
71
3 0.0 667.1524658203125 279.484130859375 835.9520874023438 
72
3 0.0 668.7661743164062 278.08526611328125 834.7845458984375 
73
3 0.0 668.6382446289062 278.97320556640625 835.7459716796875 
74
3 0.0 667.8121337890625 280.50946044921875 840.3150634765625 
75
3 0.0 668.0992431640625 278.7443542480469 837.8388671875 
76
77
78
3 0.0 667.9967041015625 277.11376953125 833.3483276367188 
79
3 0.0 667.7335815429688 279.6885986328125 832.597900390625 
80
3 0.0 668.8513793945312 279.19744873046875 832.6474609375 
81
3 0.0 670.4952392578125 282.867431640625 833.8749389648438 
82
3 0.0 669.0927124023438 282.72735595703125 833.796142578125 
83
84
85
86
87
3 0.0 668.4185180664062 282.5560302734375 833.326171875 
88
89
90
3 0.0 662.29833984375 279.83795166015625 829.3348999023438 
91
3 0.0 664.0687255859375 280.36700439453125 828.8545532226562 
92
3 0.050201416015625 660.4705810546875 280.58709716796875 824.328125 
93
3 0.1608428955078125 660.1141357421875 281.31488037109375 824.8395385742188 
94
3 0.071380615234375 661.3521118164062 279.403564453125 826.5910034179688 
95
3 0.063446044921875 663.0487060546875 282.84161376953125 826.8013916015625 
96
97
98
99
100
101
102
3 0.0 660.5617065429688 281.7557678222656 822.1414794921875 
103
104
3 0.04473876953125 655.8760986328125 276.0056457519531 818.1527099609375 
105
106
107
3 0.0 655.5242919921875 277.94537353515625 822.1267700195312 
108
3 0.0 655.6537475585938 279.1656494140625 822.169921875 
109
110
111
112
113
114
115
3 0.118011474609375 651.4613037109375 290.2406005859375 822.6725463867188 
116
3 0.35308837890625 652.3079833984375 287.22686767578125 823.3421630859375 
117
118
119
120
121
122
3 0.3600921630859375 643.9747314453125 298.15350341796875 810.9773559570312 
123
124
3 0.52410888671875 640.1453857421875 305.09381103515625 810.512939453125 
125
3 2.4779205322265625 637.3709716796875 306.86529541015625 806.5269775390625 
126
3 7.11865234375 635.5238037109375 309.9754943847656 801.4225463867188 
127
3 9.685150146484375 633.76220703125 316.1128845214844 801.849365234375 
128
3 13.315719604492188 628.6666259765625 318.93096923828125 798.7460327148438 
129
3 18.068359375 626.0982666015625 323.9991455078125 800.10986328125 
130
3 23.266403198242188 623.8734130859375 325.36407470703125 792.8409423828125 
131
3 25.9775390625 620.4152221679688 331.312744140625 789.3914794921875 
132
3 30.0357666015625 615.85546875 334.423828125 787.3298950195312 
133
3 34.330352783203125 612.5448608398438 334.5528564453125 781.7077026367188 
134
3 39.11259460449219 611.2080688476562 338.8393859863281 782.2454223632812 
135
3 44.99554443359375 608.8665161132812 344.8164367675781 778.2288818359375 
136
3 48.78900146484375 605.3558349609375 348.9627990722656 777.2677001953125 
137
3 52.70445251464844 601.7515869140625 360.03082275390625 786.9693603515625 
138
3 56.0877685546875 598.9693603515625 363.19586181640625 773.8458862304688 
139
3 60.185546875 597.1053466796875 365.5568542480469 769.1300048828125 
140
141
3 71.82025146484375 591.4332885742188 374.9864196777344 762.1377563476562 
142
3 77.7156982421875 588.8606567382812 380.34210205078125 759.74462890625 
143
3 82.60842895507812 585.6861572265625 395.3052978515625 756.0446166992188 
144
145
3 97.3739013671875 578.61279296875 402.78326416015625 746.6966552734375 
146
3 102.624267578125 575.4074096679688 406.9840393066406 745.2008666992188 
147
3 106.91468811035156 572.2047729492188 407.87164306640625 747.948974609375 
148
3 111.0570068359375 571.447998046875 408.29144287109375 740.1744384765625 
149
3 115.10638427734375 569.0650634765625 412.36370849609375 748.1708984375 
150
3 118.2120361328125 566.998291015625 423.9523620605469 736.180419921875 
151
3 122.08256530761719 566.42138671875 399.7147216796875 740.3936767578125 
152
1 128.47195434570312 564.2969970703125 434.0846862792969 743.5003051757812 
153
1 134.8531036376953 561.1060791015625 438.4349670410156 741.5932006835938 
154
3 141.4498291015625 559.8028564453125 405.4175109863281 742.9207763671875 
155
3 146.42343139648438 560.1396484375 409.98077392578125 746.6063232421875 
156
3 150.86441040039062 560.2180786132812 410.4674072265625 756.03515625 
157
3 153.71522521972656 559.824462890625 413.17303466796875 750.2974853515625 
158
3 157.7314453125 560.197265625 417.14117431640625 752.2244873046875 
159
1 163.37197875976562 559.2691650390625 426.2010803222656 750.7223510742188 
160
1 168.04837036132812 559.79931640625 426.89501953125 748.7203369140625 
161
3 173.015625 560.48291015625 425.24993896484375 750.1159057617188 
162
3 178.98397827148438 559.8695678710938 418.8539123535156 748.5891723632812 
163
1 182.2244873046875 559.9007568359375 432.988525390625 745.174072265625 
164
1 186.25099182128906 558.1380615234375 435.97552490234375 744.8975219726562 
165
1 188.09677124023438 556.5050659179688 436.94842529296875 742.1240844726562 
166
167
1 189.4641571044922 554.6139526367188 437.15582275390625 738.4190673828125 
168
1 191.40704345703125 554.838134765625 437.9779357910156 739.36083984375 
169
1 193.577880859375 551.9221801757812 441.8265380859375 737.383056640625 
170
1 196.9263153076172 550.89404296875 446.18536376953125 737.5031127929688 
171
1 199.14822387695312 549.663818359375 452.70147705078125 736.37890625 
172
1 199.3282470703125 549.8208618164062 452.228515625 736.8396606445312 
173
174
1 201.25228881835938 550.1268310546875 452.8751220703125 737.329345703125 
175
1 201.59432983398438 550.3794555664062 459.1129150390625 738.8815307617188 
176
1 202.57785034179688 549.5286254882812 460.6269226074219 738.8785400390625 
177
1 202.52401733398438 550.5211181640625 462.8840026855469 747.2874145507812 
178
1 202.436279296875 549.8807373046875 460.37213134765625 769.04638671875 
179
1 202.4354248046875 549.1366577148438 460.2296142578125 769.1790161132812 
180
1 203.2637481689453 549.581787109375 464.1063537597656 766.676025390625 
181
1 204.2621612548828 545.9761352539062 466.747802734375 786.518798828125 
182
1 204.7738800048828 544.4305419921875 473.07855224609375 800.3028564453125 
183
1 204.81491088867188 542.6017456054688 472.71380615234375 800.5341796875 
184
1 203.42312622070312 553.3417358398438 478.57318115234375 795.3316650390625 
185
1 201.7457275390625 554.0714111328125 474.9390869140625 794.4126586914062 
186
1 198.81396484375 556.028076171875 484.0152587890625 794.6661987304688 
187
1 196.72064208984375 558.5269165039062 479.55645751953125 795.6245727539062 
188
1 195.9246826171875 558.6847534179688 484.4088134765625 789.0763549804688 
189
1 193.97592163085938 561.980712890625 480.7774353027344 795.0955200195312 
190
1 191.82691955566406 565.5859375 484.8570556640625 791.23876953125 
191
1 188.5643768310547 559.9172973632812 485.3736572265625 795.3377685546875 
192
1 187.27706909179688 566.2299194335938 494.8116455078125 795.5706787109375 
193
1 181.42352294921875 555.357421875 491.8436279296875 792.0577392578125 
194
1 180.45904541015625 565.869384765625 494.3814697265625 792.287841796875 
195
1 177.98397827148438 570.4649658203125 496.25592041015625 783.3092651367188 
196
1 178.8455047607422 572.0887451171875 497.4805603027344 786.5170288085938 
197
1 177.84259033203125 573.9649047851562 500.7700500488281 785.226806640625 
198
1 177.76287841796875 575.2335205078125 496.473388671875 783.556640625 
199
1 176.81637573242188 576.5907592773438 501.78485107421875 782.8126831054688 
200
1 176.73178100585938 577.2932739257812 506.49578857421875 750.1643676757812 
201
202
1 176.65127563476562 576.9493408203125 514.6828002929688 773.7489013671875 
203
204
1 180.8487548828125 572.73828125 517.5029296875 773.377197265625 
1 182.03912353515625 578.2351684570312 516.885498046875 774.998046875 
205
1 184.3411865234375 577.596435546875 514.8560180664062 779.2552490234375 
1 185.17864990234375 577.59765625 516.876220703125 778.657958984375 
206
207
208
209
210
1 201.544189453125 575.1451416015625 527.4879760742188 753.1567993164062 
211
1 203.74249267578125 572.7451171875 519.4437866210938 761.0 
212
1 207.99407958984375 573.9374389648438 522.0745239257812 775.1863403320312 
213
1 212.13973999023438 572.207763671875 542.3861083984375 769.87451171875 
214
1 216.73184204101562 571.5308837890625 537.044921875 773.0617065429688 
215
1 222.20828247070312 569.5838012695312 537.827392578125 774.6168212890625 
216
1 229.49229431152344 566.7559814453125 537.972900390625 770.0443115234375 
1 229.257568359375 566.4781494140625 539.0926513671875 770.6008911132812 
217
1 233.00494384765625 564.78076171875 537.1713256835938 767.8751831054688 
218
1 236.8624267578125 560.4722290039062 545.5691528320312 761.923095703125 
219
1 241.03921508789062 559.5643310546875 555.8058471679688 761.9249267578125 
220
1 246.44129943847656 559.2883911132812 560.81494140625 765.3952026367188 
221
1 252.172607421875 557.1218872070312 564.564208984375 762.2081909179688 
222
1 259.4878845214844 552.5310668945312 567.420166015625 762.6514282226562 
223
1 262.7969055175781 550.8279418945312 564.5003662109375 763.1618041992188 
224
1 266.0557861328125 550.2852783203125 564.23193359375 761.0569458007812 
225
1 267.5807189941406 547.6643676757812 565.3716430664062 757.440185546875 
226
1 269.5926208496094 547.4697265625 561.7346801757812 758.74853515625 
227
1 272.92449951171875 546.1533813476562 553.121826171875 761.7003784179688 
228
1 275.3171081542969 544.7734985351562 561.78955078125 754.9544677734375 
229
1 276.0469970703125 543.69873046875 551.3545532226562 760.0689086914062 
230
1 277.53546142578125 542.9833374023438 553.0205688476562 757.9668579101562 
231
1 278.638916015625 541.542724609375 547.8643188476562 759.98974609375 
232
1 277.71319580078125 540.9615478515625 549.1720581054688 760.916015625 
233
1 282.07598876953125 538.6199340820312 546.839599609375 757.2423095703125 
234
1 280.35870361328125 538.3076782226562 548.8899536132812 760.435302734375 
235
1 279.3910217285156 538.797607421875 546.3145141601562 762.431396484375 
236
1 281.4342346191406 539.607421875 553.437744140625 761.1614990234375 
237
1 280.90643310546875 539.8699951171875 553.0823364257812 760.1776123046875 
238
1 280.1578674316406 539.7672119140625 551.318359375 760.84375 
239
1 280.4647521972656 541.0321655273438 551.3524169921875 760.3795166015625 
240
1 278.82269287109375 542.5067138671875 554.1096801757812 761.1038208007812 
241
1 276.71722412109375 543.531982421875 555.7372436523438 761.3336181640625 
3 683.1182250976562 0.0 754.5557861328125 88.21300506591797 
242
1 276.46337890625 545.1559448242188 551.2882690429688 778.2193603515625 
3 682.8399047851562 0.0 753.6990356445312 88.19477844238281 
243
1 275.53314208984375 544.884033203125 553.6513671875 784.9739990234375 
244
1 272.70465087890625 546.4200439453125 555.8157958984375 794.0628051757812 
245
1 271.3837890625 546.077880859375 556.0684814453125 793.8923950195312 
246
1 270.6810302734375 548.0238037109375 554.6223754882812 793.578857421875 
247
1 269.68829345703125 547.5642700195312 553.1159057617188 793.4457397460938 
248
1 267.9489440917969 547.4320678710938 548.5743408203125 792.9996337890625 
249
1 267.2119445800781 547.0545043945312 551.7828369140625 795.0692749023438 
250
1 266.8250732421875 547.397216796875 552.0965576171875 793.32080078125 
251
1 267.2274169921875 547.1203002929688 552.264404296875 793.244140625 
252
1 266.9729919433594 545.3924560546875 553.7529296875 794.843505859375 
253
1 264.7853088378906 545.5479736328125 550.944091796875 794.4156494140625 
254
1 264.51092529296875 546.4385986328125 551.8538208007812 796.9444580078125 
255
1 264.83367919921875 546.423095703125 551.9485473632812 797.0518798828125 
256
1 264.53057861328125 545.2605590820312 552.5294799804688 796.6016235351562 
257
1 264.6453857421875 544.1897583007812 551.963134765625 795.795654296875 
258
1 264.5809020996094 543.5324096679688 551.6709594726562 795.59716796875 
259
1 264.9057922363281 543.3145141601562 553.1473388671875 795.7426147460938 
260
1 264.9269714355469 542.6864013671875 552.419189453125 796.8853759765625 
261
1 265.65057373046875 542.5546264648438 551.4796142578125 797.5859375 
262
1 266.4388427734375 542.100830078125 551.4354248046875 794.327392578125 
263
1 266.8656005859375 540.913818359375 553.42041015625 795.0086669921875 
264
1 268.74102783203125 540.8311767578125 553.9606323242188 791.71484375 
3 682.3643188476562 0.0 754.7874145507812 88.66802215576172 
265
1 268.399658203125 540.94091796875 551.8321533203125 790.4163208007812 
266
1 268.9498596191406 541.2957763671875 551.8092041015625 790.5957641601562 
267
1 268.9962158203125 541.2719116210938 550.675048828125 791.123291015625 
268
1 269.89306640625 541.1814575195312 552.7366333007812 792.2972412109375 
269
1 270.43121337890625 540.9907836914062 551.405517578125 791.1561889648438 
270
1 272.6310729980469 540.0088500976562 549.3580932617188 771.4483032226562 
271
1 272.695556640625 539.8583984375 551.107666015625 768.7709350585938 
272
1 273.6954650878906 538.9536743164062 551.99560546875 779.5252685546875 
273
1 275.404296875 539.567626953125 554.8030395507812 763.5400390625 
274
1 276.9868469238281 538.5125122070312 558.9653930664062 763.712646484375 
275
1 276.922607421875 537.8390502929688 559.5810546875 770.3535766601562 
276
1 277.41497802734375 537.4475708007812 559.7838745117188 769.2125244140625 
277
1 279.7767333984375 536.5571899414062 560.5606689453125 762.824462890625 
278
1 280.60906982421875 537.616455078125 559.5584716796875 767.8839111328125 
279
1 280.785400390625 536.5883178710938 559.7562866210938 771.533935546875 
280
1 280.839111328125 536.2776489257812 559.9583740234375 775.0458374023438 
281
1 281.13372802734375 536.7046508789062 559.411376953125 775.9384155273438 
282
1 281.07476806640625 536.76611328125 559.0225830078125 779.5831909179688 
283
1 280.9560546875 535.7938232421875 560.4619140625 787.13232421875 
284
1 281.0703125 536.0827026367188 560.5491943359375 788.5751342773438 
285
1 281.48052978515625 536.3350830078125 560.428466796875 789.376953125 
286
1 281.83984375 537.01123046875 559.989501953125 789.79296875 
287
1 281.904052734375 537.5584106445312 559.6650390625 789.4859008789062 
288
1 281.91943359375 537.1378784179688 559.5184326171875 788.8521118164062 
289
1 282.00592041015625 537.0004272460938 559.4586181640625 788.7332153320312 
290
1 282.0791015625 536.6361083984375 558.9340209960938 789.859619140625 
291
1 281.96563720703125 536.444580078125 559.391357421875 788.6356811523438 
292
1 282.0001220703125 536.2391967773438 559.5440673828125 788.4732666015625 
293
1 281.7703857421875 536.03662109375 559.4405517578125 780.3548583984375 
294
1 281.46661376953125 535.6898193359375 560.1466064453125 776.125 
295
1 282.10797119140625 536.0786743164062 560.6187744140625 789.106689453125 
296
1 282.16278076171875 536.11328125 560.5524291992188 789.413330078125 
297
1 282.27972412109375 536.3341674804688 560.3068237304688 789.762451171875 
298
1 281.97442626953125 536.2290649414062 560.8466796875 790.2814331054688 
299
1 282.01171875 536.2933349609375 561.1837158203125 790.31591796875 
300
1 281.7348327636719 536.3765258789062 559.796630859375 789.15966796875 
301
1 281.6741943359375 536.7638549804688 559.6950073242188 769.718505859375 
302
1 281.50921630859375 536.2261962890625 559.4136962890625 767.7823486328125 
303
1 281.6153564453125 536.7421264648438 559.6952514648438 771.9562377929688 
304
1 281.56109619140625 536.8263549804688 559.2552490234375 771.753662109375 
305
1 281.88909912109375 537.1224975585938 558.86865234375 776.856201171875 
306
1 282.1103515625 537.1215209960938 558.4232177734375 784.1422729492188 
307
1 282.98309326171875 537.8231201171875 558.19677734375 775.1654052734375 
308
1 283.02215576171875 537.6534423828125 557.6536865234375 781.1822509765625 
309
1 283.6234436035156 538.0983276367188 557.8960571289062 775.9459228515625 
310
1 283.6454772949219 538.2249145507812 558.6250610351562 787.1592407226562 
311
1 283.7530212402344 538.0272216796875 558.1790771484375 789.14208984375 
312
1 284.72686767578125 537.0010986328125 557.6725463867188 788.6680908203125 
313
1 284.7259216308594 536.411376953125 556.3214721679688 789.3660278320312 
314
1 285.23333740234375 536.5589599609375 556.5020751953125 786.966064453125 
315
1 285.2546691894531 536.3532104492188 556.183837890625 790.0299682617188 
316
1 285.3615417480469 536.0130615234375 555.4942626953125 774.0599975585938 
317
1 285.8332824707031 533.8497924804688 555.5069580078125 768.2199096679688 
318
1 285.6328125 534.9877319335938 556.4742431640625 782.921875 
319
1 285.99603271484375 535.14599609375 557.437744140625 790.7157592773438 
320
1 287.71051025390625 535.0588989257812 558.5609741210938 788.2809448242188 
321
1 289.561767578125 534.1984252929688 558.816650390625 787.3594360351562 
322
1 289.32952880859375 534.120849609375 558.5616455078125 789.6166381835938 
323
1 290.46649169921875 534.0476684570312 560.5072021484375 789.1964111328125 
324
1 292.7725524902344 533.1671752929688 562.0792846679688 787.8367309570312 
325
1 293.0598449707031 533.065185546875 560.4017333984375 782.9952392578125 
326
1 291.91717529296875 533.5848999023438 560.8206787109375 776.3818359375 
327
1 291.9809265136719 533.5896606445312 561.37939453125 775.6475219726562 
328
1 291.8747863769531 533.6420288085938 561.7493896484375 776.4442749023438 
329
1 290.6289367675781 534.1435546875 562.0344848632812 786.9028930664062 
330
1 289.3539123535156 534.9352416992188 562.7615356445312 791.2777099609375 
331
1 289.3001708984375 534.7598266601562 562.9641723632812 790.4886474609375 
332
1 288.8497314453125 535.073974609375 563.5743408203125 790.0613403320312 
333
1 288.8093566894531 535.0673217773438 563.9351806640625 790.2706298828125 
334
1 289.02777099609375 534.2369384765625 560.9314575195312 789.3679809570312 
335
1 289.3536376953125 534.53369140625 561.1941528320312 784.5557250976562 
336
1 289.25140380859375 534.3600463867188 561.0003662109375 788.7760009765625 
337
1 287.9759521484375 534.8800659179688 561.6262817382812 790.1422729492188 
338
1 287.1070556640625 535.2469482421875 562.1424560546875 789.5858154296875 
339
1 285.82940673828125 536.79541015625 563.62890625 790.6640014648438 
340
1 285.4306945800781 537.0138549804688 562.8024291992188 790.4721069335938 
341
1 285.1707458496094 537.0555419921875 562.0828857421875 789.3770751953125 
342
1 284.94561767578125 537.3526000976562 562.8684692382812 788.6611938476562 
343
1 284.85052490234375 537.3619995117188 561.131591796875 787.3043212890625 
344
1 284.80084228515625 537.3575439453125 559.485107421875 788.7466430664062 
345
1 284.3468322753906 537.8999633789062 557.9744873046875 787.332275390625 
346
1 284.5837097167969 537.9857177734375 558.3729858398438 787.9668579101562 
347
1 284.1988220214844 537.9640502929688 558.290283203125 788.1204833984375 
348
1 283.26312255859375 537.9417114257812 557.9110107421875 787.63916015625 
349
1 282.993896484375 538.1036987304688 556.41357421875 788.4125366210938 
350
1 282.98492431640625 538.3642578125 557.926513671875 787.3348388671875 
351
1 282.2291259765625 539.2413940429688 559.6970825195312 787.8336181640625 
352
1 282.2281188964844 538.439697265625 559.9769287109375 789.51318359375 
353
1 282.1792297363281 538.992919921875 559.6260986328125 789.9471435546875 
354
1 281.95556640625 538.3060913085938 559.7645874023438 789.4461059570312 
355
1 281.8487548828125 538.6298828125 560.589111328125 789.855224609375 
356
1 281.85736083984375 539.42578125 560.4699096679688 789.9773559570312 
357
1 282.4278869628906 539.1663208007812 558.3988037109375 789.1285400390625 
358
1 282.24871826171875 539.3946533203125 558.6657104492188 789.0528564453125 
359
1 282.4469299316406 539.4016723632812 558.3086547851562 789.1881103515625 
360
1 281.690185546875 539.44775390625 559.5599975585938 790.20751953125 
361
1 280.1231689453125 539.1586303710938 560.1924438476562 791.136962890625 
362
1 277.9296875 540.3533935546875 556.8858032226562 785.643310546875 
363
1 277.37811279296875 542.0140380859375 556.95849609375 773.7315673828125 
364
1 275.1246032714844 542.4537963867188 554.9727783203125 783.252197265625 
365
1 274.1944885253906 542.556884765625 554.0610961914062 790.6907348632812 
366
1 270.59832763671875 545.0225830078125 549.047119140625 793.3079833984375 
367
1 268.9483642578125 545.9894409179688 551.944091796875 790.512939453125 
3 682.0374755859375 0.0 754.119140625 89.7474365234375 
368
1 268.0417175292969 546.223388671875 547.7321166992188 795.0783081054688 
369
1 267.12078857421875 546.9337768554688 544.1318969726562 795.5220336914062 
370
1 267.2301940917969 547.091552734375 545.7787475585938 795.6549072265625 
371
1 266.58404541015625 546.87939453125 549.0018310546875 795.7400512695312 
372
1 266.0716552734375 547.2304077148438 548.094970703125 795.9967041015625 
373
1 264.0600280761719 547.8130493164062 544.6182861328125 793.126953125 
374
1 262.49639892578125 550.9699096679688 544.84765625 797.9690551757812 
375
1 261.56817626953125 550.62060546875 543.1094360351562 799.1964111328125 
376
1 259.10858154296875 551.5870971679688 541.7735595703125 796.6220703125 
377
1 258.3189697265625 551.4876098632812 537.71533203125 797.2271728515625 
378
1 255.09255981445312 552.6016235351562 527.7617797851562 802.400146484375 
379
1 254.05419921875 555.3443603515625 528.5528564453125 799.9237670898438 
380
1 252.8680877685547 555.3014526367188 521.8613891601562 797.733154296875 
381
1 250.86184692382812 556.4974365234375 535.4554443359375 799.9982299804688 
382
1 250.17820739746094 558.9132080078125 526.76416015625 801.5054931640625 
383
1 246.54833984375 559.4598999023438 523.890869140625 802.9832763671875 
384
1 244.7401580810547 559.5358276367188 524.7656860351562 805.1112060546875 
385
1 242.58522033691406 562.3251342773438 521.2174682617188 803.3333740234375 
386
1 239.802978515625 563.1446533203125 524.9658203125 790.3529052734375 
387
1 236.77711486816406 563.1259155273438 522.9781494140625 810.8505859375 
388
1 234.03887939453125 563.5350952148438 512.1680908203125 808.9892578125 
389
1 231.50013732910156 567.0015869140625 517.384521484375 809.9874267578125 
390
1 228.11282348632812 568.31396484375 507.4520568847656 813.2069702148438 
391
1 225.4603729248047 570.5325927734375 501.63238525390625 816.4142456054688 
392
1 221.8121337890625 570.9287109375 508.9846496582031 818.0723876953125 
393
1 218.4393310546875 572.6491088867188 506.8529968261719 817.5133056640625 
394
1 214.8025665283203 575.3672485351562 503.17626953125 819.283935546875 
395
1 210.0706787109375 576.854248046875 499.5904235839844 823.5316162109375 
396
1 206.846435546875 579.06591796875 495.8338928222656 807.3546142578125 
397
1 203.7591552734375 581.3531494140625 496.48138427734375 805.18115234375 
398
1 200.59681701660156 582.611572265625 494.1763610839844 821.7482299804688 
399
1 197.65687561035156 584.0958251953125 491.1971435546875 823.3316650390625 
400
1 193.93521118164062 585.4734497070312 489.9111633300781 819.8561401367188 
401
1 188.5514373779297 588.2393188476562 481.8109130859375 826.4115600585938 
402
1 183.72528076171875 591.7037963867188 466.11431884765625 834.4068603515625 
403
1 179.71163940429688 593.899658203125 476.5689697265625 828.7777099609375 
404
1 175.5558319091797 595.7485961914062 469.69146728515625 816.33935546875 
405
1 171.40304565429688 597.8892822265625 465.4921875 816.0481567382812 
406
1 167.90826416015625 600.2944946289062 468.06134033203125 838.7506713867188 
407
1 165.31736755371094 601.687255859375 463.8661193847656 840.9515380859375 
408
1 162.99368286132812 602.8197021484375 462.65496826171875 839.3681030273438 
409
1 159.49337768554688 604.43408203125 461.447998046875 842.7188720703125 
410
1 155.90296936035156 606.411376953125 456.691650390625 838.982177734375 
411
1 154.53030395507812 608.2432861328125 458.0169677734375 839.4560546875 
3 1015.23486328125 293.2710266113281 1032.5814208984375 329.9485778808594 
412
1 151.14610290527344 610.1859130859375 452.15667724609375 849.375 
413
1 146.063720703125 610.2702026367188 446.83135986328125 846.0382080078125 
414
0 141.9791717529297 613.9454345703125 443.87591552734375 853.72314453125 
415
0 138.0985107421875 616.4230346679688 443.5643005371094 854.578125 
416
1 135.14297485351562 619.2274169921875 445.08953857421875 850.1531372070312 
417
0 133.91183471679688 619.8605346679688 441.6186218261719 857.5404052734375 
418
0 130.99935913085938 622.5166015625 439.10675048828125 854.683837890625 
419
1 131.35464477539062 620.645263671875 437.0337219238281 850.141357421875 
420
1 127.0045166015625 623.2645263671875 437.5011291503906 842.3662109375 
421
0 126.24345397949219 624.5770874023438 433.72918701171875 852.8556518554688 
422
1 125.75918579101562 624.573974609375 431.57464599609375 845.8114013671875 
423
1 125.83830261230469 625.4395141601562 431.2241516113281 850.9988403320312 
424
0 125.0135498046875 626.6375122070312 431.2822570800781 858.9476318359375 
425
0 125.08944702148438 626.6524047851562 431.8277893066406 858.5572509765625 
426
0 125.22036743164062 627.2605590820312 431.5933837890625 859.0411987304688 
427
0 125.37533569335938 627.6835327148438 432.22418212890625 857.3151245117188 
428
0 124.8487548828125 628.0252685546875 431.8385009765625 856.4874877929688 
429
1 124.92498779296875 628.0936279296875 432.91790771484375 834.28076171875 
430
1 124.98568725585938 628.2154541015625 433.21405029296875 830.1558227539062 
431
1 125.89901733398438 626.8660888671875 433.64239501953125 826.1400146484375 
432
1 125.22726440429688 627.7592163085938 433.4706115722656 826.4332275390625 
433
1 125.13168334960938 627.2412109375 431.6931457519531 823.2982177734375 
434
1 122.629638671875 627.8430786132812 431.9172058105469 825.4051513671875 
435
1 121.02629089355469 627.2298583984375 433.5681457519531 825.645751953125 
436
1 118.88909912109375 628.6478271484375 430.08258056640625 823.6590576171875 
437
1 117.26472473144531 630.6234741210938 429.46221923828125 823.3317260742188 
438
1 114.91552734375 630.7352905273438 427.138671875 824.1471557617188 
439
1 111.2940673828125 553.5623779296875 428.270263671875 825.2153930664062 
440
1 108.95278930664062 631.919677734375 427.16400146484375 822.6587524414062 
441
1 105.92080688476562 632.2684936523438 428.52972412109375 823.2606811523438 
442
1 105.47630310058594 633.3300170898438 429.20977783203125 827.2647094726562 
443
1 104.096435546875 633.6712036132812 428.455322265625 841.4295654296875 
444
1 103.34500122070312 635.183837890625 430.53741455078125 826.7789306640625 
445
1 102.42939758300781 640.1503295898438 432.80340576171875 833.3065185546875 
446
1 102.12522888183594 641.3841552734375 435.0299072265625 834.209228515625 
447
1 100.08853149414062 641.7817993164062 435.75921630859375 831.2449951171875 
448
1 92.38166809082031 644.6319580078125 432.2862243652344 835.9268188476562 
449
1 91.28656005859375 645.5939331054688 432.0966491699219 832.2000732421875 
450
1 90.0968017578125 648.321044921875 429.336669921875 831.86669921875 
451
1 88.88973999023438 649.6939697265625 425.34368896484375 836.2807006835938 
452
1 86.12310791015625 650.486328125 416.91986083984375 841.2138061523438 
453
1 88.468994140625 570.7568969726562 409.322998046875 849.8160400390625 
454
0 90.65843200683594 567.5068969726562 405.7875061035156 856.3226318359375 
3 508.95819091796875 1.008819580078125 584.98876953125 128.75054931640625 
455
0 91.35289001464844 648.48486328125 404.5651550292969 864.2255859375 
456
0 93.50006103515625 648.7008666992188 403.5726623535156 872.9485473632812 
457
0 94.86447143554688 648.3936767578125 408.2807312011719 879.9935302734375 
458
0 96.6734619140625 563.9095458984375 411.84027099609375 892.7601928710938 
459
0 86.66522216796875 644.8858642578125 412.5934143066406 898.0546875 
0 86.95855712890625 566.3148803710938 414.2865295410156 898.3307495117188 
460
0 70.72096252441406 642.0383911132812 414.27935791015625 906.2884521484375 
0 71.51486206054688 568.974365234375 414.67041015625 905.9183959960938 
461
0 64.07633972167969 651.6277465820312 422.85345458984375 903.5248413085938 
462
0 57.91900634765625 648.2540283203125 420.8816833496094 906.2945556640625 
0 59.109588623046875 567.9177856445312 421.9962463378906 905.3381958007812 
463
0 58.01130676269531 571.6729125976562 419.9928894042969 904.8230590820312 
464
0 51.080657958984375 568.3239135742188 424.2834777832031 909.7277221679688 
465
0 52.57380676269531 641.579833984375 428.11639404296875 903.3074951171875 
0 53.826812744140625 563.3682250976562 429.29107666015625 905.7894897460938 
0 53.58622741699219 559.2305908203125 429.18206787109375 902.5771484375 
466
0 53.45442199707031 647.0238647460938 431.4739685058594 917.3134765625 
467
0 54.75978088378906 645.6075439453125 434.88629150390625 952.3939208984375 
468
0 60.1282958984375 585.7721557617188 437.18951416015625 954.6298828125 
469
0 69.44215393066406 556.6881103515625 446.2205810546875 954.9727783203125 
470
0 70.9822998046875 555.064453125 449.8364562988281 952.011962890625 
471
0 74.96966552734375 553.5113525390625 449.7118835449219 954.2599487304688 
472
0 84.22059631347656 551.880126953125 451.4366149902344 952.5406494140625 
473
0 92.63107299804688 551.762451171875 454.86590576171875 951.0664672851562 
474
0 100.92385864257812 551.7107543945312 463.5578918457031 951.602783203125 
475
476
0 117.40632629394531 548.6437377929688 477.0577392578125 948.9775390625 
477
0 131.47567749023438 637.1311645507812 462.728759765625 949.1060180664062 
478
0 139.56695556640625 543.2901611328125 489.04840087890625 940.9276123046875 
479
0 147.42575073242188 540.2640380859375 492.00274658203125 933.701171875 
480
0 154.64854431152344 633.4486694335938 477.0845947265625 933.7058715820312 
481
0 162.60833740234375 632.3063354492188 480.48486328125 929.53857421875 
482
0 165.3926239013672 631.3374633789062 483.71600341796875 929.8458862304688 
483
0 166.97157287597656 631.1806030273438 485.7408142089844 929.8562622070312 
484
0 170.83741760253906 631.4598388671875 483.27001953125 925.6441040039062 
485
0 174.2004852294922 630.48193359375 456.9907531738281 911.0113525390625 
0 318.644775390625 523.13720703125 507.86895751953125 927.06396484375 
486
0 176.42127990722656 630.0760498046875 492.57684326171875 923.90966796875 
3 699.5869750976562 0.0 774.14111328125 85.78042602539062 
487
0 177.76724243164062 630.24560546875 488.331787109375 919.449951171875 
488
0 178.7103729248047 630.5030517578125 483.823486328125 923.8259887695312 
489
0 178.94210815429688 630.9859008789062 491.42742919921875 933.6607055664062 
490
0 179.4043731689453 631.6659545898438 493.24755859375 934.9249267578125 
491
0 177.87020874023438 632.9161376953125 492.1835632324219 940.6619873046875 
492
0 176.98402404785156 632.0638427734375 481.9948425292969 935.8666381835938 
493
0 177.5968017578125 518.07666015625 517.160400390625 948.43408203125 
0 177.19375610351562 631.671875 451.34393310546875 941.8841552734375 
494
0 176.98348999023438 516.5550537109375 517.5108642578125 951.19384765625 
495
0 179.50978088378906 638.5052490234375 491.505859375 946.80322265625 
496
0 180.80661010742188 641.1135864257812 490.04156494140625 946.210205078125 
497
0 180.98193359375 643.5836791992188 490.4464111328125 948.2313842773438 
0 297.8953552246094 518.9492797851562 502.3836975097656 949.4132080078125 
498
0 180.9703826904297 645.5586547851562 490.67254638671875 951.513427734375 
0 179.9512939453125 522.6359252929688 500.09527587890625 953.4344482421875 
499
0 180.1868438720703 648.4291381835938 489.7701416015625 948.7261352539062 
0 292.2569580078125 521.2899169921875 495.92767333984375 948.96484375 
500
0 179.41748046875 649.900146484375 488.5513000488281 952.8395385742188 
501
0 178.9416961669922 653.4422607421875 486.63360595703125 951.8432006835938 
502
0 179.13905334472656 652.5321044921875 484.36004638671875 951.348876953125 
0 178.88607788085938 526.64599609375 490.68170166015625 953.1097412109375 
503
0 179.715576171875 653.5159912109375 484.253662109375 951.3758544921875 
0 179.4417266845703 526.007080078125 491.27508544921875 954.2572021484375 
504
0 182.5342559814453 654.5287475585938 483.426025390625 951.6842041015625 
0 181.9757080078125 521.8029174804688 495.9153747558594 954.4066162109375 
505
0 185.70999145507812 656.75830078125 480.71051025390625 949.0144653320312 
506
0 190.7332763671875 657.055419921875 477.5755615234375 949.5834350585938 
507
0 192.36798095703125 657.7957153320312 476.9522705078125 950.0656127929688 
508
0 205.39474487304688 531.3496704101562 506.67657470703125 956.0591430664062 
0 195.14015197753906 654.744384765625 473.9793701171875 950.5282592773438 
509
0 196.75253295898438 530.6088256835938 509.0248107910156 955.1904296875 
0 194.6173095703125 653.85888671875 470.92633056640625 949.2305908203125 
0 250.23524475097656 530.604736328125 508.9402770996094 954.3983154296875 
510
0 194.56625366210938 533.1632080078125 512.2516479492188 951.1883544921875 
511
0 192.63095092773438 531.4036865234375 510.84210205078125 950.8330078125 
0 192.27301025390625 649.0509033203125 468.73455810546875 948.0704956054688 
512
0 191.95860290527344 527.5363159179688 511.5986633300781 955.1165161132812 
513
0 192.26315307617188 524.7017211914062 506.926513671875 956.0225830078125 
514
0 197.32278442382812 522.6907348632812 503.6160888671875 955.8209838867188 
0 192.54251098632812 522.1544189453125 503.81201171875 956.2554931640625 
0 192.10073852539062 642.970947265625 467.1788330078125 953.5399169921875 
515
0 192.43841552734375 644.0702514648438 467.8822326660156 951.040283203125 
516
0 193.59817504882812 642.4737548828125 467.3053894042969 952.43603515625 
517
0 193.11822509765625 639.3930053710938 468.24798583984375 950.0491943359375 
518
0 192.11843872070312 636.8922119140625 468.3913879394531 945.826904296875 
519
0 190.63961791992188 633.4927978515625 464.8358459472656 953.7954711914062 
0 191.8129119873047 506.31298828125 473.7347717285156 954.1522216796875 
520
0 189.03811645507812 505.44305419921875 470.9178466796875 955.6030883789062 
521
0 188.560302734375 504.806640625 465.7742004394531 951.3388671875 
0 187.67262268066406 635.5814819335938 460.63446044921875 951.936279296875 
522
0 187.08059692382812 505.07928466796875 463.19287109375 954.2062377929688 
523
0 186.413818359375 503.408447265625 461.4709777832031 952.6665649414062 
524
0 184.60409545898438 632.6505126953125 456.05352783203125 945.3251342773438 
0 184.5531005859375 501.79248046875 459.6041564941406 947.1671142578125 
525
0 184.45361328125 632.53271484375 453.3319091796875 888.8985595703125 
526
0 183.63238525390625 631.04638671875 452.393798828125 950.8294677734375 
0 183.7589111328125 505.3572998046875 454.92578125 951.8729248046875 
527
0 182.63604736328125 508.73175048828125 454.859375 953.7110595703125 
528
0 180.69268798828125 508.697509765625 451.821533203125 953.7181396484375 
529
0 179.11660766601562 631.5433349609375 444.890869140625 951.2640380859375 
530
0 177.26019287109375 513.1469116210938 446.45355224609375 953.4012451171875 
531
0 175.8800811767578 512.773193359375 441.8055725097656 953.3245239257812 
0 175.74249267578125 634.8387451171875 440.6190185546875 950.2471923828125 
532
0 174.65084838867188 516.2950439453125 439.51434326171875 951.84326171875 
533
0 173.13284301757812 519.5995483398438 443.5591735839844 953.855712890625 
534
0 171.9857177734375 520.2360229492188 445.98968505859375 952.9354858398438 
535
0 169.9415283203125 520.282958984375 445.6123046875 952.005126953125 
536
0 165.87344360351562 526.8649291992188 444.10369873046875 948.4166259765625 
0 167.47720336914062 639.1520385742188 443.17999267578125 943.7324829101562 
537
0 162.550048828125 643.676025390625 440.58245849609375 890.69482421875 
538
0 159.8211669921875 642.5902099609375 438.8548889160156 945.4948120117188 
539
0 156.1822509765625 643.6106567382812 435.31292724609375 942.7420654296875 
540
0 153.6055908203125 643.7877197265625 431.2605285644531 887.162841796875 
541
0 149.12738037109375 642.402099609375 430.13616943359375 882.2398071289062 
542
0 145.2086639404297 642.1026611328125 428.17120361328125 875.167236328125 
543
0 142.13644409179688 641.1253662109375 426.91668701171875 872.0223388671875 
544
0 137.56805419921875 642.61572265625 430.7395324707031 865.6422119140625 
545
0 133.46435546875 643.1170043945312 433.9012756347656 859.6226806640625 
546
1 129.17642211914062 643.0761108398438 435.55889892578125 851.2618408203125 
547
1 124.932861328125 643.9910888671875 440.48565673828125 848.6258544921875 
548
1 121.71998596191406 645.0328979492188 445.7599792480469 845.3721923828125 
1 121.06132507324219 557.3662109375 444.76861572265625 847.5470581054688 
549
1 118.10989379882812 647.1395263671875 446.79241943359375 839.3139038085938 
550
1 114.91897583007812 648.3570556640625 440.1416320800781 826.5943603515625 
551
1 114.09103393554688 648.9412841796875 449.9457092285156 829.9593505859375 
552
1 112.02633666992188 651.4966430664062 454.96429443359375 834.3493041992188 
553
1 109.77719116210938 652.9026489257812 457.03302001953125 834.9552612304688 
554
555
556
1 101.7781982421875 660.9473266601562 460.83441162109375 843.9759521484375 
557
1 101.06982421875 661.7590942382812 461.53759765625 844.1976318359375 
558
1 98.70846557617188 663.3570556640625 462.4205017089844 849.5040893554688 
559
1 97.82481384277344 664.5443115234375 465.4468994140625 848.6754760742188 
560
1 97.15556335449219 666.1239013671875 463.5417785644531 851.9657592773438 
561
0 96.79226684570312 666.5232543945312 459.54443359375 854.2823486328125 
562
0 96.48197937011719 668.20849609375 454.8522033691406 853.1061401367188 
563
0 96.64205932617188 667.6337890625 451.9911193847656 854.4221801757812 
564
0 97.19839477539062 667.8377685546875 448.32373046875 863.446533203125 
565
0 97.6148681640625 667.6388549804688 447.38751220703125 860.5419311523438 
566
0 98.59120178222656 667.721923828125 444.9425048828125 860.5974731445312 
567
0 99.31109619140625 667.8877563476562 442.9805603027344 867.755126953125 
568
0 100.00334167480469 668.0919799804688 437.84576416015625 868.7408447265625 
569
0 100.98138427734375 668.1419067382812 438.36370849609375 866.80859375 
570
0 100.86311340332031 668.2848510742188 434.2715759277344 869.3067626953125 
571
0 100.76263427734375 668.173583984375 433.39849853515625 868.0786743164062 
572
0 99.81504821777344 668.705078125 432.2699279785156 870.0538330078125 
573
0 97.8994140625 668.9912109375 426.7742614746094 870.2196044921875 
0 97.57862854003906 620.4370727539062 426.67327880859375 871.2052001953125 
574
0 97.129150390625 623.6002197265625 426.9093017578125 872.0164794921875 
575
0 94.95965576171875 625.8487548828125 423.2200927734375 872.6507568359375 
576
0 93.5150146484375 628.04345703125 420.6619567871094 875.4298706054688 
577
0 92.1976318359375 671.4783325195312 417.2539978027344 873.8490600585938 
578
0 90.75979614257812 671.61865234375 416.4729309082031 875.0803833007812 
579
0 89.94673156738281 672.6832275390625 414.2776184082031 878.885498046875 
580
0 88.61933898925781 673.7381591796875 413.74609375 882.4873046875 
581
0 87.73681640625 675.0912475585938 412.9601745605469 878.9005737304688 
582
0 85.5865478515625 675.8743896484375 412.1968688964844 881.53271484375 
583
0 83.20997619628906 676.4453735351562 409.79833984375 882.549560546875 
584
0 82.06147766113281 677.6632080078125 406.45794677734375 882.3610229492188 
585
0 79.41574096679688 678.2982177734375 405.7420349121094 882.1953125 
586
0 78.22193908691406 678.7630004882812 407.37738037109375 883.5804443359375 
587
0 77.59941101074219 678.2352905273438 405.68603515625 883.6878662109375 
588
0 75.72251892089844 678.1939697265625 404.58489990234375 885.6546020507812 
589
0 74.22467041015625 678.097900390625 402.83795166015625 885.773681640625 
590
0 73.61833190917969 678.0870971679688 402.0340270996094 885.439208984375 
591
0 71.79696655273438 677.785400390625 402.23516845703125 885.555419921875 
592
0 70.5369873046875 677.8179931640625 401.8240661621094 886.7343139648438 
593
3 68.4439697265625 679.09716796875 401.46795654296875 986.0224609375 
0 68.88404846191406 678.9685668945312 400.63525390625 885.88916015625 
594
0 67.60084533691406 678.7103271484375 399.2374572753906 888.3051147460938 
595
0 66.146728515625 680.0869750976562 399.9298095703125 888.4129638671875 
596
0 65.19194030761719 680.5497436523438 400.060546875 888.5303344726562 
597
0 64.6236572265625 681.2213134765625 399.2032470703125 888.49609375 
598
0 64.18772888183594 682.9373779296875 400.91168212890625 889.1996459960938 
599
0 63.78221130371094 683.4329833984375 401.05181884765625 889.6277465820312 
600
0 63.73890686035156 683.415771484375 404.10797119140625 892.543701171875 
601
0 63.789459228515625 683.3167114257812 408.86834716796875 898.20263671875 
602
0 63.776641845703125 683.2933349609375 409.1694030761719 898.8997802734375 
603
0 63.92778015136719 682.9774780273438 410.88214111328125 898.3563232421875 
604
0 63.8759765625 682.9212036132812 410.978759765625 899.3738403320312 
605
0 64.70291137695312 683.3909912109375 411.84832763671875 900.4000244140625 
606
0 66.38052368164062 682.6222534179688 412.3195495605469 900.9673461914062 
607
0 66.65817260742188 682.99267578125 413.138427734375 901.1481323242188 
608
0 67.28921508789062 682.6805419921875 412.6789245605469 900.6097412109375 
609
0 67.87127685546875 683.2404174804688 412.4042053222656 900.2734985351562 
610
0 68.21806335449219 682.8456420898438 413.1016845703125 899.2735595703125 
611
0 68.16432189941406 683.1461791992188 414.3514404296875 900.1655883789062 
612
0 68.23155212402344 685.5288696289062 413.07049560546875 900.7371826171875 
613
0 68.68278503417969 687.020263671875 412.1604919433594 901.899658203125 
614
0 68.19488525390625 687.424072265625 411.9021301269531 902.7777099609375 
615
0 68.13758850097656 688.0781860351562 411.43182373046875 902.7330322265625 
616
0 68.44155883789062 688.2952880859375 411.1611633300781 902.07080078125 
617
0 68.0125732421875 661.2781372070312 411.3603515625 902.26708984375 
618
0 67.3900146484375 692.3322143554688 409.4237060546875 904.8524169921875 
619
0 66.84390258789062 693.2054443359375 410.47637939453125 905.9656982421875 
620
0 67.01356506347656 694.1946411132812 409.6358337402344 906.8885498046875 
621
0 66.87405395507812 694.9544677734375 408.893798828125 906.39697265625 
0 66.29104614257812 695.048583984375 407.78680419921875 907.1398315429688 
622
0 65.24711608886719 696.4940795898438 408.1370849609375 906.802734375 
623
0 63.8187255859375 696.911376953125 405.8763427734375 907.6940307617188 
624
0 62.47210693359375 698.1043701171875 405.0829162597656 905.3408813476562 
3 61.06243896484375 696.2089233398438 404.640869140625 980.056640625 
625
0 61.50372314453125 697.8222045898438 403.2410888671875 908.7545166015625 
626
0 60.22296142578125 700.1737670898438 401.52166748046875 905.3952026367188 
3 58.896820068359375 692.052978515625 403.15887451171875 981.2020874023438 
627
0 59.28630065917969 668.7398681640625 401.1944274902344 911.7133178710938 
628
0 57.61456298828125 701.3914184570312 401.4676818847656 913.3031616210938 
629
0 57.2232666015625 669.6939697265625 400.2315979003906 913.9037475585938 
630
0 56.238525390625 672.3099365234375 399.3618469238281 913.1915893554688 
631
0 54.63043212890625 702.8489990234375 398.9134826660156 916.0424194335938 
632
0 53.97093200683594 703.2488403320312 394.7003173828125 915.58056640625 
633
0 53.87004089355469 675.266845703125 395.1137390136719 916.1695556640625 
634
0 52.768951416015625 682.9656982421875 394.670654296875 915.6795654296875 
635
0 50.529571533203125 702.5307006835938 393.79345703125 917.5863037109375 
636
0 50.05973815917969 703.6278076171875 392.76959228515625 918.517578125 
637
0 49.4669189453125 704.7057495117188 392.5029296875 918.2758178710938 
638
0 48.573486328125 706.2333984375 391.32794189453125 918.8634033203125 
639
0 47.52641296386719 704.4192504882812 392.6109313964844 920.0966186523438 
640
0 47.128509521484375 702.6611328125 389.7632751464844 919.1664428710938 
641
0 45.79632568359375 707.7584838867188 385.9785461425781 921.3346557617188 
642
0 45.0760498046875 709.0018920898438 386.4080810546875 922.6627807617188 
643
0 43.795654296875 709.2815551757812 385.0817565917969 923.2177734375 
644
0 42.86781311035156 709.1824340820312 384.6903076171875 923.7011108398438 
645
0 42.05755615234375 708.0598754882812 383.8965148925781 922.974609375 
646
0 41.835113525390625 704.9174194335938 382.0133361816406 923.0964965820312 
647
0 41.545013427734375 710.3587036132812 381.6649475097656 924.5913696289062 
648
0 40.13658142089844 685.2033081054688 380.952880859375 926.2122802734375 
649
0 39.27226257324219 688.591064453125 379.9360046386719 929.4171752929688 
650
0 39.156982421875 701.5195922851562 379.33892822265625 932.9017944335938 
651
0 38.577301025390625 705.643310546875 378.0064697265625 927.3274536132812 
652
0 38.138519287109375 715.7945556640625 376.17315673828125 925.8145751953125 
653
0 37.240875244140625 714.946044921875 375.529296875 926.5918579101562 
654
0 36.469329833984375 713.7023315429688 376.2201843261719 926.6947631835938 
655
0 35.786590576171875 705.4279174804688 376.78192138671875 927.4412231445312 
656
0 35.064727783203125 706.6504516601562 375.3815002441406 929.2255249023438 
657
0 34.6937255859375 718.4027709960938 373.9071044921875 928.9666748046875 
658
0 33.707489013671875 715.4092407226562 372.77044677734375 929.4337768554688 
659
0 31.935043334960938 719.2701416015625 372.2620849609375 930.8178100585938 
660
661
0 30.046920776367188 701.7749633789062 370.79681396484375 930.9149169921875 
662
0 28.486053466796875 724.0203247070312 370.2888488769531 931.380615234375 
663
664
0 26.370086669921875 712.19677734375 368.78863525390625 936.331787109375 
665
0 24.940109252929688 700.1510009765625 366.0135803222656 937.3653564453125 
666
0 23.5645751953125 720.3057250976562 365.50146484375 938.9638671875 
667
0 22.987106323242188 726.3299560546875 365.1041564941406 939.329833984375 
668
0 21.35650634765625 700.7620239257812 363.787353515625 941.6978759765625 
669
0 20.0509033203125 701.8311767578125 362.82891845703125 946.2277221679688 
670
671
672
673
0 13.612350463867188 736.551025390625 356.95355224609375 942.3053588867188 
674
675
3 11.219940185546875 740.8271484375 354.8184509277344 946.136962890625 
676
3 9.97613525390625 742.448974609375 352.6438903808594 949.3217163085938 
677
3 8.774871826171875 742.0514526367188 352.237548828125 948.2567138671875 
678
3 7.630859375 742.6839599609375 349.38726806640625 949.56689453125 
679
3 6.762054443359375 735.5960083007812 348.63787841796875 975.6098022460938 
680
3 4.48577880859375 740.90966796875 347.97845458984375 976.1342163085938 
681
3 2.7843475341796875 720.7109375 346.6827392578125 974.7518310546875 
682
3 1.3039093017578125 736.9631958007812 343.6894836425781 973.3208618164062 
683
3 0.183074951171875 750.68408203125 341.395751953125 958.10009765625 
684
685
686
687
3 0.306671142578125 761.4053344726562 333.6949157714844 951.4578857421875 
3 0.3027496337890625 761.445556640625 333.0782470703125 949.4578857421875 
3 2515.085205078125 56.41112518310547 2556.381103515625 115.13331604003906 
688
3 2510.623779296875 47.487701416015625 2554.192626953125 119.72541809082031 
3 0.69537353515625 763.4957275390625 328.76751708984375 953.09716796875 
689
690
3 2499.99365234375 49.9937744140625 2541.74365234375 108.17195129394531 
691
3 0.0 769.6475830078125 324.6075439453125 974.1896362304688 
692
3 2486.273193359375 46.09050750732422 2534.523681640625 107.46249389648438 
693
3 126.97555541992188 161.6947021484375 153.77197265625 219.77554321289062 
694
3 2481.27294921875 44.27622985839844 2522.66455078125 98.42466735839844 
695
3 2479.56494140625 42.704551696777344 2521.41064453125 101.08108520507812 
696
697
3 2471.3994140625 38.840301513671875 2511.89599609375 91.59444427490234 
698
3 2469.771240234375 39.642120361328125 2508.271728515625 94.44172668457031 
699
3 2466.9091796875 38.501251220703125 2508.8330078125 92.76704406738281 
700
3 2463.838623046875 35.8873291015625 2502.52001953125 91.45222473144531 
701
3 2460.71533203125 36.323822021484375 2497.2802734375 86.8255844116211 
702
3 2455.35107421875 34.67472839355469 2494.675537109375 97.09526062011719 
3 0.34197998046875 788.115966796875 231.5828857421875 986.1982421875 
703
3 2453.424072265625 33.74286651611328 2489.579833984375 97.29985046386719 
704
3 2450.0498046875 33.23390197753906 2487.138671875 95.73356628417969 
705
3 2447.178955078125 30.484207153320312 2483.668212890625 96.20223999023438 
706
3 2440.558837890625 30.984573364257812 2481.87158203125 91.63616943359375 
707
3 2435.6435546875 28.903289794921875 2479.125 93.05068969726562 
708
3 2438.98388671875 29.257286071777344 2477.587158203125 80.78784942626953 
709
3 2432.87841796875 27.435707092285156 2475.010986328125 89.6445541381836 
3 2454.47216796875 30.66979217529297 2499.566650390625 95.354248046875 
710
3 2434.553955078125 28.192665100097656 2474.36083984375 89.21869659423828 
711
3 2431.415771484375 28.38507080078125 2471.484375 89.33552551269531 
3 2450.807861328125 30.09941864013672 2494.570068359375 95.12867736816406 
712
3 2429.489501953125 25.60455322265625 2471.364013671875 91.83982849121094 
713
3 0.32616424560546875 797.01171875 197.9343719482422 983.3883056640625 
3 2427.21728515625 25.387405395507812 2469.05810546875 92.20535278320312 
714
3 0.25669097900390625 806.2606201171875 200.24839782714844 984.7872924804688 
715
3 2420.64794921875 24.806018829345703 2459.59423828125 82.8531265258789 
3 2443.32080078125 28.36084747314453 2483.318603515625 94.91171264648438 
716
3 2418.862060546875 26.987960815429688 2455.48828125 88.6617660522461 
3 2445.587890625 28.9671630859375 2480.947509765625 90.90743255615234 
717
718
719
720
721
722
723
724
3 2414.7509765625 16.99144744873047 2448.86083984375 69.97142028808594 
3 2383.95751953125 17.3563232421875 2420.9765625 65.71730041503906 
725
3 2378.037353515625 16.165870666503906 2413.32958984375 61.591583251953125 
726
727
728
729
730
731
732
733
734
735
736
737
738
739
740
741
742
743
744
745
746
747
748
749
750
751
752
753
754
755
756
757
758
759
760
761
762
763
764
765
766
767
768
769
770
3 2374.42529296875 10.049468994140625 2412.751220703125 64.13409423828125 
3 2331.13916015625 3.6379356384277344 2368.860595703125 56.37873840332031 
771
3 2340.46484375 6.995319366455078 2377.39111328125 61.482398986816406 
3 2384.079833984375 14.697059631347656 2419.220703125 67.75138854980469 
772
773
3 2399.084228515625 15.452827453613281 2438.43017578125 80.73005676269531 
3 2355.402587890625 9.540054321289062 2394.735595703125 66.56878662109375 
774
775
776
3 2425.145263671875 25.473278045654297 2461.75146484375 78.46550750732422 
777
3 2386.050537109375 20.489543914794922 2425.69921875 77.98136138916016 
778
3 2390.606201171875 21.494945526123047 2434.459228515625 82.17627716064453 
3 2436.738525390625 32.90992736816406 2478.52490234375 94.2806396484375 
779
3 2403.05224609375 20.13373565673828 2444.488037109375 83.00057983398438 
3 2445.410888671875 33.08427429199219 2488.639892578125 99.32638549804688 
780
781
3 2425.42041015625 33.2386474609375 2463.88525390625 90.43334197998047 
3 2467.90673828125 42.17388916015625 2508.11279296875 95.22325134277344 
782
783
784
3 2458.132568359375 41.67362976074219 2498.620849609375 102.84878540039062 
785
786
787
788
789
3 0.267303466796875 722.1533203125 338.2950134277344 943.34326171875 
790
3 2.7666778564453125 737.4444580078125 343.857421875 950.93408203125 
791
3 7.016021728515625 738.6771240234375 349.04180908203125 977.8892211914062 
792
793
794
0 23.0836181640625 720.6918334960938 362.76116943359375 936.8240356445312 
795
0 27.10693359375 720.946533203125 366.00970458984375 935.5504760742188 
796
0 30.976715087890625 721.2352294921875 368.5576171875 932.68408203125 
797
0 33.749786376953125 721.3978881835938 369.76202392578125 930.5971069335938 
798
0 35.42036437988281 700.20361328125 372.0103759765625 927.867431640625 
799
0 37.13348388671875 718.3095703125 373.7214660644531 928.0585327148438 
800
0 38.65985107421875 714.9361572265625 375.1166687011719 925.99853515625 
801
0 40.346649169921875 714.1343994140625 385.59027099609375 925.60693359375 
802
0 41.1746826171875 699.0228881835938 383.1136169433594 924.875244140625 
803
0 40.59913635253906 715.0441284179688 379.99017333984375 923.3399658203125 
804
0 39.2607421875 711.562255859375 381.0355224609375 923.009521484375 
805
0 36.59033203125 712.0396728515625 382.0836181640625 923.4266357421875 
806
0 34.624969482421875 700.9671630859375 381.0696105957031 922.3286743164062 
807
0 29.6583251953125 702.1910400390625 382.1052551269531 929.5579223632812 
808
0 25.546951293945312 712.6226196289062 378.85369873046875 927.3174438476562 
809
0 21.76031494140625 710.96533203125 377.85406494140625 926.1032104492188 
810
0 18.786880493164062 700.180908203125 377.99420166015625 927.5792236328125 
811
812
0 13.578933715820312 698.0848388671875 373.6446533203125 926.0508422851562 
813
0 11.96893310546875 698.738037109375 369.2643737792969 928.402099609375 
814
815
3 9.185653686523438 732.6616821289062 359.0898132324219 933.975341796875 
816
0 7.1011810302734375 734.9305419921875 358.9881286621094 942.1801147460938 
817
3 2.9942779541015625 735.6572265625 352.615966796875 949.3373413085938 
818
819
820
821
822
3 0.0 748.9685668945312 222.064697265625 885.5072631835938 
823
3 0.942596435546875 751.9059448242188 219.85525512695312 885.8902587890625 
824
3 0.0 752.6871337890625 226.4582977294922 887.678955078125 
3 1.309173583984375 752.9674072265625 207.53538513183594 886.2191772460938 
825
3 1.1223373413085938 754.8045654296875 206.42160034179688 890.5172119140625 
826
3 0.9840621948242188 756.571533203125 204.5702362060547 893.0222778320312 
827
828
3 0.432098388671875 761.3182373046875 341.6451110839844 949.9307250976562 
829
830
831
3 0.0719451904296875 761.8275756835938 341.80694580078125 947.1793212890625 
832
3 0.2044677734375 729.37890625 342.552978515625 947.5027465820312 
833
3 0.27178955078125 760.2654418945312 343.219970703125 948.1376953125 
834
3 0.44061279296875 763.0512084960938 343.596923828125 946.768798828125 
835
3 0.24261474609375 762.8150024414062 343.8026123046875 946.05126953125 
836
837
838
839
840
841
842
3 0.4884033203125 761.5459594726562 189.78863525390625 887.2015380859375 
843
844
3 0.45050048828125 737.9412841796875 345.78204345703125 958.2889404296875 
845
3 0.157440185546875 700.4525756835938 345.3965148925781 953.7794189453125 
846
847
848
849
850
851
852
853
854
855
3 1.080657958984375 764.2354125976562 337.48248291015625 944.9150390625 
856
3 1.0743560791015625 764.4176635742188 335.5113525390625 942.795166015625 
857
3 1.134307861328125 763.5087890625 335.171875 940.2317504882812 
858
3 1.366241455078125 761.68359375 332.9226379394531 935.4508056640625 
859
3 1.21453857421875 759.97119140625 333.1546630859375 930.2376098632812 
860
861
862
863
864
865
866
867
868
869
870
871
872
873
874
875
876
877
878
879
880
3 1.1645965576171875 729.3110961914062 172.10009765625 859.3619384765625 
881
3 1.2667007446289062 728.8384399414062 174.30349731445312 862.0333251953125 
882
3 1.1410446166992188 726.0833740234375 174.47732543945312 863.952880859375 
883
884
885
886
887
3 0.1596221923828125 716.1029663085938 324.64520263671875 914.97802734375 
888
3 0.0 714.6141967773438 326.8721618652344 915.3003540039062 
889
3 0.4191741943359375 714.241455078125 326.4019470214844 919.2455444335938 
890
3 0.0 712.747802734375 325.97210693359375 920.55419921875 
891
3 0.0 712.0232543945312 324.1541748046875 915.0589599609375 
892
3 0.0 712.164306640625 323.9217834472656 916.860107421875 
893
3 0.0 711.3976440429688 324.41748046875 911.730712890625 
894
3 0.01617431640625 711.2251586914062 325.87200927734375 913.3793334960938 
895
3 0.0 711.3929443359375 325.59722900390625 921.7078857421875 
896
3 0.144439697265625 710.1181640625 325.27337646484375 907.4151611328125 
897
3 0.09234619140625 710.0120849609375 325.747802734375 911.2127075195312 
898
3 0.347015380859375 710.4827880859375 323.90960693359375 908.275634765625 
899
3 0.48779296875 711.289794921875 324.7567138671875 905.2267456054688 
900
3 0.172149658203125 711.8261108398438 324.020751953125 919.196533203125 
901
3 0.4306640625 712.930908203125 321.99371337890625 917.8528442382812 
902
3 0.42877197265625 713.1693725585938 315.6492919921875 916.6093139648438 
903
3 0.429656982421875 713.695068359375 320.8297424316406 920.5225830078125 
904
905
3 0.89630126953125 715.526123046875 317.33404541015625 917.5362548828125 
906
3 0.2933502197265625 716.2528686523438 317.3846435546875 913.805908203125 
907
3 0.71826171875 717.328857421875 315.8192138671875 915.281982421875 
908
909
910
911
912
913
914
915
916
917
918
919
920
921
922
923
924
925
926
927
928
929
930
931
932
933
934
935
936
937
938
939
940
941
942
943
944
945
946
947
948
949
950
951
3 1.4638671875 749.7199096679688 300.6048583984375 927.3027954101562 
3 0.28045654296875 694.140869140625 300.3034362792969 927.574951171875 
952
953
954
955
956
957
958
959
960
961
962
963
964
965
966
967
968
969
970
3 1.19573974609375 757.2965087890625 290.96893310546875 937.925537109375 
971
3 1.492095947265625 757.5772705078125 287.45452880859375 938.6980590820312 
972
3 0.700439453125 701.3698120117188 286.4967346191406 938.6253662109375 
973
3 1.34033203125 758.33154296875 285.9985656738281 937.9209594726562 
974
3 1.109619140625 761.73486328125 285.25762939453125 939.797119140625 
975
3 0.6053009033203125 704.96337890625 278.87646484375 945.8275146484375 
976
977
978
3 0.0640411376953125 705.9011840820312 283.48187255859375 940.6328125 
979
3 0.420196533203125 705.7461547851562 284.12353515625 940.1278076171875 
980
981
982
3 0.7498931884765625 765.5603637695312 282.912353515625 948.4715576171875 
983
3 0.7763671875 764.9213256835938 282.671875 940.7762451171875 
984
3 0.963165283203125 765.0778198242188 282.013671875 940.2940673828125 
985
3 0.90692138671875 764.3563842773438 283.2764587402344 941.7191772460938 
986
3 0.9438018798828125 764.125244140625 282.9627685546875 940.4266967773438 
3 0.1331787109375 706.3197631835938 283.94189453125 940.4473876953125 
987
3 0.70501708984375 764.1148681640625 284.0098876953125 940.3639526367188 
988
3 0.021759033203125 707.0521240234375 283.9970703125 941.232177734375 
3 0.8842620849609375 764.6688842773438 282.98577880859375 941.0164794921875 
989
3 0.9578094482421875 764.2251586914062 284.1016845703125 940.455078125 
990
3 0.877044677734375 764.9103393554688 283.6920166015625 941.8883056640625 
3 0.127716064453125 707.1054077148438 284.58203125 943.0828247070312 
991
3 0.826873779296875 764.4677734375 285.08355712890625 969.58349609375 
3 0.6994857788085938 764.8046264648438 285.03729248046875 969.768310546875 
3 1.320831298828125 765.1784057617188 284.3297424316406 938.3743896484375 
992
3 0.52301025390625 707.776123046875 283.4805908203125 944.1870727539062 
993
3 0.31695556640625 707.0733032226562 284.1040344238281 948.3668823242188 
994
3 0.6383819580078125 707.4813232421875 284.01708984375 970.1590576171875 
995
3 0.3925933837890625 703.832763671875 283.4584045410156 967.832763671875 
3 0.581268310546875 707.7184448242188 282.92291259765625 956.1253662109375 
996
3 0.819488525390625 766.9468383789062 282.89434814453125 945.8955078125 
997
3 0.464996337890625 767.258544921875 281.2786560058594 972.4957275390625 
998
999
3 0.6915130615234375 707.8873901367188 279.93157958984375 971.5252075195312 
1000
3 0.615936279296875 711.5923461914062 281.6321105957031 970.9969482421875 
1001
3 0.467071533203125 770.6287231445312 274.1293640136719 947.9216918945312 
1002
3 0.36379241943359375 771.135009765625 273.8837890625 971.5155029296875 
1003
3 0.195343017578125 771.5894165039062 274.9375 971.6866455078125 
1004
3 0.370574951171875 771.3914794921875 276.85577392578125 971.5509033203125 
1005
1006
3 0.64654541015625 773.4539794921875 268.4155578613281 964.8379516601562 
1007
1008
1009
1010
3 0.40765380859375 778.5648193359375 258.0166015625 950.5732421875 
1011
1012
3 0.858551025390625 780.1119995117188 258.4844970703125 945.0158081054688 
1013
3 0.8960342407226562 782.7823486328125 253.53993225097656 943.9446411132812 
1014
3 0.3608245849609375 783.6126098632812 251.24224853515625 965.614501953125 
1015
3 0.3795318603515625 783.6165771484375 251.49606323242188 958.6158447265625 
1016
1017
1018
3 0.6046142578125 790.498046875 244.1790771484375 968.5577392578125 
3 2438.058349609375 28.864540100097656 2479.59716796875 88.26858520507812 
3 2468.66259765625 36.8753662109375 2506.19140625 93.0250244140625 
1019
1020
3 2429.55029296875 31.563262939453125 2469.208984375 80.07086181640625 
3 0.46453857421875 794.658203125 238.85511779785156 970.3623657226562 
1021
3 0.4122314453125 797.245849609375 238.63067626953125 976.5866088867188 
1022
3 0.5418472290039062 798.6824340820312 237.11102294921875 968.5411376953125 
1023
3 2450.705078125 32.35572052001953 2487.203857421875 90.72645568847656 
1024
1025
3 2449.7265625 26.843299865722656 2483.56884765625 75.55604553222656 
3 0.589935302734375 804.2725219726562 235.7052001953125 972.0860595703125 
1026
3 2410.374755859375 25.946178436279297 2451.16943359375 76.45704650878906 
1027
3 0.5432281494140625 808.2415771484375 234.11732482910156 978.6957397460938 
3 2406.463623046875 23.62751007080078 2449.43798828125 77.06846618652344 
3 2431.949951171875 22.709278106689453 2479.77197265625 89.6080322265625 
3 2445.947998046875 22.618572235107422 2480.87255859375 78.4921875 
1028
1029
1030
1031
1032
1033
1034
1035
1036
1037
1038
1039
1040
1041
1042
1043
1044
1045
1046
1047
1048
3 0.4569549560546875 825.1060791015625 217.33062744140625 980.85107421875 
1049
3 0.7065582275390625 828.4288330078125 214.90155029296875 980.8377685546875 
1050
1051
1052
1053
1054
3 0.623046875 834.1303100585938 207.47665405273438 981.9473266601562 
1055
3 0.6849822998046875 835.4146728515625 205.62994384765625 980.4066162109375 
1056
1057
1058
1059
1060
1061
1062
1063
3 0.490478515625 849.9154052734375 196.6712646484375 983.1747436523438 
1064
3 0.35318756103515625 850.68408203125 196.729248046875 983.8065185546875 
1065
1066
1067
1068
1069
1070
1071
3 0.4211578369140625 850.9610595703125 194.13095092773438 983.6121826171875 
1072
1073
1074
1075
1076
1077
1078
1079
1080
1081
1082
1083
1084
1085
1086
1087
1088
1089
1090
1091
1092
1093
1094
1095
1096
1097
1098
1099
1100
1101
1102
1103
1104
1105
1106
1107
1108
1109
1110
1111
1112
1113
1114
1115
1116
1117
1118
1119
1120
1121
1122
1123
1124
1125
1126
1127
1128
1129
1130
1131
1132
1133
1134
1135
1136
1137
1138
1139
3 2399.9677734375 27.458541870117188 2441.42236328125 78.924072265625 
1140
3 2416.29345703125 30.176055908203125 2453.43603515625 84.78424835205078 
3 2444.81689453125 32.81536102294922 2482.891845703125 96.37574768066406 
1141
1142
1143
3 0.217926025390625 827.5927734375 236.04916381835938 983.1874389648438 
1144
3 2461.48779296875 47.78680419921875 2507.654052734375 101.97987365722656 
1145
1146
1147
1148
1149
1150
3 0.3812255859375 762.0731811523438 368.91387939453125 971.6271362304688 
1151
3 9.477066040039062 750.7701416015625 380.8369140625 972.1395263671875 
1152
0 22.34698486328125 741.5362548828125 394.7718505859375 966.39697265625 
1153
3 33.50730895996094 733.228515625 407.29608154296875 970.4974365234375 
1154
3 46.099853515625 723.80615234375 420.1462707519531 969.9622192382812 
1155
3 61.69309997558594 714.5938720703125 432.7513427734375 975.2446899414062 
1156
2 73.49642944335938 703.765625 446.7421875 977.3568725585938 
1157
2 88.97633361816406 696.2857666015625 456.7559814453125 980.64208984375 
1158
0 104.06968688964844 686.1766357421875 468.94970703125 958.742431640625 
1159
0 119.11383056640625 677.6026611328125 479.1011657714844 904.68994140625 
1160
2 126.00263977050781 670.554443359375 487.20989990234375 986.9798583984375 
1161
0 146.43141174316406 662.65087890625 495.83062744140625 893.0499267578125 
1162
0 160.51437377929688 656.0133666992188 505.8354187011719 888.926513671875 
1163
0 167.4559783935547 645.780517578125 516.999267578125 892.6533813476562 
1164
0 167.29246520996094 639.87841796875 530.0194702148438 966.4921875 
1165
0 179.24212646484375 631.507568359375 542.7301025390625 957.8008422851562 
1166
0 225.01702880859375 624.7220458984375 547.6163330078125 858.6832275390625 
1167
0 198.7301788330078 616.0697021484375 558.9481811523438 947.0009155273438 
0 223.22341918945312 616.4254760742188 557.9111328125 859.855712890625 
1168
1 251.15829467773438 609.2513427734375 567.5906982421875 851.8817138671875 
1169
1 266.55316162109375 602.7357177734375 579.3341674804688 836.8978271484375 
1170
1 279.64208984375 596.6932983398438 590.6944580078125 834.9091796875 
1171
1 293.5264892578125 590.5711669921875 599.2322387695312 828.0134887695312 
1172
1 306.357666015625 583.7220458984375 608.7274780273438 823.4459228515625 
1173
1 319.30889892578125 578.0001831054688 616.204833984375 819.64453125 
1174
1 332.03045654296875 572.7325439453125 626.1690063476562 823.348388671875 
1175
1 344.32550048828125 567.32470703125 638.9170532226562 814.1828002929688 
1176
1 357.3993835449219 562.3411865234375 645.6659545898438 812.9647216796875 
1177
1 369.8373718261719 557.1578979492188 656.7176513671875 806.2162475585938 
1178
1 381.9908752441406 551.3652954101562 664.8427734375 791.467041015625 
1179
1 395.06231689453125 546.7513427734375 676.7606201171875 797.6640014648438 
1 393.3816223144531 546.79296875 676.4091796875 797.649169921875 
1180
1 404.8502197265625 542.3237915039062 684.142822265625 783.0487670898438 
1181
1 416.9855651855469 537.4558715820312 694.744140625 787.7720336914062 
1182
1 426.6488037109375 533.9546508789062 704.5866088867188 787.93359375 
1183
1 438.1238708496094 528.9044799804688 713.7399291992188 784.8060302734375 
1184
1 448.0013427734375 524.9015502929688 722.5690307617188 778.50927734375 
1185
1 457.6562194824219 520.7308349609375 732.0977172851562 775.45068359375 
1186
1 468.5489196777344 516.1978149414062 739.50146484375 766.4669189453125 
1187
1 478.4476623535156 513.9519653320312 750.2506103515625 771.0917358398438 
1188
1 489.6964111328125 510.00762939453125 757.8455810546875 767.259521484375 
1189
1 498.7044982910156 507.8348388671875 767.8969116210938 758.5584106445312 
1190
1 507.16839599609375 504.77264404296875 774.361328125 758.915283203125 
1191
1 516.3739013671875 501.0216064453125 787.5189208984375 761.4141845703125 
1192
1 524.7510986328125 496.8770751953125 792.09423828125 752.83349609375 
1193
1 532.996826171875 495.7276611328125 801.46240234375 755.1411743164062 
1194
1 541.2269287109375 491.798583984375 806.3226928710938 751.4889526367188 
1195
1 550.4887084960938 489.404296875 816.2439575195312 751.018310546875 
1196
1 557.8013305664062 486.044189453125 823.7311401367188 744.5213012695312 
1197
1 564.752685546875 483.6075439453125 830.9609985351562 743.042236328125 
1198
1 570.0198974609375 481.233642578125 836.673095703125 738.2293090820312 
1199
2 572.661376953125 479.59112548828125 841.1384887695312 726.9002685546875 
1200
1 576.4406127929688 477.95672607421875 844.8196411132812 736.6951904296875 
1201
2 578.1878051757812 475.96575927734375 851.4842529296875 722.6600952148438 
1202
2 579.8253173828125 474.343017578125 853.5903930664062 722.448486328125 
1203
2 580.734619140625 472.6629333496094 855.0093994140625 722.2664184570312 
1204
2 582.1898193359375 471.9737548828125 859.4437866210938 734.7076416015625 
1205
1 581.9352416992188 471.86553955078125 859.2246704101562 737.14892578125 
1206
2 581.909423828125 471.8460388183594 866.7507934570312 735.4886474609375 
1207
2 579.5570678710938 473.101318359375 851.5103759765625 732.3367309570312 
1208
2 575.6448974609375 473.38214111328125 849.0684204101562 732.6939086914062 
1209
2 571.2559814453125 474.242919921875 847.0769653320312 731.8028564453125 
1210
2 566.5587768554688 475.3399353027344 838.3247680664062 733.746826171875 
1211
2 561.0330810546875 477.797119140625 834.7168579101562 732.7392578125 
1212
2 554.341796875 479.2130126953125 836.4563598632812 733.8137817382812 
2 554.968017578125 479.115234375 835.635986328125 734.0176391601562 
1213
1 550.2008056640625 481.7353515625 836.0802612304688 739.6873779296875 
1214
2 543.6796875 484.4281005859375 837.63671875 735.6982421875 
1215
1 535.992431640625 487.259765625 837.0414428710938 744.663818359375 
3 1740.094970703125 54.7486572265625 1763.012939453125 90.917236328125 
1216
1 527.3338623046875 490.31524658203125 830.62255859375 747.1098022460938 
3 1735.34912109375 49.01280212402344 1762.8543701171875 90.55121612548828 
1217
1 520.0718994140625 495.343017578125 831.7572021484375 740.08740234375 
1218
1 510.6558837890625 499.820556640625 830.388916015625 740.4807739257812 
1219
1 502.3538513183594 505.358642578125 828.056640625 755.21630859375 
1220
1 489.1226806640625 511.46124267578125 823.2073974609375 754.6585693359375 
1221
1 480.1881103515625 517.1893310546875 814.7752075195312 757.6203002929688 
1222
1 468.8573303222656 521.0258178710938 802.2407836914062 759.8379516601562 
1223
1 457.306396484375 526.5274658203125 667.788818359375 755.3486938476562 
1224
1 447.07958984375 532.4508666992188 665.1498413085938 761.0408325195312 
1225
1 436.5715637207031 536.4279174804688 676.0780029296875 755.2735595703125 
1226
1 425.59130859375 540.4236450195312 660.03955078125 759.3121337890625 
1227
1 417.64202880859375 543.199462890625 656.8346557617188 762.4154663085938 
1228
1 407.1796569824219 544.772216796875 651.63427734375 761.255126953125 
1229
1 395.08612060546875 544.9725341796875 659.6814575195312 779.5913696289062 
1230
0 385.0408020019531 545.7013549804688 639.1453247070312 868.9883422851562 
1231
0 374.4599304199219 546.5123901367188 814.3106079101562 883.5203857421875 
0 373.6847839355469 545.668701171875 633.1011962890625 879.5899047851562 
1232
0 361.114013671875 548.0177001953125 628.173828125 887.5972290039062 
1233
0 350.2048645019531 549.9944458007812 624.1226806640625 899.3375854492188 
1234
0 339.3622741699219 553.3392944335938 615.0247802734375 877.7188720703125 
1235
0 329.50439453125 557.654541015625 606.7291870117188 876.137939453125 
1236
0 317.9778137207031 562.989990234375 597.469970703125 888.7280883789062 
1237
0 309.353271484375 567.7291870117188 593.662841796875 881.0043334960938 
1 309.3171691894531 568.6591796875 591.99072265625 796.2857666015625 
1238
0 297.6605224609375 574.5411376953125 590.6599731445312 897.0667114257812 
1239
0 285.83099365234375 583.183349609375 684.0963745117188 899.25537109375 
0 284.2018127441406 582.9443359375 586.3709716796875 897.7900390625 
1240
0 271.0949401855469 588.3134765625 580.59912109375 902.883544921875 
1241
0 259.2818603515625 595.8868408203125 587.1492919921875 901.6967163085938 
1242
0 245.67929077148438 604.5767822265625 562.0084838867188 902.69287109375 
1243
0 233.52041625976562 612.8199462890625 557.6024169921875 903.4405517578125 
1244
0 218.578125 620.276123046875 549.2006225585938 922.0264892578125 
1245
0 205.14810180664062 627.64501953125 540.2149658203125 932.4004516601562 
1246
0 192.80494689941406 634.371826171875 579.702880859375 911.345947265625 
1247
0 179.57498168945312 641.0584716796875 575.4130249023438 918.5971069335938 
1248
0 166.57537841796875 647.7066650390625 513.0570068359375 949.411865234375 
0 165.49435424804688 647.215576171875 512.8497314453125 949.671875 
0 165.8195343017578 647.7666015625 411.0325927734375 945.5218505859375 
1249
0 152.13653564453125 655.3458862304688 505.57330322265625 949.0451049804688 
0 152.52719116210938 655.2979125976562 393.7370910644531 938.3992919921875 
1250
0 137.9482879638672 661.2653198242188 569.7486572265625 942.0001831054688 
1251
0 124.35960388183594 669.4252319335938 487.6795959472656 938.3035888671875 
1252
0 112.46853637695312 673.8628540039062 561.8555297851562 946.3094482421875 
0 112.75027465820312 674.9765625 560.958740234375 945.6607666015625 
1253
0 101.22811889648438 682.1151123046875 470.9211120605469 930.2113037109375 
3 100.51643371582031 682.0443725585938 362.7665100097656 918.362060546875 
1254
1255
0 76.31059265136719 694.9764404296875 448.0760803222656 919.967041015625 
1256
0 62.78936767578125 703.36376953125 436.7144470214844 941.5526733398438 
3 65.42158508300781 703.0439453125 315.753173828125 935.0904541015625 
1257
3 51.62477111816406 711.9048461914062 304.2232360839844 939.3604125976562 
1258
0 39.60852813720703 722.9627075195312 418.3908996582031 945.72412109375 
1259
0 27.0177001953125 733.8994750976562 408.07281494140625 935.928466796875 
1260
0 14.9964599609375 743.5131225585938 398.1832275390625 956.728271484375 
1261
0 3.3519744873046875 755.6199951171875 381.8446350097656 965.8194580078125 
3 2.7078323364257812 753.488037109375 251.466796875 966.2777099609375 
1262
1263
3 0.32485198974609375 777.3433837890625 234.80557250976562 981.171875 
1264
1265
3 2.1470260620117188 816.0206298828125 187.77023315429688 971.122314453125 
1266
3 0.0 828.018798828125 178.66616821289062 969.7730102539062 
1267
1268
1269
1270
1271
1272
1273
1274
1275
1276
1277
3 2410.243896484375 14.052024841308594 2449.29736328125 80.63462829589844 
1278
1279
1280
1281
1282
1283
1284
1285
1286
1287
1288
1289
1290
1291
1292
1293
1294
1295
1296
1297
1298
1299
1300
1301
1302
1303
1304
1305
1306
1307
1308
1309
1310
1311
1312
1313
1314
1315
1316
1317
1318
1319
